baseline value,accelerations,fetal_movement,uterine_contractions,light_decelerations,severe_decelerations,prolongued_decelerations,abnormal_short_term_variability,mean_value_of_short_term_variability,percentage_of_time_with_abnormal_long_term_variability,mean_value_of_long_term_variability,histogram_width,histogram_min,histogram_max,histogram_number_of_peaks,histogram_number_of_zeroes,histogram_mode,histogram_mean,histogram_median,histogram_variance,histogram_tendency,target
120.0,0.0,0.0,0.0,0.0,0.0,0.0,73.0,0.5,43.0,2.4,64.0,62.0,126.0,2.0,0.0,120.0,137.0,121.0,73.0,1.0,2.0
132.0,0.005,0.0,0.006,0.003,0.0,0.0,17.0,2.1,0.0,10.4,130.0,68.0,198.0,6.0,0.5699688092250241,141.0,136.0,140.0,12.0,0.0,1.0
133.0,0.003,0.0,0.008,0.003,0.0,0.0,16.0,2.1,0.0,13.4,130.0,68.0,198.0,5.0,0.5699688092250241,141.0,135.0,138.0,13.0,0.0,1.0
134.0,0.003,0.0,0.008,0.003,0.0,0.0,16.0,2.4,0.0,17.555315838805065,117.0,53.0,170.0,11.0,0.0,137.0,134.0,137.0,13.0,1.0,1.0
132.0,0.005,0.0,0.008,0.0,0.0,0.0,16.0,2.4,0.0,17.555315838805065,117.0,53.0,170.0,9.0,0.0,137.0,136.0,138.0,11.0,1.0,1.0
134.0,0.001,0.0,0.01,0.007500000000000001,0.0,0.0,26.0,3.8999999999999995,0.0,0.0,150.0,50.0,200.0,5.0,0.5699688092250241,89.06103488156756,107.0,107.0,76.0,0.0,3.0
134.0,0.001,0.0,0.013,0.007500000000000001,0.0,0.0,29.0,3.8999999999999995,0.0,0.0,150.0,50.0,200.0,6.0,0.5699688092250241,89.06103488156756,107.0,106.0,76.0,0.0,3.0
122.0,0.0,0.0,0.0,0.0,0.0,0.0,83.0,0.5,6.0,15.6,68.0,62.0,130.0,0.0,0.0,122.0,122.0,123.0,3.0,1.0,3.0
122.0,0.0,0.0,0.002,0.0,0.0,0.0,84.0,0.5,5.0,13.6,68.0,62.0,130.0,0.0,0.0,122.0,122.0,123.0,3.0,1.0,3.0
122.0,0.0,0.0,0.003,0.0,0.0,0.0,86.0,0.3,6.0,10.6,68.0,62.0,130.0,1.0,0.0,122.0,122.0,123.0,1.0,1.0,3.0
151.0,0.0,0.0,0.001,0.001,0.0,0.0,64.0,1.9,9.0,17.555315838805065,130.0,56.0,186.0,2.0,0.0,150.0,148.0,151.0,9.0,1.0,2.0
150.0,0.0,0.0,0.001,0.001,0.0,0.0,64.0,2.0,8.0,17.555315838805065,130.0,56.0,186.0,5.0,0.0,150.0,148.0,151.0,10.0,1.0,2.0
131.0,0.005,0.01,0.008,0.003,0.0,0.0,28.0,1.4,0.0,12.9,66.0,88.0,154.0,5.0,0.0,135.0,134.0,137.0,7.0,1.0,1.0
131.0,0.005,0.01,0.006,0.002,0.0,0.0,28.0,1.5,0.0,5.4,87.0,71.0,158.0,2.0,0.0,141.0,137.0,141.0,10.0,1.0,1.0
130.0,0.005,0.01,0.004,0.005,0.0,0.0,21.0,2.3,0.0,7.9,107.0,67.0,174.0,7.0,0.0,143.0,125.0,135.0,76.0,0.0,1.0
130.0,0.005,0.01,0.004,0.004,0.0,0.0,19.0,2.3,0.0,8.7,107.0,67.0,174.0,3.0,0.0,134.0,127.0,133.0,43.0,0.0,1.0
130.0,0.005,0.01,0.005,0.005,0.0,0.0,24.0,2.1,0.0,10.9,125.0,53.0,178.0,5.0,0.0,143.0,128.0,138.0,70.0,1.0,1.0
131.0,0.002,0.01,0.003,0.005,0.0,0.0,18.0,2.4,0.0,13.9,107.0,67.0,174.0,5.0,0.0,134.0,125.0,132.0,45.0,0.0,2.0
130.0,0.003,0.01,0.006,0.004,0.0,0.0,23.0,1.9,0.0,8.8,99.0,59.0,158.0,6.0,0.0,133.0,124.0,129.0,36.0,1.0,1.0
130.0,0.005,0.01,0.005,0.004,0.0,0.0,29.0,1.7,0.0,7.8,112.0,65.0,177.0,6.0,0.5699688092250241,133.0,129.0,133.0,27.0,0.0,1.0
129.0,0.0,0.01,0.004,0.002,0.0,0.0,30.0,2.1,0.0,8.5,128.0,54.0,182.0,13.0,0.0,129.0,104.0,120.0,76.0,0.0,3.0
128.0,0.005,0.01,0.003,0.003,0.0,0.0,26.0,1.7,0.0,6.7,141.0,57.0,198.0,9.0,0.0,129.0,125.0,132.0,34.0,0.0,1.0
128.0,0.0,0.01,0.003,0.003,0.0,0.0,34.0,2.5,0.0,4.0,145.0,54.0,199.0,11.0,0.5699688092250241,89.06103488156756,99.0,102.0,76.0,-1.0,3.0
128.0,0.0,0.0,0.0,0.0,0.0,0.0,80.0,0.5,0.0,6.8,16.0,114.0,130.0,0.0,0.0,126.0,124.0,125.0,1.0,1.0,3.0
128.0,0.0,0.0,0.003,0.0,0.0,0.0,86.0,0.3,79.0,2.9,16.0,114.0,130.0,0.0,0.0,128.0,126.0,129.0,0.0,1.0,3.0
124.0,0.0,0.0,0.0,0.0,0.0,0.0,86.0,0.3,72.0,4.0,12.0,118.0,130.0,1.0,0.0,124.0,124.0,125.0,0.0,0.0,3.0
124.0,0.0,0.0,0.0,0.0,0.0,0.0,86.0,0.4,14.0,4.8,24.0,122.0,146.0,1.0,0.0,126.0,126.0,127.0,0.0,-1.0,3.0
124.0,0.0,0.0,0.0,0.0,0.0,0.0,87.0,0.2,71.0,3.4,10.0,118.0,128.0,0.0,0.0,124.0,123.0,125.0,0.0,0.0,3.0
132.0,0.0,0.01,0.001,0.007500000000000001,0.0,0.0,29.0,3.8999999999999995,0.0,10.5,141.0,50.0,191.0,7.0,0.5699688092250241,133.0,119.0,129.0,73.0,0.0,2.0
132.0,0.0,0.01,0.0,0.007500000000000001,0.0,0.0,26.0,3.8999999999999995,0.0,5.0,143.0,50.0,193.0,10.0,0.0,133.0,113.0,117.0,76.0,0.0,1.0
132.0,0.0,0.01,0.002,0.007500000000000001,0.0,0.0,26.0,3.8999999999999995,0.0,12.5,149.0,50.0,199.0,9.0,0.0,133.0,120.0,126.0,56.0,0.0,1.0
132.0,0.0,0.01,0.004,0.007500000000000001,0.0,0.0,22.0,3.8999999999999995,0.0,6.3,149.0,50.0,199.0,10.0,0.0,123.0,112.0,115.0,66.0,0.0,1.0
132.0,0.0,0.01,0.001,0.007500000000000001,0.0,0.0,29.0,2.9,0.0,15.1,144.0,50.0,194.0,11.0,0.5699688092250241,133.0,124.0,130.0,35.0,0.0,1.0
120.0,0.005,0.01,0.001,0.001,0.0,0.0,28.0,3.4,0.0,17.555315838805065,126.0,55.0,181.0,13.0,0.0,121.0,124.0,126.0,25.0,0.0,1.0
120.0,0.005,0.01,0.002,0.002,0.0,0.0,28.0,3.2,0.0,12.4,128.0,53.0,181.0,9.0,0.5699688092250241,129.0,125.0,127.0,25.0,0.0,1.0
120.0,0.005,0.01,0.007,0.0,0.0,0.0,27.0,3.7,0.0,17.555315838805065,144.0,51.0,195.0,11.0,0.0,125.0,124.0,126.0,24.0,0.0,1.0
115.0,0.005,0.01,0.005,0.003,0.0,0.0,23.0,3.4,0.0,17.555315838805065,130.0,52.0,182.0,9.0,0.0,119.0,116.0,118.0,21.0,0.0,1.0
114.0,0.005,0.0,0.005,0.003,0.0,0.0,24.0,3.2,0.0,16.2,134.0,52.0,186.0,8.0,0.0,117.0,115.0,117.0,19.0,0.0,1.0
115.0,0.005,0.01,0.004,0.001,0.0,0.0,22.0,3.6,0.0,17.555315838805065,138.0,50.0,188.0,8.0,0.0,117.0,117.0,119.0,21.0,0.0,1.0
115.0,0.005,0.01,0.005,0.0,0.0,0.0,27.0,2.3,0.0,12.4,129.0,53.0,182.0,7.0,0.0,119.0,120.0,120.0,14.0,0.0,1.0
114.0,0.005,0.01,0.007,0.001,0.0,0.0,28.0,2.2,0.0,12.2,98.0,55.0,153.0,7.0,0.5699688092250241,119.0,119.0,120.0,13.0,0.0,1.0
114.0,0.005,0.01,0.009,0.0,0.0,0.0,27.0,2.4,0.0,13.5,128.0,54.0,182.0,6.0,0.0,119.0,118.0,119.0,13.0,0.0,1.0
116.0,0.002,0.01,0.005,0.0,0.0,0.0,40.0,1.6,1.0,13.3,93.0,55.0,148.0,6.0,0.0,127.0,124.0,127.0,9.0,1.0,1.0
116.0,0.004,0.01,0.005,0.0,0.0,0.0,40.0,1.8,1.0,11.4,142.0,52.0,194.0,13.0,0.5699688092250241,125.0,122.0,125.0,9.0,0.0,1.0
122.0,0.0,0.01,0.003,0.005,0.0,0.0,22.0,3.8999999999999995,0.0,15.2,150.0,50.0,200.0,7.0,0.0,119.0,113.0,117.0,24.0,0.0,1.0
122.0,0.0,0.01,0.003,0.006,0.0,0.0,21.0,3.8999999999999995,0.0,15.7,150.0,50.0,200.0,8.0,0.0,116.0,112.0,117.0,23.0,0.0,1.0
122.0,0.0,0.005,0.008,0.003,0.0,0.0,17.0,3.8999999999999995,0.0,17.555315838805065,145.0,53.0,198.0,13.0,0.0,127.0,122.0,126.0,25.0,0.0,1.0
122.0,0.002,0.003,0.006,0.002,0.0,0.0,20.0,3.8999999999999995,0.0,17.555315838805065,148.0,50.0,198.0,11.0,0.0,127.0,124.0,127.0,28.0,0.0,1.0
122.0,0.003,0.006,0.006,0.006,0.0,0.0,22.0,3.8999999999999995,0.0,16.6,149.0,50.0,199.0,7.0,0.0,129.0,118.0,124.0,75.0,0.0,1.0
158.0,0.005,0.0,0.008,0.001,0.0,0.0,27.0,1.7,0.0,14.9,120.0,77.0,197.0,7.0,0.0,170.0,168.0,170.0,14.0,1.0,1.0
158.0,0.005,0.0,0.008,0.0,0.0,0.0,29.0,1.3,0.0,12.8,55.0,142.0,197.0,4.0,0.0,170.0,171.0,172.0,9.0,0.0,1.0
156.0,0.0,0.0,0.012,0.007500000000000001,0.0,0.0,43.0,3.8999999999999995,0.0,17.555315838805065,150.0,50.0,200.0,7.0,0.5699688092250241,151.0,142.0,152.0,72.0,1.0,1.0
156.0,0.0,0.0,0.011,0.007500000000000001,0.0,0.0,34.0,3.8999999999999995,0.0,3.3,150.0,50.0,200.0,8.0,0.0,117.0,131.0,136.0,76.0,0.0,2.0
150.0,0.0,0.001,0.0,0.001,0.0,0.0,61.0,0.5,40.0,6.2,31.0,130.0,161.0,2.0,0.0,154.0,152.0,154.0,1.0,1.0,2.0
148.0,0.0,0.003,0.0,0.0,0.0,0.0,70.0,0.3,69.0,5.1,18.0,136.0,154.0,3.0,0.0,150.0,148.0,150.0,0.0,1.0,3.0
149.0,0.0,0.0,0.0,0.002,0.0,0.0,57.0,1.2,54.0,12.8,126.0,58.0,184.0,12.0,0.5699688092250241,150.0,148.0,151.0,8.0,1.0,2.0
149.0,0.0,0.0,0.0,0.001,0.0,0.0,58.0,1.3,53.0,13.2,126.0,58.0,184.0,12.0,0.5699688092250241,150.0,148.0,151.0,8.0,1.0,2.0
146.0,0.0,0.0,0.006,0.0,0.0,0.0,39.0,0.8,38.0,5.5,18.0,148.0,166.0,1.0,0.0,154.0,155.0,156.0,1.0,0.0,1.0
148.0,0.0,0.0,0.005,0.0,0.0,0.0,41.0,0.8,29.0,6.4,20.0,143.0,163.0,1.0,0.0,154.0,153.0,154.0,0.0,0.0,1.0
144.0,0.005,0.0,0.007,0.0,0.0,0.0,33.0,1.1,0.0,6.2,100.0,78.0,178.0,5.0,0.0,149.0,152.0,152.0,8.0,1.0,1.0
146.0,0.005,0.0,0.005,0.0,0.0,0.0,39.0,0.9,18.0,5.2,44.0,134.0,178.0,5.0,0.0,154.0,154.0,155.0,4.0,0.0,1.0
146.0,0.005,0.0,0.005,0.0,0.0,0.0,39.0,0.8,21.0,5.2,28.0,143.0,171.0,2.0,0.0,154.0,153.0,154.0,1.0,0.0,1.0
142.0,0.0,0.0,0.003,0.0,0.0,0.0,25.0,1.3,0.0,11.6,26.0,130.0,156.0,0.0,0.0,147.0,145.0,147.0,2.0,0.0,1.0
136.0,0.003,0.0,0.005,0.0,0.0,0.0,24.0,1.5,0.0,11.2,111.0,74.0,185.0,11.0,0.0,140.0,140.0,141.0,2.0,0.0,1.0
141.0,0.001,0.0,0.005,0.0,0.0,0.0,25.0,1.5,0.0,13.4,103.0,74.0,177.0,10.0,0.0,142.0,143.0,144.0,4.0,1.0,1.0
150.0,0.0,0.0,0.004,0.0,0.0,0.0,40.0,0.8,37.0,5.7,18.0,143.0,161.0,1.0,0.0,153.0,153.0,154.0,0.0,0.0,1.0
138.0,0.001,0.0,0.004,0.0,0.0,0.0,44.0,1.0,20.0,11.9,99.0,81.0,180.0,9.0,0.5699688092250241,162.0,156.0,159.0,8.0,1.0,1.0
140.0,0.005,0.0,0.004,0.0,0.0,0.0,34.0,1.2,0.0,10.3,60.0,119.0,179.0,2.0,0.0,156.0,153.0,155.0,5.0,0.0,1.0
140.0,0.005,0.0,0.004,0.0,0.0,0.0,34.0,1.2,0.0,10.3,60.0,119.0,179.0,2.0,0.0,156.0,153.0,155.0,5.0,0.0,1.0
144.0,0.0,0.0,0.005,0.0,0.0,0.0,46.0,0.8,1.0,13.0,37.0,132.0,169.0,4.0,0.0,162.0,158.0,160.0,5.0,1.0,1.0
144.0,0.001,0.0,0.005,0.0,0.0,0.0,45.0,0.8,2.0,11.5,30.0,138.0,168.0,3.0,0.0,162.0,157.0,160.0,5.0,1.0,1.0
140.0,0.005,0.006,0.003,0.0,0.0,0.0,52.0,1.6,0.0,16.2,104.0,68.0,172.0,0.0,0.0,144.0,147.0,147.0,14.0,1.0,1.0
140.0,0.005,0.005,0.0,0.0,0.0,0.0,53.0,1.5,0.0,12.9,104.0,68.0,172.0,2.0,0.0,146.0,147.0,147.0,12.0,1.0,1.0
140.0,0.005,0.004,0.004,0.0,0.0,0.0,52.0,1.9,0.0,17.555315838805065,108.0,68.0,176.0,2.0,0.0,144.0,147.0,147.0,18.0,1.0,1.0
140.0,0.005,0.003,0.003,0.0,0.0,0.0,56.0,1.5,1.0,15.1,108.0,68.0,176.0,3.0,0.0,156.0,150.0,153.0,15.0,1.0,1.0
154.0,0.0,0.0,0.004,0.0,0.0,0.0,65.0,0.9,0.0,13.4,92.0,74.0,166.0,2.0,0.0,156.0,158.0,159.0,2.0,1.0,2.0
150.0,0.0,0.0,0.003,0.0,0.0,0.0,61.0,0.9,3.0,8.7,28.0,138.0,166.0,0.0,0.0,152.0,153.0,155.0,3.0,0.0,2.0
145.0,0.005,0.009,0.002,0.0,0.0,0.0,36.0,1.4,0.0,13.6,119.0,57.0,176.0,3.0,0.5699688092250241,148.0,150.0,150.0,12.0,1.0,1.0
145.0,0.003,0.003,0.001,0.0,0.0,0.0,34.0,1.7,0.0,17.555315838805065,117.0,57.0,174.0,6.0,0.5699688092250241,150.0,147.0,150.0,11.0,1.0,1.0
145.0,0.005,0.01,0.005,0.0,0.0,0.0,35.0,1.9,0.0,17.555315838805065,140.0,56.0,196.0,5.0,0.0,148.0,150.0,151.0,12.0,1.0,1.0
145.0,0.0,0.002,0.002,0.0,0.0,0.0,34.0,1.7,0.0,17.555315838805065,109.0,57.0,166.0,5.0,0.5699688092250241,150.0,147.0,150.0,10.0,1.0,1.0
145.0,0.002,0.008,0.003,0.0,0.0,0.0,40.0,1.4,0.0,17.555315838805065,140.0,56.0,196.0,9.0,0.5699688092250241,148.0,148.0,149.0,7.0,0.0,1.0
145.0,0.0,0.007,0.002,0.0,0.0,0.0,41.0,1.2,0.0,15.8,136.0,60.0,196.0,8.0,0.5699688092250241,145.0,148.0,149.0,6.0,0.0,1.0
145.0,0.005,0.008,0.002,0.0,0.0,0.0,43.0,1.5,0.0,0.0,109.0,63.0,172.0,5.0,0.0,156.0,156.0,158.0,11.0,1.0,1.0
145.0,0.005,0.01,0.001,0.0,0.0,0.0,41.0,1.1,0.0,11.4,125.0,62.0,187.0,4.0,0.0,167.0,164.0,166.0,11.0,1.0,1.0
145.0,0.005,0.01,0.001,0.0,0.0,0.0,40.0,1.1,0.0,1.2,113.0,73.0,186.0,4.0,0.0,165.0,163.0,165.0,11.0,1.0,1.0
145.0,0.005,0.0,0.002,0.0,0.0,0.0,41.0,1.8,0.0,17.555315838805065,117.0,50.0,167.0,4.0,0.0,154.0,151.0,154.0,16.0,1.0,1.0
139.0,0.0,0.01,0.0,0.002,0.0,0.0,38.0,1.5,0.0,13.3,134.0,53.0,187.0,5.0,0.0,133.0,136.0,138.0,6.0,0.0,1.0
139.0,0.0,0.009,0.0,0.0,0.0,0.0,62.0,0.7,27.0,11.5,111.0,73.0,184.0,4.0,0.0,148.0,147.0,148.0,2.0,1.0,1.0
139.0,0.002,0.003,0.0,0.003,0.0,0.0,51.0,2.2,0.0,7.1,148.0,52.0,200.0,12.0,0.5699688092250241,147.0,137.0,145.0,55.0,0.0,2.0
139.0,0.002,0.002,0.002,0.0,0.0,0.0,64.0,0.4,29.0,6.5,28.0,135.0,163.0,1.0,0.0,161.0,152.0,157.0,13.0,1.0,2.0
148.0,0.0,0.0,0.0,0.0,0.0,0.0,67.0,0.4,67.0,4.9,15.0,139.0,154.0,4.0,0.0,150.0,149.0,151.0,0.0,1.0,2.0
148.0,0.0,0.003,0.0,0.0,0.0,0.0,70.0,0.3,68.0,5.3,17.0,136.0,153.0,2.0,0.0,150.0,148.0,150.0,0.0,1.0,2.0
148.0,0.0,0.0,0.0,0.0,0.0,0.0,68.0,0.3,75.0,4.5,25.0,128.0,153.0,3.0,0.0,150.0,149.0,151.0,0.0,1.0,3.0
148.0,0.0,0.005,0.002,0.0,0.0,0.0,72.0,0.3,74.0,4.6,16.0,136.0,152.0,0.0,0.0,150.0,148.0,150.0,0.0,1.0,3.0
148.0,0.0,0.0,0.0,0.0,0.0,0.0,58.0,0.5,7.0,9.5,21.0,135.0,156.0,1.0,0.0,150.0,149.0,151.0,1.0,1.0,1.0
148.0,0.0,0.0,0.0,0.0,0.0,0.0,63.0,0.4,30.0,8.8,35.0,121.0,156.0,3.0,0.5699688092250241,150.0,149.0,151.0,1.0,1.0,2.0
148.0,0.0,0.001,0.0,0.001,0.0,0.0,60.0,0.5,49.0,4.8,83.0,78.0,161.0,3.0,0.0,154.0,152.0,154.0,1.0,1.0,2.0
148.0,0.0,0.001,0.0,0.001,0.0,0.0,61.0,0.5,39.0,6.3,31.0,130.0,161.0,2.0,0.0,154.0,152.0,154.0,1.0,1.0,2.0
125.0,0.005,0.007,0.002,0.0,0.0,0.0,19.0,1.9,0.0,6.8,96.0,101.0,197.0,8.0,0.5699688092250241,133.0,131.0,133.0,5.0,-1.0,1.0
125.0,0.005,0.0,0.002,0.003,0.0,0.0,25.0,1.7,6.0,11.6,93.0,72.0,165.0,3.0,0.0,133.0,128.0,132.0,10.0,0.0,1.0
125.0,0.005,0.008,0.002,0.001,0.0,0.0,24.0,1.6,0.0,14.6,55.0,97.0,152.0,6.0,0.5699688092250241,131.0,130.0,132.0,6.0,0.0,1.0
125.0,0.005,0.01,0.002,0.0,0.0,0.0,24.0,1.6,0.0,17.3,84.0,68.0,152.0,4.0,0.0,132.0,132.0,133.0,5.0,1.0,1.0
125.0,0.003,0.003,0.0,0.0,0.0,0.0,29.0,1.1,0.0,11.0,29.0,117.0,146.0,0.0,0.0,131.0,130.0,132.0,1.0,0.0,1.0
125.0,0.003,0.01,0.0,0.0,0.0,0.0,22.0,1.9,0.0,15.8,82.0,68.0,150.0,5.0,0.5699688092250241,132.0,130.0,133.0,6.0,1.0,1.0
125.0,0.004,0.01,0.003,0.004,0.0,0.0,22.0,2.8,0.0,17.2,128.0,56.0,184.0,5.0,0.5699688092250241,125.0,123.0,126.0,16.0,0.0,1.0
125.0,0.0,0.01,0.0,0.007500000000000001,0.0,0.0,22.0,3.8999999999999995,0.0,13.1,145.0,52.0,197.0,7.0,0.5699688092250241,121.0,117.0,121.0,23.0,0.0,1.0
125.0,0.005,0.004,0.006,0.002,0.0,0.0,22.0,2.1,0.0,12.1,105.0,73.0,178.0,8.0,0.0,126.0,126.0,128.0,11.0,0.0,1.0
125.0,0.005,0.01,0.006,0.005,0.0,0.0,20.0,2.5,0.0,7.1,134.0,63.0,197.0,8.0,0.5699688092250241,125.0,125.0,127.0,16.0,0.0,1.0
125.0,0.0,0.003,0.0,0.0,0.0,0.0,25.0,1.5,0.0,17.555315838805065,62.0,80.0,142.0,4.0,0.5699688092250241,127.0,125.0,127.0,6.0,1.0,1.0
125.0,0.005,0.01,0.002,0.007,0.0,0.0,23.0,2.2,0.0,4.4,122.0,78.0,200.0,10.0,0.0,131.0,125.0,128.0,20.0,0.0,1.0
129.0,0.005,0.003,0.001,0.0,0.0,0.0,34.0,1.7,0.0,12.9,118.0,78.0,196.0,10.0,0.0,137.0,136.0,137.0,6.0,0.0,1.0
129.0,0.005,0.003,0.005,0.0,0.0,0.0,35.0,1.3,0.0,10.1,92.0,101.0,193.0,6.0,0.0,136.0,134.0,135.0,4.0,0.0,1.0
129.0,0.0,0.003,0.006,0.0,0.0,0.0,38.0,1.2,0.0,12.5,54.0,111.0,165.0,4.0,0.5699688092250241,133.0,132.0,134.0,2.0,0.0,1.0
129.0,0.005,0.009,0.009,0.007500000000000001,0.0,0.0,22.0,3.8999999999999995,0.0,0.0,145.0,50.0,195.0,13.0,0.5699688092250241,139.0,122.0,129.0,76.0,0.0,1.0
129.0,0.0,0.01,0.007,0.007500000000000001,0.0,0.0,22.0,3.8999999999999995,0.0,0.0,138.0,50.0,188.0,7.0,0.5699688092250241,129.0,114.0,120.0,60.0,0.0,1.0
123.0,0.0,0.0,0.007,0.002,0.0,0.0,26.0,3.8999999999999995,0.0,17.555315838805065,146.0,50.0,196.0,8.0,0.5699688092250241,126.0,105.0,113.0,76.0,0.0,3.0
123.0,0.003,0.0,0.004,0.004,0.0,0.0,30.0,1.1,1.0,5.8,53.0,95.0,148.0,3.0,0.0,125.0,124.0,126.0,6.0,0.0,1.0
123.0,0.001,0.0,0.004,0.006,0.0,0.0,29.0,1.1,0.0,3.9,56.0,92.0,148.0,3.0,0.0,123.0,122.0,124.0,6.0,0.0,1.0
123.0,0.004,0.0,0.005,0.005,0.0,0.0,24.0,1.3,0.0,2.1,56.0,92.0,148.0,3.0,0.0,121.0,123.0,125.0,7.0,0.0,1.0
123.0,0.0,0.0,0.005,0.004,0.0,0.0,47.0,1.1,31.0,7.4,130.0,59.0,189.0,13.246502024899133,0.5699688092250241,129.0,122.0,127.0,15.0,0.0,1.0
123.0,0.0,0.0,0.005,0.005,0.0,0.0,50.0,0.8,32.0,3.1,94.0,75.0,169.0,7.0,0.0,125.0,122.0,126.0,8.0,0.0,1.0
123.0,0.0,0.0,0.005,0.006,0.0,0.0,45.0,1.0,19.0,3.8,85.0,59.0,144.0,8.0,0.5699688092250241,124.0,119.0,125.0,14.0,1.0,1.0
123.0,0.005,0.0,0.006,0.004,0.0,0.0,33.0,1.3,0.0,4.7,138.0,61.0,199.0,9.0,0.5699688092250241,135.0,122.0,127.0,39.0,0.0,1.0
123.0,0.0,0.0,0.007,0.005,0.0,0.0,28.0,1.4,0.0,4.5,77.0,61.0,138.0,3.0,0.5699688092250241,114.0,112.0,115.0,15.0,1.0,2.0
159.0,0.0,0.0,0.003,0.0,0.0,0.0,65.0,0.4,16.0,10.8,91.0,81.0,172.0,0.0,0.0,163.0,163.0,165.0,2.0,1.0,2.0
159.0,0.0,0.0,0.004,0.0,0.0,0.0,69.0,0.3,21.0,6.4,15.0,153.0,168.0,0.0,0.0,163.0,163.0,164.0,0.0,1.0,2.0
159.0,0.0,0.0,0.003,0.0,0.0,0.0,62.0,0.5,6.0,13.2,91.0,81.0,172.0,0.0,0.0,163.0,163.0,164.0,2.0,1.0,2.0
159.0,0.0,0.0,0.003,0.0,0.0,0.0,65.0,0.4,11.0,6.8,15.0,153.0,168.0,0.0,0.0,163.0,162.0,164.0,0.0,1.0,2.0
158.0,0.0,0.0,0.0,0.0,0.0,0.0,54.0,0.6,34.0,8.0,93.0,77.0,170.0,3.0,0.0,165.0,163.0,165.0,2.0,1.0,1.0
158.0,0.0,0.0,0.0,0.0,0.0,0.0,55.0,0.5,38.0,5.8,15.0,156.0,171.0,0.0,0.0,165.0,164.0,166.0,0.0,0.0,1.0
158.0,0.0,0.0,0.0,0.0,0.0,0.0,56.0,0.6,31.0,8.6,92.0,77.0,169.0,1.0,0.0,165.0,162.0,164.0,2.0,1.0,1.0
158.0,0.0,0.0,0.0,0.0,0.0,0.0,57.0,0.5,58.0,4.3,11.0,159.0,170.0,0.0,0.0,165.0,165.0,166.0,0.0,0.0,1.0
159.0,0.001,0.0,0.008,0.0,0.0,0.0,61.0,0.4,8.0,8.6,44.0,133.0,177.0,4.0,0.0,165.0,164.0,166.0,1.0,1.0,1.0
159.0,0.002,0.0,0.01,0.0,0.0,0.0,58.0,0.5,0.0,7.9,44.0,133.0,177.0,4.0,0.0,163.0,164.0,166.0,2.0,1.0,1.0
159.0,0.0,0.0,0.008,0.0,0.0,0.0,66.0,0.4,13.0,8.5,24.0,149.0,173.0,0.0,0.0,165.0,164.0,166.0,0.0,1.0,2.0
159.0,0.002,0.0,0.01,0.0,0.0,0.0,58.0,0.5,0.0,7.8,44.0,133.0,177.0,4.0,0.0,163.0,164.0,165.0,2.0,1.0,1.0
159.0,0.0,0.0,0.009,0.0,0.0,0.0,66.0,0.4,16.0,7.2,23.0,147.0,170.0,0.0,0.0,165.0,164.0,166.0,0.0,1.0,2.0
159.0,0.001,0.0,0.008,0.0,0.0,0.0,57.0,0.5,8.0,9.1,40.0,148.0,188.0,0.0,0.0,167.0,169.0,170.0,5.0,0.0,2.0
159.0,0.002,0.0,0.009,0.0,0.0,0.0,58.0,0.5,13.0,8.0,42.0,146.0,188.0,2.0,0.0,167.0,172.0,174.0,8.0,0.0,2.0
159.0,0.0,0.0,0.006,0.0,0.0,0.0,57.0,0.5,0.0,8.1,22.0,155.0,177.0,1.0,0.0,170.0,167.0,168.0,2.0,0.0,1.0
154.0,0.003,0.0,0.002,0.001,0.0,0.0,44.0,2.0,0.0,17.555315838805065,147.0,50.0,197.0,10.0,0.5699688092250241,153.0,158.0,162.0,27.0,1.0,1.0
154.0,0.0,0.0,0.002,0.0,0.0,0.0,48.0,0.9,0.0,12.7,90.0,93.0,183.0,4.0,0.0,167.0,161.0,163.0,8.0,1.0,2.0
154.0,0.003,0.0,0.003,0.0,0.0,0.0,44.0,2.0,0.0,17.555315838805065,147.0,50.0,197.0,8.0,0.5699688092250241,153.0,155.0,157.0,23.0,1.0,1.0
143.0,0.005,0.0,0.003,0.0,0.0,0.0,50.0,1.2,7.0,16.9,121.0,57.0,178.0,10.0,0.0,146.0,147.0,148.0,10.0,1.0,1.0
143.0,0.005,0.0,0.002,0.0,0.0,0.0,50.0,0.9,0.0,4.4,106.0,72.0,178.0,5.0,0.0,147.0,150.0,149.0,6.0,1.0,1.0
143.0,0.001,0.0,0.001,0.0,0.0,0.0,51.0,1.1,10.0,17.555315838805065,100.0,72.0,172.0,8.0,0.5699688092250241,147.0,146.0,147.0,4.0,1.0,1.0
149.0,0.002,0.0,0.003,0.0,0.0,0.0,51.0,1.0,8.0,17.555315838805065,99.0,71.0,170.0,4.0,0.0,151.0,153.0,154.0,7.0,1.0,1.0
149.0,0.003,0.0,0.0,0.0,0.0,0.0,51.0,0.9,9.0,10.6,94.0,77.0,171.0,4.0,0.5699688092250241,153.0,154.0,154.0,5.0,1.0,1.0
148.0,0.002,0.0,0.006,0.0,0.0,0.0,54.0,0.7,15.0,9.0,52.0,115.0,167.0,7.0,0.5699688092250241,153.0,152.0,154.0,3.0,1.0,1.0
148.0,0.0,0.0,0.003,0.0,0.0,0.0,57.0,0.5,20.0,9.6,48.0,115.0,163.0,5.0,0.0,153.0,152.0,153.0,1.0,1.0,1.0
148.0,0.0,0.0,0.004,0.0,0.0,0.0,55.0,0.6,13.0,10.4,46.0,115.0,161.0,5.0,0.0,151.0,152.0,153.0,1.0,1.0,1.0
140.0,0.005,0.001,0.004,0.001,0.0,0.0,41.0,1.7,0.0,8.3,121.0,52.0,173.0,12.0,0.5699688092250241,159.0,149.0,154.0,30.0,1.0,1.0
125.0,0.004,0.0,0.006,0.0,0.0,0.0,31.0,1.3,0.0,11.3,85.0,114.0,199.0,3.0,0.0,126.0,131.0,132.0,9.0,-1.0,1.0
125.0,0.0,0.0,0.008,0.0,0.0,0.0,34.0,1.1,0.0,14.6,85.0,114.0,199.0,4.0,0.0,126.0,127.0,128.0,3.0,-1.0,1.0
123.0,0.002,0.0,0.005,0.0,0.0,0.0,38.0,0.9,14.0,8.8,39.0,113.0,152.0,2.0,0.0,126.0,128.0,128.0,4.0,0.0,1.0
123.0,0.001,0.0,0.006,0.0,0.0,0.0,39.0,0.8,12.0,8.9,28.0,113.0,141.0,2.0,0.0,126.0,126.0,127.0,1.0,0.0,1.0
123.0,0.002,0.0,0.006,0.0,0.0,0.0,38.0,0.9,13.0,8.0,24.0,117.0,141.0,1.0,0.0,126.0,127.0,128.0,1.0,0.0,1.0
123.0,0.005,0.0,0.006,0.0,0.0,0.0,34.0,0.9,11.0,3.3,31.0,116.0,147.0,1.0,0.0,126.0,128.0,128.0,3.0,-1.0,1.0
123.0,0.005,0.0,0.006,0.0,0.0,0.0,33.0,0.9,6.0,3.4,33.0,116.0,149.0,2.0,0.0,126.0,128.0,128.0,3.0,0.0,1.0
123.0,0.005,0.0,0.006,0.0,0.0,0.0,36.0,0.9,16.0,3.7,34.0,115.0,149.0,1.0,0.0,126.0,127.0,127.0,3.0,-1.0,1.0
123.0,0.005,0.0,0.007,0.0,0.0,0.0,35.0,0.9,13.0,3.2,33.0,116.0,149.0,1.0,0.0,126.0,128.0,127.0,3.0,-1.0,1.0
122.0,0.004,0.0,0.006,0.001,0.0,0.0,32.0,1.2,10.0,8.9,81.0,67.0,148.0,2.0,0.0,125.0,124.0,126.0,8.0,1.0,1.0
122.0,0.005,0.0,0.006,0.0,0.0,0.0,32.0,1.1,12.0,8.4,65.0,83.0,148.0,2.0,0.5699688092250241,125.0,125.0,126.0,4.0,0.0,1.0
122.0,0.004,0.0,0.004,0.0,0.0,0.0,31.0,1.2,10.0,8.2,57.0,86.0,143.0,4.0,0.0,125.0,125.0,126.0,3.0,1.0,1.0
134.0,0.003,0.008,0.001,0.001,0.0,0.0,56.0,3.2,0.0,17.555315838805065,130.0,54.0,184.0,1.0,0.0,138.0,135.0,139.0,25.0,0.0,1.0
134.0,0.003,0.007,0.001,0.0,0.0,0.0,53.0,3.7,0.0,17.555315838805065,130.0,54.0,184.0,1.0,0.0,136.0,135.0,139.0,25.0,0.0,1.0
134.0,0.002,0.004,0.002,0.0,0.0,0.0,67.0,1.5,3.0,17.555315838805065,138.0,54.0,192.0,2.0,0.0,136.0,136.0,137.0,7.0,0.0,1.0
134.0,0.003,0.007,0.001,0.0,0.0,0.0,67.0,1.2,0.0,15.9,124.0,68.0,192.0,6.0,0.0,138.0,136.0,137.0,6.0,0.0,1.0
116.0,0.001,0.0,0.003,0.0,0.0,0.0,46.0,0.7,39.0,5.5,44.0,91.0,135.0,4.0,0.0,120.0,120.0,122.0,1.0,1.0,1.0
116.0,0.0,0.0,0.004,0.001,0.0,0.0,43.0,0.8,25.0,5.6,72.0,56.0,128.0,6.0,0.0,120.0,118.0,121.0,3.0,1.0,1.0
116.0,0.0,0.0,0.005,0.0,0.0,0.0,48.0,0.6,26.0,5.5,12.0,114.0,126.0,1.0,0.0,120.0,120.0,122.0,0.0,0.0,1.0
119.0,0.001,0.0,0.004,0.001,0.0,0.0,29.0,1.3,2.0,10.6,89.0,77.0,166.0,3.0,0.5699688092250241,121.0,121.0,123.0,4.0,0.0,1.0
119.0,0.002,0.0,0.003,0.0,0.0,0.0,30.0,1.3,2.0,11.6,89.0,77.0,166.0,3.0,0.5699688092250241,121.0,122.0,123.0,3.0,0.0,1.0
119.0,0.002,0.0,0.004,0.0,0.0,0.0,31.0,1.3,3.0,11.3,89.0,77.0,166.0,6.0,0.0,121.0,122.0,123.0,2.0,0.0,1.0
119.0,0.005,0.0,0.005,0.0,0.0,0.0,31.0,1.4,0.0,10.7,134.0,58.0,192.0,7.0,0.0,127.0,127.0,127.0,7.0,0.0,1.0
119.0,0.0,0.0,0.003,0.0,0.0,0.0,34.0,1.1,0.0,14.0,92.0,58.0,150.0,4.0,0.0,127.0,125.0,128.0,3.0,1.0,1.0
119.0,0.005,0.0,0.005,0.001,0.0,0.0,30.0,1.8,0.0,10.0,129.0,69.0,198.0,9.0,0.0,132.0,132.0,135.0,20.0,0.0,1.0
119.0,0.003,0.0,0.008,0.003,0.0,0.0,26.0,1.5,0.0,14.1,56.0,88.0,144.0,3.0,0.0,127.0,122.0,125.0,8.0,0.0,1.0
121.0,0.005,0.0,0.003,0.0,0.0,0.0,33.0,1.9,0.0,6.5,139.0,59.0,198.0,11.0,0.0,142.0,137.0,140.0,18.0,0.0,1.0
120.0,0.005,0.0,0.007,0.0,0.0,0.0,27.0,2.0,0.0,14.3,127.0,71.0,198.0,10.0,0.5699688092250241,127.0,130.0,132.0,12.0,0.0,1.0
138.0,0.005,0.0,0.005,0.0,0.0,0.0,35.0,3.8999999999999995,0.0,4.5,148.0,52.0,200.0,11.0,0.5699688092250241,146.0,157.0,161.0,72.0,1.0,1.0
131.0,0.0,0.0,0.0,0.007500000000000001,0.0,0.0,37.0,1.9,0.0,3.2,90.0,58.0,148.0,4.0,0.5699688092250241,127.0,121.0,126.0,21.0,1.0,1.0
132.0,0.0,0.0,0.006,0.007500000000000001,0.0,0.0,38.0,2.6,0.0,10.6,128.0,51.0,179.0,7.0,0.5699688092250241,133.0,125.0,130.0,25.0,0.0,1.0
132.0,0.005,0.0,0.003,0.003,0.0,0.0,31.0,3.8999999999999995,0.0,5.4,147.0,52.0,199.0,9.0,0.5699688092250241,133.0,154.0,163.0,76.0,1.0,1.0
132.0,0.004,0.0,0.008,0.006,0.0,0.0,36.0,3.4,0.0,15.3,145.0,53.0,198.0,6.0,0.5699688092250241,133.0,136.0,134.0,65.0,0.0,1.0
132.0,0.0,0.0,0.005,0.0,0.0,0.0,49.0,2.0,0.0,17.555315838805065,89.0,62.0,151.0,5.0,0.0,133.0,133.0,135.0,8.0,1.0,1.0
138.0,0.001,0.0,0.004,0.0,0.0,0.0,43.0,1.1,20.0,11.3,44.0,129.0,173.0,8.0,0.5699688092250241,162.0,155.0,159.0,8.0,1.0,2.0
138.0,0.002,0.0,0.006,0.0,0.0,0.0,43.0,1.0,19.0,11.6,44.0,129.0,173.0,8.0,0.5699688092250241,162.0,155.0,159.0,9.0,0.0,2.0
138.0,0.005,0.0,0.004,0.0,0.0,0.0,32.0,1.3,0.0,9.0,60.0,119.0,179.0,2.0,0.0,158.0,152.0,155.0,8.0,0.0,1.0
138.0,0.0,0.0,0.004,0.0,0.0,0.0,45.0,1.0,20.0,12.3,99.0,81.0,180.0,8.0,0.5699688092250241,162.0,156.0,159.0,8.0,1.0,2.0
144.0,0.001,0.0,0.004,0.0,0.0,0.0,44.0,0.8,2.0,11.9,33.0,135.0,168.0,4.0,0.0,162.0,157.0,160.0,5.0,1.0,2.0
144.0,0.002,0.0,0.003,0.0,0.0,0.0,49.0,0.7,3.0,9.8,44.0,140.0,184.0,3.0,0.0,162.0,158.0,162.0,4.0,0.0,2.0
144.0,0.001,0.0,0.005,0.0,0.0,0.0,46.0,0.8,2.0,11.5,31.0,138.0,169.0,3.0,0.0,162.0,158.0,161.0,5.0,1.0,2.0
150.0,0.0,0.0,0.006,0.0,0.0,0.0,56.0,0.5,19.0,7.9,19.0,148.0,167.0,2.0,0.0,153.0,157.0,158.0,3.0,0.0,2.0
150.0,0.0,0.0,0.007,0.0,0.0,0.0,54.0,0.5,13.0,7.7,16.0,147.0,163.0,2.0,0.0,153.0,155.0,157.0,2.0,0.0,1.0
150.0,0.0,0.0,0.005,0.0,0.0,0.0,57.0,0.5,19.0,7.7,20.0,147.0,167.0,3.0,0.0,165.0,157.0,159.0,7.0,0.0,2.0
145.0,0.0,0.0,0.002,0.0,0.0,0.0,49.0,0.6,3.0,11.6,27.0,140.0,167.0,0.0,0.0,159.0,156.0,158.0,3.0,1.0,2.0
145.0,0.003,0.0,0.002,0.0,0.0,0.0,49.0,0.6,0.0,7.0,26.0,145.0,171.0,1.0,0.0,154.0,157.0,158.0,4.0,0.0,1.0
120.0,0.0,0.01,0.0,0.001,0.0,0.0,53.0,0.7,7.0,12.2,77.0,56.0,133.0,6.0,0.0,123.0,121.0,123.0,3.0,1.0,1.0
120.0,0.0,0.01,0.0,0.0,0.0,0.0,51.0,0.8,0.0,14.8,77.0,56.0,133.0,5.0,0.0,123.0,122.0,124.0,2.0,1.0,1.0
120.0,0.0,0.01,0.0,0.0,0.0,0.0,56.0,0.5,12.0,8.5,30.0,103.0,133.0,2.0,0.0,120.0,121.0,122.0,1.0,0.0,1.0
120.0,0.0,0.008,0.0,0.0,0.0,0.0,54.0,0.6,12.0,8.6,24.0,109.0,133.0,0.0,0.5699688092250241,123.0,122.0,124.0,1.0,0.0,1.0
120.0,0.0,0.01,0.0,0.0,0.0,0.0,57.0,0.6,0.0,9.5,21.0,112.0,133.0,0.0,0.0,125.0,123.0,124.0,1.0,0.0,1.0
120.0,0.0,0.008,0.0,0.0,0.0,0.0,51.0,0.7,15.0,7.4,21.0,109.0,130.0,1.0,0.5699688092250241,123.0,121.0,123.0,0.0,0.0,1.0
120.0,0.0,0.01,0.0,0.0,0.0,0.0,56.0,0.5,12.0,7.6,18.0,115.0,133.0,0.0,0.0,123.0,122.0,123.0,1.0,0.0,1.0
120.0,0.0,0.01,0.0,0.0,0.0,0.0,55.0,0.9,0.0,15.1,77.0,58.0,135.0,5.0,0.0,123.0,123.0,124.0,5.0,1.0,1.0
120.0,0.0,0.01,0.0,0.0,0.0,0.0,53.0,0.8,0.0,15.3,69.0,62.0,131.0,3.0,0.0,125.0,121.0,124.0,5.0,1.0,1.0
124.0,0.005,0.01,0.002,0.0,0.0,0.0,46.0,0.8,0.0,7.5,52.0,90.0,142.0,4.0,0.0,129.0,130.0,131.0,2.0,1.0,1.0
124.0,0.0,0.007,0.0,0.0,0.0,0.0,59.0,0.6,0.0,7.6,25.0,111.0,136.0,0.0,0.0,129.0,129.0,130.0,0.0,1.0,1.0
125.0,0.005,0.01,0.001,0.0,0.0,0.0,48.0,0.8,0.0,4.9,63.0,82.0,145.0,9.0,0.0,133.0,132.0,133.0,3.0,1.0,1.0
125.0,0.003,0.01,0.0,0.0,0.0,0.0,51.0,0.6,0.0,4.9,16.0,125.0,141.0,1.0,0.0,133.0,132.0,134.0,0.0,0.0,1.0
125.0,0.005,0.01,0.002,0.0,0.0,0.0,50.0,0.9,0.0,2.5,118.0,57.0,175.0,8.0,0.0,133.0,132.0,133.0,4.0,0.0,1.0
125.0,0.005,0.01,0.0,0.0,0.0,0.0,47.0,0.8,0.0,6.1,75.0,68.0,143.0,3.0,0.0,133.0,132.0,133.0,2.0,1.0,1.0
127.0,0.002,0.006,0.001,0.0,0.0,0.0,61.0,0.5,3.0,10.6,83.0,62.0,145.0,4.0,0.0,129.0,131.0,132.0,4.0,1.0,1.0
127.0,0.003,0.005,0.002,0.0,0.0,0.0,58.0,0.5,0.0,8.3,38.0,113.0,151.0,3.0,0.0,129.0,134.0,136.0,6.0,0.0,1.0
127.0,0.0,0.005,0.0,0.0,0.0,0.0,63.0,0.5,4.0,11.3,89.0,62.0,151.0,4.0,0.0,129.0,128.0,130.0,1.0,1.0,2.0
127.0,0.0,0.005,0.0,0.0,0.0,0.0,61.0,0.6,4.0,11.5,89.0,62.0,151.0,4.0,0.0,131.0,129.0,131.0,2.0,1.0,2.0
127.0,0.005,0.008,0.001,0.001,0.0,0.0,54.0,1.0,5.0,15.6,83.0,63.0,146.0,9.0,0.5699688092250241,140.0,135.0,138.0,14.0,1.0,1.0
127.0,0.005,0.004,0.0,0.0,0.0,0.0,53.0,0.8,0.0,17.555315838805065,104.0,64.0,168.0,3.0,0.0,136.0,134.0,136.0,5.0,1.0,1.0
129.0,0.003,0.01,0.0,0.0,0.0,0.0,52.0,0.7,0.0,11.5,80.0,68.0,148.0,10.0,0.0,133.0,134.0,134.0,3.0,1.0,1.0
129.0,0.0,0.01,0.0,0.0,0.0,0.0,55.0,0.5,1.0,7.5,23.0,120.0,143.0,3.0,0.0,133.0,133.0,134.0,1.0,0.0,1.0
129.0,0.002,0.01,0.0,0.0,0.0,0.0,47.0,0.9,0.0,17.3,104.0,52.0,156.0,6.0,0.0,133.0,133.0,134.0,4.0,1.0,1.0
129.0,0.005,0.01,0.0,0.0,0.0,0.0,44.0,1.0,0.0,4.8,36.0,120.0,156.0,2.0,0.0,133.0,133.0,133.0,3.0,0.0,1.0
129.0,0.002,0.01,0.0,0.0,0.0,0.0,53.0,0.6,1.0,5.3,34.0,122.0,156.0,3.0,0.0,133.0,134.0,135.0,1.0,0.0,1.0
129.0,0.0,0.01,0.0,0.0,0.0,0.0,56.0,0.5,1.0,7.4,23.0,120.0,143.0,3.0,0.0,133.0,133.0,134.0,1.0,0.0,1.0
127.0,0.005,0.005,0.0,0.0,0.0,0.0,48.0,1.1,2.0,14.0,84.0,64.0,148.0,2.0,0.0,133.0,132.0,134.0,7.0,1.0,1.0
127.0,0.005,0.004,0.0,0.0,0.0,0.0,48.0,1.1,0.0,14.9,84.0,64.0,148.0,2.0,0.0,127.0,132.0,134.0,11.0,1.0,1.0
127.0,0.005,0.003,0.0,0.0,0.0,0.0,47.0,1.1,0.0,12.6,83.0,64.0,147.0,2.0,0.0,129.0,131.0,132.0,7.0,1.0,1.0
123.0,0.003,0.003,0.0,0.0,0.0,0.0,52.0,0.8,2.0,15.4,90.0,50.0,140.0,7.0,0.0,129.0,128.0,130.0,4.0,1.0,1.0
123.0,0.003,0.005,0.0,0.0,0.0,0.0,55.0,0.7,0.0,8.9,71.0,81.0,152.0,4.0,0.0,129.0,129.0,130.0,3.0,1.0,1.0
123.0,0.0,0.0,0.0,0.0,0.0,0.0,50.0,0.8,7.0,13.8,74.0,63.0,137.0,2.0,0.0,129.0,127.0,129.0,2.0,1.0,1.0
123.0,0.004,0.005,0.0,0.0,0.0,0.0,55.0,0.7,0.0,8.6,71.0,81.0,152.0,4.0,0.0,129.0,129.0,130.0,3.0,1.0,1.0
123.0,0.0,0.0,0.0,0.0,0.0,0.0,49.0,0.8,7.0,13.8,74.0,63.0,137.0,2.0,0.0,129.0,127.0,129.0,2.0,1.0,1.0
123.0,0.0,0.0,0.0,0.0,0.0,0.0,49.0,0.8,7.0,13.8,74.0,63.0,137.0,2.0,0.0,129.0,127.0,129.0,2.0,1.0,1.0
121.0,0.003,0.006,0.0,0.0,0.0,0.0,56.0,0.6,2.0,10.5,77.0,62.0,139.0,3.0,0.0,127.0,128.0,129.0,3.0,1.0,1.0
121.0,0.003,0.008,0.0,0.0,0.0,0.0,52.0,0.6,2.0,8.0,21.0,117.0,138.0,0.0,0.0,125.0,127.0,128.0,2.0,0.0,1.0
121.0,0.005,0.003,0.0,0.0,0.0,0.0,58.0,0.5,4.0,7.4,22.0,117.0,139.0,0.0,0.0,125.0,128.0,129.0,3.0,0.0,1.0
125.0,0.0,0.005,0.001,0.0,0.0,0.0,66.0,0.3,46.0,5.8,21.0,112.0,133.0,0.0,0.0,125.0,124.0,126.0,0.0,0.0,2.0
125.0,0.0,0.005,0.001,0.0,0.0,0.0,67.0,0.3,57.0,4.9,14.0,115.0,129.0,1.0,0.0,125.0,124.0,126.0,0.0,1.0,2.0
125.0,0.0,0.009,0.0,0.0,0.0,0.0,68.0,0.3,75.0,3.5,8.0,120.0,128.0,0.0,0.0,125.0,125.0,126.0,0.0,0.0,3.0
125.0,0.0,0.005,0.001,0.001,0.0,0.0,70.0,0.4,29.0,7.1,81.0,52.0,133.0,5.0,0.0,125.0,123.0,125.0,2.0,1.0,2.0
125.0,0.0,0.004,0.002,0.0,0.0,0.0,66.0,0.4,20.0,6.7,22.0,109.0,131.0,1.0,0.0,120.0,121.0,122.0,1.0,0.0,2.0
123.0,0.0,0.0,0.001,0.0,0.0,0.0,67.0,0.6,27.0,12.6,110.0,50.0,160.0,7.0,0.0,125.0,123.0,125.0,2.0,1.0,2.0
123.0,0.0,0.0,0.0,0.0,0.0,0.0,70.0,0.5,33.0,8.3,71.0,89.0,160.0,5.0,0.0,123.0,124.0,126.0,1.0,0.0,2.0
128.0,0.005,0.006,0.004,0.0,0.0,0.0,43.0,1.9,0.0,17.555315838805065,124.0,60.0,184.0,10.0,0.0,133.0,137.0,138.0,16.0,0.0,1.0
128.0,0.005,0.0,0.008,0.0,0.0,0.0,48.0,1.0,0.0,11.7,99.0,60.0,159.0,3.0,0.0,138.0,137.0,139.0,6.0,1.0,1.0
151.0,0.005,0.007,0.002,0.0,0.0,0.0,56.0,0.5,23.0,3.8,37.0,141.0,178.0,3.0,0.0,157.0,160.0,160.0,4.0,0.0,1.0
151.0,0.005,0.009,0.003,0.0,0.0,0.0,50.0,0.7,0.0,0.9,37.0,141.0,178.0,2.0,0.0,161.0,162.0,163.0,4.0,0.0,1.0
151.0,0.002,0.004,0.0,0.0,0.0,0.0,64.0,0.4,40.0,4.6,27.0,141.0,168.0,2.0,0.0,157.0,156.0,158.0,1.0,0.0,2.0
148.0,0.003,0.01,0.003,0.0,0.0,0.0,61.0,0.5,26.0,7.4,26.0,139.0,165.0,2.0,0.0,153.0,152.0,154.0,2.0,0.0,2.0
130.0,0.0,0.009,0.006,0.0,0.0,0.0,67.0,0.5,22.0,14.3,84.0,72.0,156.0,12.0,0.0,143.0,140.0,143.0,4.0,1.0,2.0
130.0,0.002,0.008,0.003,0.0,0.0,0.0,57.0,0.6,26.0,14.3,91.0,65.0,156.0,7.0,0.0,129.0,131.0,133.0,10.0,1.0,1.0
130.0,0.0,0.0,0.0,0.0,0.0,0.0,53.0,0.6,51.0,5.0,19.0,114.0,133.0,2.0,0.0,120.0,122.0,122.0,3.0,-1.0,1.0
130.0,0.0,0.009,0.002,0.0,0.0,0.0,51.0,0.6,37.0,9.1,30.0,114.0,144.0,3.0,0.0,120.0,125.0,126.0,8.0,-1.0,1.0
127.0,0.005,0.0,0.007,0.005,0.0,0.0,14.702497857425548,3.3,0.0,6.3,124.0,67.0,191.0,8.0,0.0,129.0,125.0,130.0,45.0,0.0,1.0
127.0,0.005,0.0,0.008,0.005,0.0,0.0,14.702497857425548,3.4,0.0,5.7,130.0,58.0,188.0,8.0,0.0,129.0,122.0,129.0,41.0,0.0,1.0
127.0,0.005,0.0,0.005,0.007,0.0,0.0,16.0,3.4,0.0,0.0,138.0,53.0,191.0,11.0,0.0,153.0,124.0,130.0,76.0,0.0,1.0
127.0,0.005,0.0,0.008,0.004,0.0,0.0,14.702497857425548,3.8,0.0,1.3,138.0,53.0,191.0,12.0,0.5699688092250241,133.0,126.0,131.0,41.0,0.0,1.0
127.0,0.004,0.0,0.013,0.004,0.0,0.0,14.702497857425548,3.2,0.0,10.1,98.0,61.0,159.0,3.0,0.5699688092250241,129.0,124.0,129.0,35.0,1.0,1.0
127.0,0.0,0.0,0.005,0.0,0.0,0.0,22.0,1.5,0.0,12.3,91.0,107.0,198.0,5.0,0.5699688092250241,135.0,132.0,134.0,3.0,-1.0,1.0
127.0,0.0,0.0,0.006,0.0,0.0,0.0,23.0,1.5,0.0,13.2,91.0,107.0,198.0,6.0,0.0,135.0,134.0,135.0,4.0,-1.0,1.0
127.0,0.0,0.0,0.006,0.0,0.0,0.0,24.0,1.7,0.0,15.8,91.0,107.0,198.0,9.0,0.0,135.0,136.0,138.0,7.0,-1.0,1.0
127.0,0.0,0.0,0.006,0.0,0.0,0.0,22.0,1.7,0.0,15.5,91.0,107.0,198.0,6.0,0.0,135.0,134.0,137.0,6.0,-1.0,1.0
127.0,0.0,0.0,0.005,0.0,0.0,0.0,21.0,1.7,0.0,12.4,37.0,114.0,151.0,4.0,0.0,128.0,130.0,131.0,2.0,0.0,1.0
128.0,0.0,0.0,0.006,0.0,0.0,0.0,30.0,1.2,0.0,14.2,77.0,119.0,196.0,3.0,0.0,148.0,154.0,155.0,13.0,0.0,2.0
124.0,0.005,0.0,0.004,0.0,0.0,0.0,46.0,1.0,0.0,9.3,92.0,63.0,155.0,6.0,0.0,133.0,133.0,134.0,7.0,1.0,1.0
124.0,0.005,0.0,0.006,0.0,0.0,0.0,45.0,0.9,0.0,9.2,91.0,60.0,151.0,5.0,0.0,133.0,132.0,134.0,5.0,1.0,1.0
126.0,0.005,0.0,0.003,0.0,0.0,0.0,48.0,0.7,0.0,6.4,37.0,118.0,155.0,2.0,0.0,133.0,135.0,135.0,6.0,0.0,1.0
126.0,0.005,0.0,0.003,0.0,0.0,0.0,49.0,0.7,0.0,9.7,90.0,63.0,153.0,2.0,0.0,133.0,133.0,134.0,4.0,1.0,1.0
124.0,0.005,0.0,0.007,0.001,0.0,0.0,34.0,1.0,0.0,3.1,42.0,106.0,148.0,1.0,0.0,126.0,130.0,130.0,7.0,0.0,1.0
124.0,0.005,0.0,0.006,0.0,0.0,0.0,34.0,1.0,0.0,0.9,39.0,110.0,149.0,3.0,0.0,129.0,130.0,131.0,5.0,0.0,1.0
123.0,0.002,0.0,0.001,0.0,0.0,0.0,41.0,1.1,14.0,13.4,87.0,58.0,145.0,11.0,0.5699688092250241,127.0,126.0,127.0,4.0,1.0,1.0
123.0,0.0,0.0,0.0,0.0,0.0,0.0,32.0,1.1,0.0,16.9,76.0,66.0,142.0,3.0,0.0,125.0,125.0,125.0,4.0,1.0,1.0
123.0,0.0,0.0,0.0,0.0,0.0,0.0,44.0,0.8,34.0,6.3,82.0,59.0,141.0,4.0,0.0,127.0,126.0,128.0,0.0,1.0,1.0
123.0,0.003,0.0,0.002,0.0,0.0,0.0,37.0,0.9,0.0,12.8,79.0,66.0,145.0,2.0,0.0,125.0,127.0,127.0,4.0,1.0,1.0
123.0,0.0,0.0,0.0,0.0,0.0,0.0,41.0,0.9,23.0,10.6,83.0,59.0,142.0,4.0,0.0,127.0,125.0,127.0,2.0,1.0,1.0
123.0,0.001,0.0,0.004,0.0,0.0,0.0,54.0,0.5,9.0,8.4,29.0,116.0,145.0,4.0,0.0,126.0,128.0,129.0,3.0,0.0,1.0
123.0,0.0,0.0,0.003,0.0,0.0,0.0,50.0,0.5,8.0,7.6,21.0,116.0,137.0,1.0,0.0,126.0,126.0,127.0,1.0,0.0,1.0
120.0,0.004,0.0,0.009,0.002,0.0,0.0,50.0,1.6,7.0,8.1,118.0,53.0,171.0,7.0,0.5699688092250241,125.0,126.0,127.0,14.0,0.0,1.0
120.0,0.005,0.0,0.01,0.0,0.0,0.0,56.0,0.9,13.0,8.7,130.0,55.0,185.0,10.0,0.0,125.0,128.0,130.0,8.0,0.0,1.0
118.0,0.005,0.0,0.01,0.003,0.0,0.0,41.0,2.5,0.0,5.8,119.0,52.0,171.0,6.0,0.0,123.0,122.0,124.0,19.0,0.0,1.0
133.0,0.002,0.01,0.003,0.002,0.0,0.0,46.0,1.1,0.0,15.4,69.0,95.0,164.0,5.0,0.0,139.0,135.0,138.0,9.0,0.0,1.0
133.0,0.0,0.003,0.0,0.0,0.0,0.0,45.0,0.9,0.0,17.555315838805065,38.0,121.0,159.0,3.0,0.0,133.0,135.0,136.0,5.0,0.0,1.0
128.0,0.005,0.003,0.003,0.0,0.0,0.0,44.0,1.1,0.0,7.6,58.0,112.0,170.0,6.0,0.0,137.0,136.0,137.0,5.0,0.0,1.0
143.0,0.0,0.004,0.0,0.0,0.0,0.0,67.0,0.4,34.0,7.5,27.0,129.0,156.0,3.0,0.0,151.0,146.0,149.0,3.0,1.0,2.0
143.0,0.0,0.002,0.0,0.0,0.0,0.0,74.0,0.3,54.0,4.9,23.0,131.0,154.0,3.0,0.0,151.0,150.0,151.0,0.0,1.0,2.0
144.0,0.0,0.007,0.0,0.0,0.0,0.0,61.0,0.5,7.0,9.5,39.0,125.0,164.0,3.0,0.0,144.0,143.0,144.0,1.0,0.0,2.0
144.0,0.0,0.009,0.0,0.0,0.0,0.0,58.0,0.6,1.0,8.8,39.0,125.0,164.0,3.0,0.0,143.0,142.0,144.0,1.0,0.0,1.0
144.0,0.0,0.002,0.0,0.0,0.0,0.0,75.0,0.3,58.0,4.0,10.0,144.0,154.0,2.0,0.0,151.0,150.0,152.0,0.0,1.0,2.0
144.0,0.0,0.005,0.0,0.0,0.0,0.0,65.0,0.4,21.0,8.6,27.0,129.0,156.0,2.0,0.0,150.0,146.0,148.0,3.0,1.0,2.0
142.0,0.0,0.006,0.0,0.0,0.0,0.0,61.0,0.7,52.0,12.2,79.0,71.0,150.0,12.0,0.0,143.0,142.0,144.0,3.0,1.0,2.0
142.0,0.0,0.01,0.0,0.0,0.0,0.0,51.0,1.2,5.0,17.555315838805065,119.0,56.0,175.0,12.0,0.0,141.0,141.0,143.0,5.0,1.0,1.0
142.0,0.0,0.005,0.0,0.0,0.0,0.0,57.0,0.8,32.0,14.5,100.0,56.0,156.0,10.0,0.0,144.0,142.0,144.0,3.0,1.0,1.0
146.0,0.0,0.01,0.0,0.0,0.0,0.0,66.0,0.5,38.0,12.8,114.0,74.0,188.0,6.0,0.0,147.0,146.0,148.0,2.0,0.0,2.0
146.0,0.0,0.01,0.0,0.0,0.0,0.0,74.0,0.5,59.0,13.4,111.0,74.0,185.0,4.0,0.0,147.0,147.0,148.0,2.0,0.0,2.0
148.0,0.0,0.01,0.0,0.0,0.0,0.0,74.0,0.2,78.0,3.6,14.0,139.0,153.0,0.0,0.0,148.0,148.0,149.0,0.0,0.0,3.0
148.0,0.0,0.01,0.0,0.0,0.0,0.0,75.0,0.2,82.18278722458729,2.9,7.0,145.0,152.0,1.0,0.0,148.0,148.0,149.0,0.0,0.0,3.0
148.0,0.0,0.01,0.0,0.0,0.0,0.0,70.0,0.3,71.0,3.8,14.0,139.0,153.0,1.0,0.0,150.0,148.0,150.0,0.0,1.0,3.0
148.0,0.0,0.01,0.0,0.0,0.0,0.0,72.0,0.3,59.0,4.3,14.0,139.0,153.0,1.0,0.0,150.0,148.0,150.0,0.0,1.0,2.0
144.0,0.0,0.01,0.0,0.0,0.0,0.0,75.0,0.2,52.0,5.6,16.0,136.0,152.0,1.0,0.0,145.0,144.0,146.0,0.0,0.0,2.0
144.0,0.0,0.006,0.0,0.0,0.0,0.0,77.0,0.2,62.0,3.8,12.0,138.0,150.0,2.0,0.0,144.0,144.0,146.0,0.0,0.0,2.0
144.0,0.0,0.01,0.0,0.0,0.0,0.0,71.0,0.3,24.0,6.8,19.0,133.0,152.0,1.0,0.0,145.0,144.0,146.0,0.0,0.0,2.0
145.0,0.0,0.01,0.0,0.0,0.0,0.0,75.0,0.3,39.0,7.8,54.0,131.0,185.0,3.0,0.0,145.0,144.0,146.0,0.0,-1.0,2.0
145.0,0.0,0.01,0.0,0.0,0.0,0.0,77.0,0.2,45.0,5.8,21.0,129.0,150.0,1.0,0.0,146.0,145.0,147.0,0.0,1.0,2.0
145.0,0.0,0.01,0.0,0.0,0.0,0.0,74.0,0.3,30.0,8.5,54.0,131.0,185.0,2.0,0.0,145.0,144.0,146.0,1.0,-1.0,2.0
145.0,0.0,0.01,0.0,0.0,0.0,0.0,77.0,0.2,45.0,5.8,21.0,129.0,150.0,1.0,0.0,146.0,145.0,147.0,0.0,1.0,2.0
132.0,0.0,0.005,0.0,0.0,0.0,0.0,61.0,0.4,35.0,5.7,18.0,126.0,144.0,1.0,0.0,134.0,135.0,136.0,0.0,0.0,2.0
141.0,0.0,0.007,0.0,0.0,0.0,0.0,71.0,0.4,67.0,10.8,78.0,69.0,147.0,2.0,0.0,144.0,142.0,144.0,2.0,1.0,2.0
141.0,0.0,0.003,0.0,0.0,0.0,0.0,77.0,0.3,72.0,3.2,9.0,138.0,147.0,1.0,0.0,144.0,143.0,145.0,0.0,1.0,3.0
146.0,0.0,0.006,0.0,0.0,0.0,0.0,69.0,0.5,45.0,11.0,42.0,117.0,159.0,6.0,0.0,153.0,150.0,152.0,3.0,1.0,2.0
146.0,0.0,0.004,0.0,0.0,0.0,0.0,76.0,0.3,58.0,4.4,18.0,135.0,153.0,2.0,0.0,150.0,149.0,151.0,0.0,1.0,2.0
146.0,0.0,0.007,0.0,0.0,0.0,0.0,65.0,0.5,32.0,9.5,33.0,133.0,166.0,4.0,0.0,153.0,151.0,154.0,1.0,0.0,2.0
146.0,0.0,0.01,0.0,0.0,0.0,0.0,72.0,0.3,41.0,6.9,35.0,120.0,155.0,4.0,0.0,147.0,146.0,148.0,0.0,1.0,2.0
146.0,0.0,0.006,0.0,0.0,0.0,0.0,77.0,0.3,61.0,5.7,29.0,120.0,149.0,4.0,0.0,147.0,146.0,147.0,0.0,1.0,2.0
146.0,0.0,0.01,0.0,0.0,0.0,0.0,68.0,0.3,23.0,7.2,20.0,136.0,156.0,1.0,0.0,147.0,147.0,148.0,1.0,0.0,2.0
150.0,0.0,0.01,0.0,0.0,0.0,0.0,74.0,0.3,56.0,6.4,25.0,131.0,156.0,4.0,0.0,150.0,150.0,151.0,0.0,1.0,2.0
150.0,0.0,0.01,0.0,0.0,0.0,0.0,79.0,0.2,82.18278722458729,2.8,5.0,147.0,152.0,1.0,0.0,150.0,149.0,151.0,0.0,0.0,3.0
144.0,0.0,0.01,0.0,0.0,0.0,0.0,74.0,0.3,56.0,6.4,25.0,131.0,156.0,4.0,0.0,150.0,150.0,151.0,0.0,1.0,2.0
150.0,0.0,0.01,0.0,0.0,0.0,0.0,79.0,0.2,82.18278722458729,2.8,5.0,147.0,152.0,1.0,0.0,150.0,149.0,151.0,0.0,0.0,3.0
150.0,0.0,0.01,0.0,0.0,0.0,0.0,71.0,0.4,18.0,7.9,17.0,139.0,156.0,0.0,0.0,151.0,151.0,152.0,0.0,1.0,3.0
150.0,0.0,0.01,0.0,0.0,0.0,0.0,73.0,0.3,44.0,7.3,26.0,128.0,154.0,3.0,0.0,150.0,149.0,151.0,0.0,1.0,2.0
135.0,0.0,0.001,0.0,0.0,0.0,0.0,56.0,1.0,39.0,16.4,89.0,67.0,156.0,8.0,0.0,143.0,140.0,142.0,6.0,1.0,2.0
135.0,0.0,0.0,0.0,0.0,0.0,0.0,62.0,0.5,71.0,6.9,97.0,71.0,168.0,3.0,0.0,143.0,142.0,144.0,1.0,1.0,3.0
135.0,0.0,0.0,0.0,0.0,0.0,0.0,62.0,0.5,71.0,6.9,97.0,71.0,168.0,3.0,0.0,143.0,142.0,144.0,1.0,1.0,3.0
135.0,0.002,0.01,0.0,0.0,0.0,0.0,54.0,1.0,10.0,16.7,132.0,66.0,198.0,10.0,0.0,150.0,143.0,146.0,12.0,0.0,2.0
144.0,0.0,0.01,0.0,0.0,0.0,0.0,76.0,0.4,61.0,10.6,81.0,71.0,152.0,3.0,0.0,145.0,144.0,146.0,2.0,1.0,2.0
144.0,0.0,0.01,0.0,0.0,0.0,0.0,75.0,0.3,67.0,4.2,16.0,136.0,152.0,2.0,0.0,145.0,146.0,147.0,0.0,0.0,2.0
146.0,0.0,0.0,0.0,0.0,0.0,0.0,84.0,0.2,81.0,2.9,10.0,140.0,150.0,1.0,0.0,146.0,145.0,147.0,0.0,0.0,3.0
146.0,0.0,0.006,0.0,0.0,0.0,0.0,77.0,0.2,42.0,4.6,12.0,137.0,149.0,1.0,0.0,142.0,142.0,143.0,0.0,0.0,2.0
146.0,0.0,0.004,0.0,0.0,0.0,0.0,78.0,0.2,57.0,4.3,12.0,137.0,149.0,1.0,0.0,144.0,143.0,145.0,0.0,0.0,2.0
146.0,0.0,0.004,0.0,0.0,0.0,0.0,79.0,0.2,56.0,4.3,12.0,137.0,149.0,1.0,0.0,144.0,143.0,145.0,0.0,0.0,2.0
146.0,0.0,0.009,0.0,0.0,0.0,0.0,77.0,0.3,20.0,4.8,12.0,137.0,149.0,0.0,0.0,142.0,143.0,145.0,0.0,0.0,2.0
144.0,0.0,0.01,0.0,0.0,0.0,0.0,76.0,0.4,61.0,10.6,81.0,71.0,152.0,3.0,0.0,145.0,144.0,146.0,2.0,1.0,2.0
144.0,0.0,0.01,0.0,0.0,0.0,0.0,79.0,0.3,77.0,7.9,80.0,71.0,151.0,2.0,0.0,145.0,144.0,146.0,1.0,1.0,3.0
146.0,0.0,0.003,0.0,0.0,0.0,0.0,81.0,0.2,67.0,3.9,13.0,137.0,150.0,1.0,0.0,146.0,144.0,146.0,1.0,0.0,3.0
137.0,0.0,0.01,0.0,0.0,0.0,0.0,64.0,0.5,12.0,10.9,85.0,68.0,153.0,2.0,0.0,143.0,142.0,143.0,3.0,1.0,2.0
137.0,0.0,0.01,0.0,0.0,0.0,0.0,64.0,0.4,12.0,8.6,22.0,131.0,153.0,1.0,0.0,145.0,143.0,145.0,1.0,0.0,2.0
137.0,0.0,0.01,0.0,0.0,0.0,0.0,65.0,0.4,11.0,8.1,20.0,133.0,153.0,1.0,0.0,145.0,144.0,146.0,1.0,0.0,2.0
133.0,0.0,0.0,0.0,0.0,0.0,0.0,73.0,0.2,82.18278722458729,3.3,8.0,131.0,139.0,1.0,0.0,133.0,134.0,135.0,0.0,0.0,3.0
133.0,0.0,0.0,0.0,0.0,0.0,0.0,75.0,0.2,82.18278722458729,2.9,7.0,131.0,138.0,1.0,0.0,133.0,134.0,135.0,0.0,0.0,3.0
133.0,0.0,0.0,0.0,0.0,0.0,0.0,73.0,0.3,78.0,3.6,8.0,131.0,139.0,1.0,0.0,134.0,134.0,135.0,0.0,0.0,3.0
133.0,0.0,0.0,0.0,0.0,0.0,0.0,73.0,0.3,82.18278722458729,3.5,8.0,131.0,139.0,1.0,0.0,134.0,134.0,135.0,0.0,0.0,3.0
139.0,0.0,0.005,0.0,0.0,0.0,0.0,75.0,0.4,47.0,9.2,79.0,66.0,145.0,6.0,0.0,140.0,139.0,141.0,2.0,1.0,2.0
139.0,0.0,0.002,0.0,0.0,0.0,0.0,77.0,0.2,41.0,5.3,17.0,128.0,145.0,1.0,0.5699688092250241,142.0,141.0,143.0,0.0,1.0,2.0
139.0,0.0,0.007,0.0,0.0,0.0,0.0,78.0,0.2,59.0,4.2,11.0,133.0,144.0,1.0,0.0,140.0,139.0,141.0,0.0,0.0,2.0
139.0,0.0,0.007,0.0,0.0,0.0,0.0,77.0,0.2,55.0,4.3,11.0,133.0,144.0,1.0,0.0,140.0,139.0,141.0,0.0,0.0,2.0
139.0,0.0,0.003,0.0,0.0,0.0,0.0,76.0,0.3,12.0,6.1,17.0,128.0,145.0,1.0,0.5699688092250241,140.0,140.0,141.0,0.0,1.0,2.0
141.0,0.0,0.01,0.001,0.0,0.0,0.0,78.0,0.2,61.0,4.7,13.0,133.0,146.0,1.0,0.0,143.0,141.0,143.0,0.0,1.0,2.0
141.0,0.0,0.01,0.002,0.0,0.0,0.0,78.0,0.2,49.0,4.8,10.0,136.0,146.0,1.0,0.0,142.0,141.0,143.0,0.0,0.0,2.0
141.0,0.0,0.008,0.0,0.0,0.0,0.0,75.0,0.3,49.0,4.6,9.0,136.0,145.0,1.0,0.0,143.0,141.0,143.0,0.0,1.0,2.0
140.0,0.0,0.01,0.0,0.0,0.0,0.0,77.0,0.2,82.0,3.7,8.0,136.0,144.0,1.0,0.0,141.0,140.0,142.0,0.0,0.0,3.0
140.0,0.0,0.01,0.0,0.0,0.0,0.0,78.0,0.2,82.18278722458729,3.4,8.0,136.0,144.0,1.0,0.0,141.0,140.0,141.0,0.0,0.0,3.0
140.0,0.0,0.002,0.0,0.0,0.0,0.0,69.0,0.3,21.0,8.3,22.0,129.0,151.0,2.0,0.0,141.0,141.0,142.0,1.0,0.0,2.0
140.0,0.0,0.006,0.0,0.003,0.0,0.0,67.0,0.4,25.0,7.1,25.0,122.0,147.0,1.0,0.0,142.0,138.0,141.0,4.0,1.0,2.0
140.0,0.0,0.007,0.0,0.005,0.0,0.0,61.0,0.9,16.0,12.4,129.0,64.0,193.0,9.0,0.5699688092250241,142.0,138.0,141.0,11.0,0.0,2.0
130.0,0.0,0.009,0.0,0.0,0.0,0.0,59.0,0.5,15.0,9.8,53.0,95.0,148.0,4.0,0.0,142.0,138.0,142.0,4.0,1.0,2.0
130.0,0.002,0.009,0.0,0.0,0.0,0.0,46.0,1.2,0.0,16.2,95.0,60.0,155.0,8.0,0.0,136.0,133.0,135.0,8.0,1.0,1.0
133.0,0.0,0.009,0.003,0.0,0.0,0.0,60.0,0.5,14.0,11.4,80.0,68.0,148.0,4.0,0.0,137.0,136.0,138.0,2.0,1.0,2.0
133.0,0.0,0.009,0.002,0.0,0.0,0.0,54.0,0.6,0.0,13.6,80.0,68.0,148.0,2.0,0.0,137.0,138.0,139.0,2.0,1.0,1.0
133.0,0.0,0.009,0.003,0.0,0.0,0.0,64.0,0.4,25.0,6.4,15.0,129.0,144.0,2.0,0.0,136.0,135.0,137.0,0.0,0.0,2.0
133.0,0.0,0.01,0.004,0.0,0.0,0.0,69.0,0.3,29.0,5.6,12.0,129.0,141.0,1.0,0.0,137.0,135.0,137.0,0.0,0.0,2.0
135.0,0.0,0.01,0.002,0.0,0.0,0.0,67.0,0.3,67.0,5.5,28.0,116.0,144.0,4.0,0.0,136.0,135.0,137.0,0.0,1.0,2.0
135.0,0.0,0.01,0.001,0.0,0.0,0.0,69.0,0.3,78.0,3.9,9.0,132.0,141.0,1.0,0.0,136.0,136.0,137.0,0.0,0.0,3.0
135.0,0.0,0.01,0.002,0.0,0.0,0.0,70.0,0.3,82.18278722458729,3.5,9.0,132.0,141.0,1.0,0.0,136.0,136.0,137.0,0.0,0.0,3.0
135.0,0.0,0.006,0.003,0.0,0.0,0.0,61.0,0.5,21.0,9.5,36.0,108.0,144.0,5.0,0.0,138.0,135.0,137.0,3.0,1.0,2.0
135.0,0.0,0.01,0.002,0.0,0.0,0.0,63.0,0.4,60.0,4.0,8.0,133.0,141.0,1.0,0.0,136.0,136.0,137.0,0.0,0.0,2.0
135.0,0.0,0.01,0.002,0.0,0.0,0.0,65.0,0.4,68.0,5.0,25.0,116.0,141.0,3.0,0.0,136.0,135.0,137.0,0.0,1.0,2.0
133.0,0.0,0.008,0.003,0.0,0.0,0.0,61.0,0.5,4.0,7.8,16.0,128.0,144.0,1.0,0.0,135.0,135.0,136.0,0.0,0.0,2.0
138.0,0.0,0.008,0.001,0.002,0.0,0.0,64.0,0.4,30.0,7.0,41.0,118.0,159.0,2.0,0.0,144.0,143.0,145.0,5.0,0.0,2.0
138.0,0.0,0.002,0.0,0.0,0.0,0.0,68.0,0.3,21.0,7.2,22.0,128.0,150.0,1.0,0.0,144.0,142.0,144.0,1.0,1.0,2.0
138.0,0.0,0.009,0.002,0.002,0.0,0.0,55.0,0.7,0.0,9.3,48.0,103.0,151.0,4.0,0.0,144.0,140.0,143.0,5.0,1.0,1.0
138.0,0.0,0.01,0.002,0.002,0.0,0.0,60.0,0.5,32.0,6.8,56.0,103.0,159.0,4.0,0.0,151.0,144.0,145.0,9.0,1.0,2.0
138.0,0.0,0.001,0.0,0.001,0.0,0.0,66.0,0.4,20.0,6.8,33.0,117.0,150.0,2.0,0.0,144.0,141.0,144.0,2.0,1.0,2.0
138.0,0.0,0.009,0.002,0.002,0.0,0.0,60.0,0.5,9.0,8.7,47.0,103.0,150.0,3.0,0.0,144.0,140.0,144.0,4.0,1.0,2.0
141.0,0.0,0.01,0.002,0.002,0.0,0.0,60.0,0.4,41.0,5.6,38.0,121.0,159.0,3.0,0.0,154.0,149.0,154.0,8.0,1.0,2.0
141.0,0.005,0.01,0.002,0.001,0.0,0.0,53.0,1.0,28.0,5.2,123.0,57.0,180.0,13.0,0.0,154.0,149.0,154.0,10.0,1.0,2.0
141.0,0.005,0.01,0.0,0.0,0.0,0.0,46.0,1.1,2.0,2.9,114.0,58.0,172.0,7.0,0.0,154.0,149.0,152.0,8.0,1.0,1.0
141.0,0.001,0.01,0.001,0.001,0.0,0.0,59.0,0.5,38.0,6.1,38.0,121.0,159.0,3.0,0.0,154.0,149.0,154.0,8.0,1.0,2.0
141.0,0.001,0.01,0.001,0.001,0.0,0.0,56.0,0.5,17.0,7.4,51.0,121.0,172.0,4.0,0.0,154.0,148.0,152.0,7.0,0.0,2.0
141.0,0.005,0.01,0.002,0.002,0.0,0.0,50.0,0.9,1.0,4.3,114.0,58.0,172.0,7.0,0.0,148.0,147.0,151.0,7.0,1.0,1.0
129.0,0.005,0.01,0.003,0.0,0.0,0.0,41.0,1.1,0.0,2.9,135.0,65.0,200.0,4.0,0.5699688092250241,133.0,147.0,142.0,60.0,0.0,1.0
131.0,0.005,0.01,0.003,0.0,0.0,0.0,37.0,1.4,0.0,3.7,135.0,65.0,200.0,5.0,0.5699688092250241,139.0,154.0,148.0,70.0,0.0,1.0
131.0,0.005,0.01,0.0,0.0,0.0,0.0,44.0,0.8,0.0,4.6,65.0,125.0,190.0,1.0,0.0,137.0,146.0,140.0,38.0,-1.0,1.0
133.0,0.005,0.005,0.0,0.0,0.0,0.0,48.0,0.7,0.0,6.3,28.0,125.0,153.0,1.0,0.0,135.0,137.0,137.0,2.0,0.0,1.0
129.0,0.005,0.01,0.003,0.001,0.0,0.0,36.0,1.5,0.0,17.555315838805065,134.0,61.0,195.0,11.0,0.5699688092250241,184.8982751973874,154.0,147.0,76.0,0.0,1.0
129.0,0.005,0.01,0.005,0.0,0.0,0.0,36.0,1.5,0.0,0.0,99.0,99.0,198.0,3.0,0.5699688092250241,184.8982751973874,163.0,169.0,76.0,1.0,1.0
129.0,0.005,0.01,0.003,0.0,0.0,0.0,37.0,1.2,0.0,8.6,102.0,93.0,195.0,8.0,0.0,184.8982751973874,157.0,153.0,76.0,0.0,1.0
129.0,0.005,0.006,0.0,0.0,0.0,0.0,39.0,1.1,0.0,11.7,105.0,55.0,160.0,3.0,0.5699688092250241,127.0,136.0,137.0,21.0,1.0,1.0
129.0,0.005,0.01,0.002,0.0,0.0,0.0,37.0,1.3,0.0,12.1,140.0,55.0,195.0,7.0,0.5699688092250241,184.8982751973874,151.0,144.0,76.0,0.0,1.0
129.0,0.005,0.01,0.003,0.0,0.0,0.0,36.0,1.4,0.0,9.4,140.0,55.0,195.0,5.0,0.5699688092250241,143.0,148.0,143.0,52.0,0.0,1.0
143.0,0.0,0.0,0.001,0.0,0.0,0.0,59.0,0.5,29.0,9.8,37.0,120.0,157.0,5.0,0.5699688092250241,146.0,146.0,147.0,2.0,1.0,1.0
143.0,0.0,0.0,0.0,0.0,0.0,0.0,70.0,0.3,49.0,5.3,13.0,137.0,150.0,1.0,0.0,146.0,144.0,146.0,0.0,0.0,2.0
143.0,0.0,0.0,0.002,0.0,0.0,0.0,46.0,0.9,0.0,11.8,116.0,68.0,184.0,5.0,0.5699688092250241,150.0,147.0,149.0,4.0,1.0,1.0
143.0,0.0,0.0,0.001,0.0,0.0,0.0,56.0,0.6,12.0,12.2,116.0,68.0,184.0,5.0,0.5699688092250241,145.0,145.0,147.0,3.0,1.0,1.0
143.0,0.0,0.0,0.001,0.0,0.0,0.0,63.0,0.5,35.0,9.9,37.0,120.0,157.0,5.0,0.5699688092250241,146.0,145.0,146.0,2.0,1.0,2.0
143.0,0.0,0.0,0.002,0.0,0.0,0.0,51.0,0.8,9.0,13.1,116.0,68.0,184.0,6.0,0.5699688092250241,145.0,147.0,148.0,3.0,1.0,1.0
148.0,0.0,0.0,0.0,0.0,0.0,0.0,65.0,0.4,20.0,6.7,21.0,141.0,162.0,1.0,0.0,157.0,155.0,157.0,1.0,1.0,2.0
148.0,0.0,0.0,0.0,0.0,0.0,0.0,65.0,0.4,21.0,6.5,17.0,145.0,162.0,0.0,0.0,156.0,155.0,157.0,0.0,0.0,2.0
150.0,0.002,0.0,0.0,0.003,0.0,0.0,47.0,1.4,10.0,12.1,145.0,52.0,197.0,8.0,0.0,159.0,154.0,157.0,13.0,1.0,2.0
150.0,0.0,0.0,0.0,0.0,0.0,0.0,53.0,0.5,62.0,4.5,14.0,151.0,165.0,0.0,0.0,161.0,159.0,161.0,1.0,0.0,2.0
150.0,0.0,0.0,0.0,0.003,0.0,0.0,47.0,1.1,15.0,7.1,136.0,61.0,197.0,5.0,0.0,159.0,154.0,157.0,8.0,1.0,1.0
151.0,0.0,0.0,0.0,0.0,0.0,0.0,48.0,0.6,68.0,4.0,8.0,154.0,162.0,0.0,0.0,159.0,158.0,160.0,0.0,0.0,2.0
151.0,0.0,0.0,0.0,0.0,0.0,0.0,47.0,0.7,70.0,3.9,8.0,154.0,162.0,0.0,0.0,159.0,158.0,160.0,0.0,0.0,3.0
150.0,0.0,0.0,0.0,0.003,0.0,0.0,73.0,0.9,47.0,4.8,148.0,51.0,199.0,8.0,0.0,154.0,150.0,155.0,29.0,1.0,2.0
150.0,0.0,0.0,0.0,0.005,0.0,0.0,70.0,1.4,48.0,4.4,149.0,51.0,200.0,10.0,0.0,154.0,147.0,155.0,54.0,1.0,2.0
150.0,0.0,0.0,0.0,0.0,0.0,0.0,78.0,0.2,51.0,4.8,11.0,146.0,157.0,1.0,0.0,154.0,153.0,155.0,0.0,1.0,2.0
150.0,0.0,0.0,0.0,0.0,0.0,0.0,76.0,0.3,31.0,5.4,11.0,146.0,157.0,1.0,0.0,154.0,153.0,155.0,0.0,1.0,2.0
150.0,0.0,0.0,0.0,0.001,0.0,0.0,76.0,0.2,43.0,5.2,35.0,123.0,158.0,1.0,0.0,154.0,153.0,155.0,1.0,1.0,2.0
150.0,0.0,0.0,0.0,0.0,0.0,0.0,78.0,0.2,50.0,4.8,12.0,146.0,158.0,0.0,0.0,154.0,154.0,155.0,0.0,1.0,2.0
147.0,0.0,0.0,0.001,0.0,0.0,0.0,66.0,0.4,16.0,7.4,80.0,74.0,154.0,1.0,0.0,148.0,146.0,148.0,1.0,1.0,2.0
147.0,0.0,0.0,0.002,0.002,0.0,0.0,71.0,0.3,17.0,5.8,15.0,139.0,154.0,0.0,0.0,143.0,145.0,146.0,1.0,0.0,2.0
147.0,0.0,0.0,0.0,0.0,0.0,0.0,60.0,0.4,12.0,5.5,10.0,144.0,154.0,0.0,0.0,150.0,149.0,150.0,0.0,0.0,2.0
147.0,0.0,0.0,0.0,0.0,0.0,0.0,63.0,0.4,12.0,8.1,80.0,74.0,154.0,1.0,0.0,148.0,147.0,149.0,1.0,1.0,1.0
135.0,0.002,0.0,0.001,0.0,0.0,0.0,59.0,0.6,4.0,9.3,118.0,70.0,188.0,3.0,0.0,140.0,140.0,141.0,3.0,0.0,1.0
135.0,0.0,0.0,0.0,0.0,0.0,0.0,55.0,0.6,0.0,7.4,21.0,131.0,152.0,2.0,0.0,135.0,139.0,141.0,4.0,0.0,1.0
135.0,0.002,0.0,0.0,0.0,0.0,0.0,63.0,0.5,8.0,5.4,33.0,133.0,166.0,1.0,0.0,141.0,142.0,143.0,1.0,-1.0,2.0
137.0,0.001,0.0,0.001,0.0,0.0,0.0,68.0,0.4,47.0,5.8,65.0,135.0,200.0,3.0,0.0,143.0,143.0,144.0,1.0,-1.0,2.0
137.0,0.0,0.0,0.0,0.0,0.0,0.0,74.0,0.3,71.0,4.0,13.0,135.0,148.0,1.0,0.0,140.0,141.0,142.0,1.0,0.0,3.0
137.0,0.002,0.0,0.002,0.0,0.0,0.0,63.0,0.5,9.0,7.8,75.0,125.0,200.0,4.0,0.0,146.0,144.0,146.0,2.0,-1.0,2.0
137.0,0.001,0.0,0.0,0.0,0.0,0.0,70.0,0.4,48.0,4.7,66.0,134.0,200.0,3.0,0.0,140.0,142.0,143.0,3.0,-1.0,2.0
143.0,0.0,0.0,0.003,0.0,0.0,0.0,65.0,0.6,14.0,13.3,38.0,120.0,158.0,5.0,0.0,145.0,145.0,146.0,2.0,0.0,2.0
143.0,0.0,0.0,0.003,0.0,0.0,0.0,64.0,0.6,26.0,11.6,85.0,73.0,158.0,7.0,0.5699688092250241,146.0,145.0,147.0,2.0,1.0,2.0
143.0,0.0,0.0,0.002,0.0,0.0,0.0,65.0,0.5,0.0,9.2,23.0,129.0,152.0,2.0,0.5699688092250241,143.0,143.0,145.0,1.0,0.0,2.0
143.0,0.0,0.0,0.002,0.0,0.0,0.0,65.0,0.6,7.0,12.9,29.0,129.0,158.0,4.0,0.5699688092250241,150.0,145.0,146.0,5.0,0.0,2.0
156.0,0.0,0.002,0.005,0.0,0.0,0.0,53.0,0.6,6.0,10.8,27.0,141.0,168.0,2.0,0.5699688092250241,163.0,159.0,161.0,2.0,1.0,1.0
156.0,0.0,0.001,0.005,0.0,0.0,0.0,53.0,0.8,3.0,17.555315838805065,91.0,102.0,193.0,3.0,0.0,161.0,159.0,161.0,3.0,0.0,1.0
120.0,0.005,0.006,0.003,0.0,0.0,0.0,40.0,1.3,0.0,7.1,89.0,68.0,157.0,5.0,0.5699688092250241,133.0,134.0,136.0,9.0,1.0,1.0
121.0,0.005,0.009,0.001,0.0,0.0,0.0,39.0,1.3,0.0,6.6,98.0,102.0,200.0,7.0,0.5699688092250241,133.0,131.0,132.0,8.0,-1.0,1.0
121.0,0.005,0.007,0.001,0.0,0.0,0.0,39.0,1.3,0.0,6.9,132.0,68.0,200.0,8.0,0.5699688092250241,133.0,132.0,134.0,8.0,0.0,1.0
121.0,0.005,0.005,0.002,0.0,0.0,0.0,39.0,1.2,0.0,7.5,86.0,68.0,154.0,7.0,0.5699688092250241,133.0,133.0,135.0,8.0,1.0,1.0
125.0,0.005,0.0,0.0,0.0,0.0,0.0,41.0,1.2,0.0,11.4,63.0,98.0,161.0,4.0,0.0,138.0,135.0,137.0,6.0,0.0,1.0
125.0,0.005,0.0,0.0,0.0,0.0,0.0,37.0,1.6,0.0,12.2,126.0,68.0,194.0,3.0,0.5699688092250241,127.0,133.0,134.0,12.0,0.0,1.0
125.0,0.005,0.0,0.0,0.0,0.0,0.0,44.0,0.9,0.0,7.7,38.0,118.0,156.0,3.0,0.0,138.0,137.0,139.0,3.0,0.0,1.0
151.0,0.0,0.0,0.006,0.006,0.0,0.0,63.0,1.3,21.0,8.2,150.0,50.0,200.0,8.0,0.5699688092250241,156.0,149.0,156.0,44.0,1.0,2.0
151.0,0.0,0.0,0.008,0.005,0.0,0.0,60.0,0.9,17.0,3.4,124.0,50.0,174.0,8.0,0.0,156.0,148.0,155.0,37.0,1.0,2.0
151.0,0.0,0.0,0.006,0.006,0.0,0.0,64.0,1.1,26.0,3.0,150.0,50.0,200.0,11.0,0.5699688092250241,156.0,150.0,156.0,38.0,1.0,2.0
151.0,0.0,0.0,0.008,0.005,0.0,0.0,61.0,1.3,15.0,10.5,150.0,50.0,200.0,8.0,0.5699688092250241,156.0,148.0,155.0,42.0,1.0,2.0
151.0,0.0,0.0,0.006,0.004,0.0,0.0,57.0,2.6,16.0,17.555315838805065,149.0,51.0,200.0,12.0,0.5699688092250241,156.0,150.0,157.0,56.0,1.0,2.0
151.0,0.0,0.0,0.006,0.006,0.0,0.0,53.0,2.9,3.0,17.555315838805065,149.0,51.0,200.0,11.0,0.5699688092250241,156.0,147.0,155.0,75.0,1.0,2.0
142.0,0.001,0.003,0.001,0.002,0.0,0.0,55.0,1.3,10.0,15.5,115.0,52.0,167.0,12.0,0.5699688092250241,148.0,143.0,147.0,17.0,1.0,1.0
142.0,0.001,0.003,0.001,0.002,0.0,0.0,55.0,1.3,10.0,10.0,115.0,52.0,167.0,13.246502024899133,0.5699688092250241,148.0,142.0,147.0,20.0,1.0,1.0
144.0,0.0,0.003,0.0,0.001,0.0,0.0,60.0,0.6,7.0,8.5,110.0,57.0,167.0,3.0,0.0,144.0,149.0,149.0,10.0,1.0,2.0
144.0,0.0,0.003,0.0,0.0,0.0,0.0,61.0,0.4,8.0,6.7,16.0,140.0,156.0,0.0,0.0,148.0,147.0,149.0,0.0,0.0,2.0
144.0,0.0,0.003,0.0,0.0,0.0,0.0,58.0,0.5,5.0,7.8,26.0,141.0,167.0,1.0,0.0,147.0,151.0,151.0,6.0,-1.0,2.0
142.0,0.0,0.004,0.0,0.0,0.0,0.0,68.0,0.3,39.0,6.7,15.0,136.0,151.0,1.0,0.0,142.0,142.0,143.0,0.0,0.0,2.0
142.0,0.0,0.006,0.0,0.0,0.0,0.0,69.0,0.3,39.0,6.5,14.0,137.0,151.0,1.0,0.0,142.0,142.0,143.0,0.0,0.0,2.0
142.0,0.0,0.004,0.0,0.0,0.0,0.0,68.0,0.3,38.0,6.7,15.0,136.0,151.0,1.0,0.0,142.0,142.0,143.0,0.0,0.0,2.0
135.0,0.004,0.003,0.0,0.0,0.0,0.0,59.0,0.5,13.0,6.6,95.0,70.0,165.0,5.0,0.0,142.0,141.0,143.0,2.0,1.0,1.0
135.0,0.001,0.002,0.0,0.0,0.0,0.0,58.0,0.6,15.0,8.0,95.0,70.0,165.0,5.0,0.0,139.0,140.0,141.0,2.0,1.0,1.0
135.0,0.0,0.003,0.0,0.0,0.0,0.0,59.0,0.5,16.0,8.5,40.0,113.0,153.0,4.0,0.0,139.0,139.0,140.0,1.0,0.0,1.0
135.0,0.005,0.003,0.0,0.0,0.0,0.0,58.0,0.6,3.0,3.9,95.0,70.0,165.0,5.0,0.0,142.0,143.0,144.0,2.0,1.0,1.0
127.0,0.005,0.006,0.004,0.0,0.0,0.0,43.0,1.9,0.0,17.555315838805065,124.0,60.0,184.0,10.0,0.0,133.0,137.0,138.0,16.0,0.0,1.0
133.0,0.0,0.003,0.002,0.0,0.0,0.0,55.0,0.5,16.0,9.2,22.0,125.0,147.0,1.0,0.0,137.0,136.0,137.0,1.0,0.0,1.0
133.0,0.0,0.003,0.003,0.0,0.0,0.0,58.0,0.5,17.0,8.9,22.0,125.0,147.0,2.0,0.0,136.0,136.0,137.0,1.0,0.0,1.0
133.0,0.0,0.004,0.001,0.0,0.0,0.0,53.0,0.6,13.0,9.9,22.0,125.0,147.0,2.0,0.0,137.0,136.0,137.0,1.0,0.0,1.0
131.0,0.005,0.01,0.005,0.001,0.0,0.0,34.0,2.2,0.0,17.555315838805065,107.0,52.0,159.0,2.0,0.0,133.0,135.0,137.0,22.0,1.0,1.0
141.0,0.005,0.0,0.001,0.0,0.0,0.0,42.0,1.8,0.0,15.5,116.0,70.0,186.0,8.0,0.5699688092250241,153.0,151.0,152.0,14.0,1.0,1.0
141.0,0.004,0.0,0.0,0.0,0.0,0.0,45.0,1.1,0.0,16.1,100.0,70.0,170.0,1.0,0.0,153.0,151.0,152.0,7.0,1.0,1.0
141.0,0.005,0.0,0.002,0.0,0.0,0.0,46.0,0.8,4.0,10.2,98.0,69.0,167.0,3.0,0.0,143.0,146.0,146.0,6.0,1.0,1.0
120.0,0.003,0.002,0.002,0.0,0.0,0.0,62.0,0.4,13.0,7.9,35.0,106.0,141.0,2.0,0.0,120.0,122.0,122.0,3.0,0.0,1.0
120.0,0.0,0.002,0.0,0.0,0.0,0.0,69.0,0.3,21.0,7.0,19.0,114.0,133.0,2.0,0.0,120.0,120.0,121.0,0.0,-1.0,2.0
120.0,0.004,0.001,0.003,0.0,0.0,0.0,56.0,0.5,0.0,8.8,35.0,106.0,141.0,1.0,0.0,125.0,125.0,126.0,3.0,0.0,1.0
120.0,0.005,0.001,0.001,0.0,0.0,0.0,51.0,1.3,3.0,11.1,113.0,59.0,172.0,13.246502024899133,0.5699688092250241,117.0,127.0,129.0,23.0,0.0,1.0
120.0,0.003,0.0,0.002,0.0,0.0,0.0,53.0,0.8,3.0,10.1,93.0,71.0,164.0,7.0,0.0,117.0,127.0,128.0,21.0,0.0,1.0
144.0,0.0,0.002,0.001,0.001,0.0,0.0,78.0,0.6,23.0,11.0,126.0,74.0,200.0,5.0,0.0,146.0,145.0,147.0,3.0,0.0,2.0
144.0,0.0,0.001,0.001,0.0,0.0,0.0,83.0,0.3,31.0,5.8,38.0,132.0,170.0,2.0,0.0,144.0,144.0,145.0,0.0,-1.0,3.0
144.0,0.0,0.002,0.002,0.0,0.0,0.0,84.0,0.3,31.0,5.7,38.0,132.0,170.0,2.0,0.0,144.0,143.0,145.0,0.0,-1.0,3.0
144.0,0.0,0.002,0.002,0.0,0.0,0.0,84.0,0.3,34.0,5.5,38.0,132.0,170.0,2.0,0.0,144.0,143.0,145.0,0.0,-1.0,3.0
151.0,0.0,0.002,0.0,0.0,0.0,0.0,81.0,0.4,28.0,6.6,34.0,130.0,164.0,2.0,0.0,152.0,152.0,153.0,1.0,0.0,3.0
151.0,0.0,0.002,0.0,0.0,0.0,0.0,81.0,0.4,29.0,6.4,30.0,130.0,160.0,2.0,0.0,152.0,151.0,153.0,1.0,1.0,3.0
150.0,0.0,0.004,0.0,0.0,0.0,0.0,82.0,0.4,38.0,5.2,12.0,148.0,160.0,0.0,0.0,152.0,154.0,155.0,1.0,0.0,3.0
150.0,0.0,0.0,0.001,0.0,0.0,0.0,81.0,0.4,17.0,7.1,44.0,130.0,174.0,2.0,0.0,152.0,150.0,151.0,1.0,0.0,3.0
150.0,0.0,0.003,0.0,0.0,0.0,0.0,80.0,0.4,24.0,8.5,52.0,124.0,176.0,1.0,0.0,150.0,152.0,153.0,2.0,0.0,3.0
150.0,0.0,0.001,0.0,0.0,0.0,0.0,84.0,0.3,32.0,6.2,20.0,136.0,156.0,0.0,0.0,150.0,150.0,151.0,1.0,1.0,3.0
150.0,0.0,0.002,0.0,0.0,0.0,0.0,84.0,0.3,37.0,5.2,16.0,140.0,156.0,0.0,0.0,150.0,150.0,151.0,0.0,0.0,3.0
145.0,0.0,0.0,0.001,0.001,0.0,0.0,62.0,0.5,8.0,10.1,87.0,70.0,157.0,1.0,0.5699688092250241,148.0,145.0,148.0,4.0,1.0,2.0
145.0,0.0,0.0,0.0,0.0,0.0,0.0,66.0,0.4,9.0,7.7,22.0,135.0,157.0,1.0,0.0,148.0,148.0,149.0,0.0,0.0,2.0
145.0,0.0,0.0,0.001,0.001,0.0,0.0,60.0,0.5,5.0,7.5,46.0,111.0,157.0,1.0,0.5699688092250241,148.0,146.0,148.0,4.0,1.0,2.0
145.0,0.0,0.0,0.0,0.002,0.0,0.0,57.0,0.5,0.0,7.3,46.0,111.0,157.0,1.0,0.5699688092250241,150.0,146.0,149.0,6.0,1.0,1.0
140.0,0.0,0.0,0.001,0.0,0.0,0.0,60.0,0.8,32.0,11.2,120.0,79.0,199.0,9.0,0.0,141.0,141.0,142.0,3.0,0.0,2.0
140.0,0.0,0.0,0.0,0.0,0.0,0.0,64.0,0.5,37.0,7.6,76.0,84.0,160.0,5.0,0.0,141.0,140.0,142.0,1.0,1.0,2.0
139.0,0.002,0.007,0.0,0.0,0.0,0.0,55.0,0.8,8.0,8.9,63.0,127.0,190.0,7.0,0.5699688092250241,144.0,146.0,147.0,4.0,-1.0,2.0
139.0,0.001,0.01,0.0,0.0,0.0,0.0,54.0,0.9,3.0,9.4,121.0,55.0,176.0,6.0,0.5699688092250241,154.0,147.0,148.0,9.0,1.0,2.0
143.0,0.0,0.002,0.001,0.0,0.0,0.0,61.0,0.6,17.0,14.4,84.0,74.0,158.0,10.0,0.5699688092250241,145.0,144.0,146.0,3.0,1.0,2.0
143.0,0.0,0.001,0.0,0.0,0.0,0.0,64.0,0.4,19.0,6.5,17.0,137.0,154.0,2.0,0.0,144.0,144.0,145.0,0.0,0.0,2.0
127.0,0.005,0.003,0.0,0.001,0.0,0.0,35.0,1.2,0.0,5.1,119.0,62.0,181.0,6.0,0.0,133.0,138.0,134.0,27.0,0.0,1.0
127.0,0.005,0.005,0.0,0.0,0.0,0.0,35.0,1.2,0.0,3.1,120.0,62.0,182.0,6.0,0.0,133.0,139.0,135.0,26.0,0.0,1.0
127.0,0.005,0.0,0.0,0.002,0.0,0.0,33.0,1.3,0.0,6.9,96.0,79.0,175.0,4.0,0.0,129.0,135.0,133.0,27.0,0.0,1.0
127.0,0.005,0.003,0.0,0.0,0.0,0.0,34.0,1.2,0.0,3.6,119.0,62.0,181.0,6.0,0.0,133.0,139.0,135.0,26.0,0.0,1.0
120.0,0.005,0.01,0.001,0.0,0.0,0.0,35.0,2.4,0.0,11.4,121.0,55.0,176.0,10.0,0.0,167.0,149.0,157.0,72.0,1.0,1.0
120.0,0.005,0.01,0.0,0.0,0.0,0.0,33.0,2.7,0.0,10.4,142.0,51.0,193.0,9.0,0.0,167.0,148.0,156.0,76.0,1.0,1.0
120.0,0.005,0.01,0.001,0.0,0.0,0.0,36.0,2.1,0.0,0.9,140.0,53.0,193.0,13.0,0.0,167.0,151.0,158.0,56.0,1.0,1.0
120.0,0.005,0.01,0.002,0.0,0.0,0.0,36.0,1.8,0.0,10.9,124.0,53.0,177.0,6.0,0.0,163.0,152.0,160.0,42.0,1.0,1.0
127.0,0.005,0.01,0.002,0.0,0.0,0.0,35.0,2.2,0.0,5.7,113.0,61.0,174.0,13.0,0.5699688092250241,133.0,143.0,143.0,39.0,1.0,1.0
127.0,0.005,0.01,0.002,0.0,0.0,0.0,38.0,1.4,0.0,7.2,113.0,61.0,174.0,6.0,0.5699688092250241,129.0,144.0,141.0,45.0,1.0,1.0
130.0,0.005,0.01,0.001,0.0,0.0,0.0,32.0,2.4,0.0,9.5,120.0,50.0,170.0,10.0,0.0,159.0,150.0,155.0,27.0,1.0,1.0
130.0,0.005,0.01,0.002,0.0,0.0,0.0,34.0,2.1,0.0,3.0,132.0,50.0,182.0,8.0,0.0,159.0,151.0,155.0,25.0,1.0,1.0
130.0,0.005,0.01,0.0,0.0,0.0,0.0,31.0,2.6,0.0,14.0,120.0,50.0,170.0,12.0,0.0,157.0,151.0,156.0,24.0,1.0,1.0
130.0,0.005,0.01,0.001,0.0,0.0,0.0,34.0,2.1,0.0,5.6,132.0,50.0,182.0,10.0,0.0,159.0,150.0,155.0,26.0,1.0,1.0
131.0,0.005,0.01,0.001,0.0,0.0,0.0,29.0,3.7,0.0,4.8,120.0,51.0,171.0,11.0,0.5699688092250241,150.0,144.0,151.0,33.0,1.0,1.0
131.0,0.005,0.01,0.001,0.0,0.0,0.0,31.0,3.2,0.0,7.1,133.0,53.0,186.0,10.0,0.5699688092250241,150.0,144.0,149.0,25.0,1.0,1.0
130.0,0.005,0.01,0.004,0.0,0.0,0.0,36.0,1.9,0.0,17.555315838805065,118.0,54.0,172.0,6.0,0.0,154.0,148.0,154.0,26.0,1.0,1.0
130.0,0.005,0.01,0.006,0.0,0.0,0.0,34.0,2.1,0.0,17.2,118.0,52.0,170.0,5.0,0.0,159.0,146.0,151.0,39.0,1.0,1.0
128.0,0.005,0.01,0.004,0.0,0.0,0.0,40.0,1.1,0.0,12.7,123.0,59.0,182.0,7.0,0.0,129.0,139.0,136.0,25.0,0.0,1.0
128.0,0.005,0.01,0.004,0.0,0.0,0.0,39.0,1.2,0.0,12.8,123.0,59.0,182.0,8.0,0.0,129.0,138.0,135.0,25.0,0.0,1.0
157.0,0.005,0.003,0.002,0.0,0.0,0.0,49.0,0.7,0.0,4.9,39.0,153.0,192.0,0.0,0.0,163.0,166.0,166.0,6.0,-1.0,1.0
157.0,0.005,0.004,0.002,0.0,0.0,0.0,50.0,0.6,0.0,5.6,39.0,153.0,192.0,1.0,0.0,165.0,166.0,166.0,4.0,-1.0,1.0
157.0,0.005,0.004,0.001,0.0,0.0,0.0,48.0,0.7,0.0,5.3,39.0,153.0,192.0,1.0,0.0,163.0,167.0,166.0,6.0,-1.0,1.0
157.0,0.005,0.0,0.003,0.0,0.0,0.0,49.0,0.7,0.0,3.3,38.0,154.0,192.0,2.0,0.0,161.0,167.0,166.0,9.0,-1.0,1.0
154.0,0.005,0.002,0.003,0.0,0.0,0.0,48.0,0.7,0.0,7.4,66.0,123.0,189.0,3.0,0.5699688092250241,161.0,164.0,164.0,8.0,0.0,1.0
154.0,0.005,0.001,0.002,0.0,0.0,0.0,45.0,0.8,0.0,3.5,47.0,142.0,189.0,2.0,0.5699688092250241,161.0,166.0,165.0,10.0,0.0,1.0
154.0,0.003,0.003,0.003,0.0,0.0,0.0,56.0,0.6,1.0,9.2,31.0,140.0,171.0,1.0,0.0,161.0,160.0,162.0,2.0,1.0,1.0
154.0,0.003,0.0,0.0,0.0,0.0,0.0,56.0,0.6,0.0,5.4,26.0,153.0,179.0,1.0,0.5699688092250241,161.0,161.0,162.0,1.0,-1.0,2.0
130.0,0.005,0.01,0.005,0.0,0.0,0.0,43.0,1.0,0.0,5.1,88.0,71.0,159.0,5.0,0.5699688092250241,133.0,142.0,142.0,17.0,1.0,1.0
130.0,0.005,0.01,0.004,0.0,0.0,0.0,46.0,0.8,0.0,6.9,88.0,71.0,159.0,3.0,0.0,133.0,141.0,139.0,15.0,1.0,1.0
130.0,0.005,0.01,0.005,0.0,0.0,0.0,42.0,1.0,0.0,3.7,105.0,76.0,181.0,3.0,0.0,133.0,141.0,140.0,15.0,0.0,1.0
130.0,0.005,0.01,0.004,0.0,0.0,0.0,43.0,1.0,0.0,4.1,110.0,71.0,181.0,3.0,0.0,153.0,143.0,146.0,17.0,1.0,1.0
126.0,0.005,0.01,0.004,0.0,0.0,0.0,41.0,1.3,2.0,10.7,127.0,66.0,193.0,9.0,0.0,129.0,133.0,133.0,11.0,0.0,1.0
126.0,0.005,0.01,0.005,0.0,0.0,0.0,42.0,1.5,0.0,7.8,147.0,51.0,198.0,9.0,0.0,133.0,136.0,134.0,13.0,0.0,1.0
126.0,0.002,0.005,0.003,0.0,0.0,0.0,40.0,1.1,4.0,12.5,86.0,66.0,152.0,3.0,0.0,129.0,129.0,131.0,3.0,1.0,1.0
126.0,0.0,0.0,0.0,0.0,0.0,0.0,40.0,1.1,5.0,10.1,27.0,120.0,147.0,1.0,0.5699688092250241,129.0,129.0,130.0,1.0,0.0,1.0
158.0,0.005,0.01,0.002,0.0,0.0,0.0,41.0,0.9,0.0,13.2,47.0,151.0,198.0,4.0,0.0,184.8982751973874,178.0,180.0,15.0,0.0,1.0
158.0,0.005,0.01,0.003,0.0,0.0,0.0,41.0,0.8,0.0,0.0,45.0,153.0,198.0,2.0,0.0,184.8982751973874,180.0,183.0,11.0,1.0,1.0
158.0,0.005,0.01,0.003,0.0,0.0,0.0,40.0,0.9,0.0,0.0,40.0,158.0,198.0,1.0,0.0,184.8982751973874,182.0,186.0,9.0,1.0,1.0
158.0,0.005,0.01,0.0,0.0,0.0,0.0,42.0,0.9,0.0,2.8,43.0,151.0,194.0,2.0,0.0,180.0,175.0,178.0,10.0,0.0,1.0
142.0,0.005,0.01,0.002,0.001,0.0,0.0,36.0,1.9,0.0,2.5,148.0,51.0,199.0,12.0,0.0,180.0,164.0,171.0,53.0,1.0,1.0
142.0,0.005,0.01,0.003,0.0,0.0,0.0,38.0,1.3,0.0,0.0,62.0,127.0,189.0,8.0,0.0,180.0,171.0,176.0,22.0,1.0,1.0
142.0,0.005,0.01,0.002,0.0,0.0,0.0,38.0,1.1,0.0,0.0,76.0,112.0,188.0,2.0,0.0,176.0,173.0,176.0,11.0,1.0,1.0
142.0,0.005,0.01,0.0,0.0,0.0,0.0,32.0,2.3,0.0,0.0,144.0,56.0,200.0,10.0,0.0,170.0,158.0,162.0,37.0,1.0,1.0
142.0,0.005,0.01,0.0,0.002,0.0,0.0,32.0,3.1,0.0,1.6,149.0,51.0,200.0,10.0,0.0,167.0,154.0,160.0,55.0,1.0,1.0
142.0,0.005,0.01,0.004,0.0,0.0,0.0,38.0,1.3,0.0,0.0,130.0,68.0,198.0,5.0,0.0,180.0,173.0,177.0,14.0,1.0,1.0
137.0,0.003,0.002,0.0,0.0,0.0,0.0,59.0,0.8,24.0,13.4,97.0,70.0,167.0,8.0,0.0,143.0,144.0,145.0,5.0,1.0,1.0
137.0,0.0,0.001,0.0,0.0,0.0,0.0,60.0,0.6,22.0,13.1,96.0,71.0,167.0,3.0,0.0,143.0,144.0,144.0,3.0,1.0,2.0
137.0,0.0,0.0,0.0,0.0,0.0,0.0,63.0,0.5,36.0,7.5,96.0,71.0,167.0,3.0,0.0,143.0,141.0,143.0,1.0,1.0,2.0
138.0,0.001,0.001,0.0,0.0,0.0,0.0,52.0,1.0,18.0,14.8,102.0,74.0,176.0,8.0,0.5699688092250241,142.0,141.0,143.0,3.0,1.0,1.0
138.0,0.001,0.001,0.0,0.0,0.0,0.0,55.0,0.7,22.0,6.7,102.0,74.0,176.0,4.0,0.0,142.0,141.0,142.0,1.0,0.0,1.0
143.0,0.0,0.001,0.0,0.0,0.0,0.0,65.0,0.6,28.0,14.9,93.0,72.0,165.0,4.0,0.0,144.0,144.0,146.0,3.0,1.0,2.0
143.0,0.0,0.0,0.0,0.0,0.0,0.0,66.0,0.5,28.0,13.5,93.0,72.0,165.0,4.0,0.0,144.0,144.0,146.0,2.0,1.0,2.0
143.0,0.0,0.0,0.0,0.0,0.0,0.0,65.0,0.5,24.0,10.4,111.0,56.0,167.0,4.0,0.0,143.0,144.0,145.0,1.0,1.0,2.0
145.0,0.005,0.001,0.001,0.0,0.0,0.0,51.0,0.8,0.0,8.7,92.0,74.0,166.0,4.0,0.0,159.0,155.0,157.0,5.0,1.0,1.0
145.0,0.003,0.003,0.0,0.0,0.0,0.0,54.0,0.6,0.0,6.6,21.0,145.0,166.0,0.0,0.0,157.0,156.0,158.0,1.0,0.0,2.0
140.0,0.001,0.0,0.001,0.0,0.0,0.0,52.0,0.8,0.0,16.2,108.0,57.0,165.0,7.0,0.0,146.0,145.0,147.0,4.0,1.0,1.0
140.0,0.0,0.0,0.002,0.0,0.0,0.0,53.0,0.7,0.0,14.8,84.0,72.0,156.0,4.0,0.0,143.0,145.0,146.0,3.0,1.0,1.0
145.0,0.0,0.0,0.0,0.001,0.0,0.0,66.0,0.4,31.0,7.4,30.0,124.0,154.0,4.0,0.0,146.0,145.0,147.0,1.0,1.0,2.0
145.0,0.0,0.0,0.002,0.0,0.0,0.0,70.0,0.3,40.0,5.3,14.0,139.0,153.0,1.0,0.0,146.0,146.0,147.0,0.0,0.0,2.0
145.0,0.0,0.0,0.0,0.0,0.0,0.0,63.0,0.4,23.0,10.4,31.0,123.0,154.0,4.0,0.0,146.0,144.0,147.0,1.0,1.0,2.0
138.0,0.0,0.01,0.005,0.002,0.0,0.0,59.0,0.5,26.0,4.9,54.0,100.0,154.0,5.0,0.0,147.0,145.0,148.0,3.0,1.0,2.0
141.0,0.0,0.002,0.003,0.0,0.0,0.0,58.0,0.5,15.0,8.1,23.0,130.0,153.0,1.0,0.0,144.0,143.0,145.0,1.0,0.0,1.0
141.0,0.0,0.0,0.003,0.0,0.0,0.0,61.0,0.4,22.0,6.9,19.0,133.0,152.0,1.0,0.0,144.0,143.0,145.0,0.0,0.0,2.0
141.0,0.0,0.003,0.004,0.0,0.0,0.0,60.0,0.5,22.0,7.8,25.0,128.0,153.0,1.0,0.0,146.0,144.0,146.0,1.0,1.0,2.0
136.0,0.005,0.0,0.006,0.0,0.0,0.0,35.0,3.8999999999999995,0.0,17.555315838805065,148.0,52.0,200.0,5.0,0.5699688092250241,146.0,150.0,151.0,62.0,1.0,1.0
136.0,0.005,0.0,0.004,0.0,0.0,0.0,35.0,3.8999999999999995,0.0,5.2,148.0,52.0,200.0,11.0,0.5699688092250241,146.0,159.0,162.0,74.0,1.0,1.0
140.0,0.003,0.0,0.008,0.003,0.0,0.0,35.0,3.8999999999999995,0.0,17.555315838805065,126.0,50.0,176.0,10.0,0.5699688092250241,148.0,143.0,148.0,43.0,1.0,1.0
140.0,0.0,0.0,0.008,0.006,0.0,0.0,35.0,3.8999999999999995,0.0,17.555315838805065,127.0,50.0,177.0,9.0,0.5699688092250241,143.0,137.0,143.0,27.0,1.0,1.0
140.0,0.005,0.0,0.008,0.0,0.0,0.0,38.0,3.8999999999999995,0.0,17.555315838805065,149.0,50.0,199.0,8.0,0.5699688092250241,148.0,148.0,151.0,43.0,1.0,1.0
140.0,0.003,0.0,0.008,0.004,0.0,0.0,38.0,3.5,0.0,17.555315838805065,127.0,50.0,177.0,5.0,0.0,143.0,141.0,145.0,25.0,1.0,1.0
130.0,0.003,0.0,0.003,0.002,0.0,0.0,40.0,2.9,0.0,17.555315838805065,144.0,51.0,195.0,6.0,0.5699688092250241,133.0,134.0,138.0,27.0,0.0,1.0
130.0,0.005,0.0,0.005,0.003,0.0,0.0,36.0,2.5,0.0,8.7,144.0,51.0,195.0,7.0,0.5699688092250241,133.0,134.0,134.0,38.0,0.0,1.0
130.0,0.004,0.0,0.004,0.004,0.0,0.0,35.0,2.8,0.0,11.6,144.0,51.0,195.0,8.0,0.5699688092250241,127.0,133.0,131.0,53.0,0.0,1.0
130.0,0.0,0.0,0.0,0.007,0.0,0.0,37.0,1.8,0.0,3.0,90.0,58.0,148.0,4.0,0.5699688092250241,127.0,121.0,126.0,21.0,1.0,1.0
128.0,0.001,0.0,0.01,0.003,0.0,0.0,37.0,2.8,0.0,16.0,136.0,55.0,191.0,9.0,0.5699688092250241,129.0,130.0,129.0,37.0,0.0,1.0
128.0,0.0,0.0,0.01,0.005,0.0,0.0,46.0,2.1,0.0,11.6,114.0,50.0,164.0,8.0,0.5699688092250241,129.0,123.0,128.0,17.0,1.0,1.0
128.0,0.002,0.0,0.012,0.003,0.0,0.0,30.0,3.1,0.0,14.9,141.0,50.0,191.0,10.0,0.0,125.0,133.0,128.0,69.0,0.0,1.0
128.0,0.002,0.0,0.011,0.002,0.0,0.0,28.0,3.4,0.0,17.555315838805065,137.0,54.0,191.0,9.0,0.5699688092250241,125.0,137.0,130.0,76.0,0.0,1.0
128.0,0.005,0.0,0.005,0.003,0.0,0.0,45.0,2.8,2.0,10.4,128.0,51.0,179.0,9.0,0.5699688092250241,133.0,132.0,135.0,24.0,0.0,1.0
128.0,0.005,0.0,0.004,0.005,0.0,0.0,43.0,2.5,0.0,3.9,149.0,50.0,199.0,11.0,0.5699688092250241,133.0,130.0,133.0,21.0,0.0,1.0
128.0,0.005,0.0,0.007,0.003,0.0,0.0,50.0,1.9,4.0,5.9,141.0,51.0,192.0,8.0,0.0,133.0,133.0,136.0,15.0,0.0,1.0
128.0,0.005,0.0,0.008,0.006,0.0,0.0,42.0,2.4,0.0,4.5,149.0,50.0,199.0,12.0,0.5699688092250241,133.0,130.0,133.0,24.0,0.0,1.0
128.0,0.005,0.0,0.008,0.005,0.0,0.0,36.0,3.4,0.0,15.2,145.0,53.0,198.0,6.0,0.5699688092250241,133.0,136.0,134.0,65.0,0.0,1.0
128.0,0.001,0.0,0.007,0.006,0.0,0.0,39.0,2.7,0.0,17.555315838805065,128.0,51.0,179.0,6.0,0.0,133.0,125.0,130.0,24.0,0.0,1.0
128.0,0.005,0.0,0.006,0.004,0.0,0.0,36.0,3.8,0.0,17.555315838805065,148.0,51.0,199.0,7.0,0.5699688092250241,133.0,141.0,136.0,76.0,0.0,1.0
128.0,0.005,0.0,0.007,0.004,0.0,0.0,36.0,3.8,0.0,17.555315838805065,145.0,53.0,198.0,7.0,0.5699688092250241,133.0,139.0,135.0,76.0,0.0,1.0
128.0,0.005,0.0,0.007,0.002,0.0,0.0,37.0,3.8999999999999995,0.0,17.555315838805065,147.0,52.0,199.0,7.0,0.5699688092250241,133.0,147.0,140.0,76.0,0.0,1.0
128.0,0.005,0.0,0.003,0.003,0.0,0.0,34.0,3.8999999999999995,0.0,16.0,147.0,52.0,199.0,7.0,0.5699688092250241,133.0,155.0,163.0,76.0,1.0,1.0
128.0,0.0,0.0,0.008,0.007,0.0,0.0,38.0,2.6,0.0,14.8,128.0,51.0,179.0,5.0,0.5699688092250241,133.0,124.0,129.0,25.0,0.0,1.0
128.0,0.003,0.0,0.007,0.005,0.0,0.0,39.0,2.6,0.0,17.1,128.0,51.0,179.0,7.0,0.0,133.0,126.0,132.0,22.0,0.0,1.0
136.0,0.004,0.001,0.0,0.001,0.0,0.0,69.0,0.8,0.0,17.2,126.0,54.0,180.0,5.0,0.0,140.0,139.0,141.0,7.0,1.0,1.0
120.0,0.003,0.008,0.004,0.0,0.0,0.0,41.0,1.1,0.0,9.2,71.0,105.0,176.0,6.0,0.0,123.0,131.0,127.0,30.0,-1.0,1.0
120.0,0.0,0.0,0.003,0.0,0.0,0.0,45.0,0.8,0.0,11.2,27.0,109.0,136.0,2.0,0.0,123.0,124.0,126.0,2.0,0.0,1.0
120.0,0.003,0.0,0.003,0.0,0.0,0.0,37.0,1.1,0.0,9.6,25.0,112.0,137.0,1.0,0.0,127.0,127.0,129.0,2.0,0.0,1.0
120.0,0.003,0.008,0.004,0.0,0.0,0.0,41.0,1.1,0.0,9.9,67.0,105.0,172.0,4.0,0.0,123.0,127.0,126.0,16.0,-1.0,1.0
120.0,0.003,0.003,0.003,0.0,0.0,0.0,40.0,1.0,0.0,8.7,64.0,112.0,176.0,4.0,0.0,123.0,132.0,128.0,31.0,-1.0,1.0
120.0,0.003,0.006,0.004,0.0,0.0,0.0,42.0,1.0,0.0,9.4,67.0,109.0,176.0,7.0,0.0,123.0,131.0,127.0,31.0,-1.0,1.0
120.0,0.001,0.008,0.003,0.001,0.0,0.0,42.0,1.1,0.0,12.9,116.0,54.0,170.0,10.0,0.0,115.0,118.0,117.0,14.0,0.0,1.0
120.0,0.0,0.006,0.003,0.002,0.0,0.0,45.0,0.9,0.0,9.9,39.0,102.0,141.0,3.0,0.0,115.0,114.0,116.0,1.0,0.0,1.0
120.0,0.0,0.006,0.006,0.0,0.0,0.0,40.0,1.1,0.0,14.0,29.0,106.0,135.0,1.0,0.0,121.0,119.0,121.0,3.0,0.0,1.0
120.0,0.003,0.01,0.004,0.0,0.0,0.0,36.0,1.5,0.0,13.5,112.0,62.0,174.0,6.0,0.0,119.0,129.0,125.0,42.0,0.0,1.0
120.0,0.0,0.01,0.004,0.0,0.0,0.0,38.0,1.3,0.0,15.8,59.0,103.0,162.0,6.0,0.0,119.0,118.0,120.0,4.0,-1.0,1.0
120.0,0.0,0.005,0.003,0.0,0.0,0.0,38.0,1.3,0.0,16.0,59.0,103.0,162.0,4.0,0.0,119.0,120.0,121.0,4.0,-1.0,1.0
120.0,0.005,0.01,0.006,0.0,0.0,0.0,35.0,1.7,0.0,9.6,127.0,62.0,189.0,7.0,0.0,125.0,136.0,132.0,49.0,0.0,1.0
120.0,0.005,0.01,0.009,0.0,0.0,0.0,35.0,1.5,0.0,14.9,78.0,96.0,174.0,5.0,0.5699688092250241,161.0,142.0,139.0,70.0,0.0,1.0
120.0,0.005,0.01,0.008,0.0,0.0,0.0,35.0,1.6,0.0,2.1,96.0,78.0,174.0,7.0,0.0,161.0,141.0,138.0,75.0,0.0,1.0
120.0,0.004,0.01,0.004,0.0,0.0,0.0,37.0,1.5,0.0,11.3,96.0,78.0,174.0,4.0,0.0,119.0,132.0,128.0,51.0,0.0,1.0
148.0,0.002,0.004,0.003,0.0,0.0,0.0,77.0,0.5,3.0,9.6,32.0,140.0,172.0,2.0,0.0,150.0,152.0,153.0,2.0,0.0,1.0
148.0,0.0,0.003,0.004,0.0,0.0,0.0,79.0,0.4,4.0,10.0,20.0,140.0,160.0,1.0,0.0,150.0,151.0,153.0,1.0,0.0,2.0
148.0,0.0,0.002,0.005,0.0,0.0,0.0,82.0,0.4,5.0,8.4,18.0,142.0,160.0,0.0,0.0,150.0,151.0,151.0,0.0,0.0,3.0
148.0,0.0,0.003,0.005,0.0,0.0,0.0,77.0,0.5,4.0,10.2,32.0,140.0,172.0,1.0,0.0,150.0,150.0,151.0,1.0,-1.0,3.0
148.0,0.0,0.004,0.005,0.0,0.0,0.0,78.0,0.5,4.0,10.0,32.0,140.0,172.0,1.0,0.0,150.0,150.0,151.0,1.0,-1.0,2.0
148.0,0.0,0.004,0.004,0.0,0.0,0.0,75.0,0.6,0.0,10.7,32.0,140.0,172.0,1.0,0.0,150.0,150.0,151.0,0.0,-1.0,2.0
144.0,0.005,0.008,0.002,0.001,0.0,0.0,73.0,0.6,0.0,9.3,94.0,82.0,176.0,4.0,0.0,156.0,154.0,155.0,5.0,1.0,1.0
144.0,0.002,0.01,0.002,0.0,0.0,0.0,76.0,0.6,0.0,11.8,54.0,126.0,180.0,2.0,0.0,156.0,153.0,155.0,5.0,0.0,2.0
144.0,0.005,0.007,0.001,0.001,0.0,0.0,71.0,0.8,0.0,2.7,94.0,82.0,176.0,3.0,0.0,156.0,154.0,155.0,6.0,1.0,1.0
144.0,0.005,0.007,0.001,0.001,0.0,0.0,73.0,0.7,0.0,5.2,98.0,82.0,180.0,3.0,0.0,156.0,154.0,157.0,5.0,1.0,1.0
144.0,0.005,0.001,0.0,0.0,0.0,0.0,67.0,0.9,0.0,9.7,98.0,72.0,170.0,4.0,0.0,146.0,147.0,149.0,4.0,1.0,1.0
147.0,0.005,0.009,0.003,0.0,0.0,0.0,71.0,0.7,0.0,9.5,82.0,116.0,198.0,2.0,0.0,156.0,158.0,159.0,10.0,0.0,1.0
147.0,0.005,0.01,0.003,0.0,0.0,0.0,67.0,0.8,0.0,10.9,72.0,120.0,192.0,1.0,0.0,156.0,157.0,157.0,11.0,0.0,1.0
148.0,0.005,0.005,0.004,0.0,0.0,0.0,73.0,0.7,0.0,9.9,82.0,116.0,198.0,2.0,0.0,158.0,159.0,159.0,11.0,0.0,1.0
144.0,0.005,0.006,0.003,0.0,0.0,0.0,34.0,1.6,0.0,17.555315838805065,104.0,71.0,175.0,4.0,0.5699688092250241,148.0,149.0,151.0,11.0,1.0,1.0
144.0,0.005,0.01,0.002,0.0,0.0,0.0,36.0,1.4,0.0,11.5,119.0,57.0,176.0,2.0,0.5699688092250241,148.0,150.0,150.0,12.0,1.0,1.0
144.0,0.002,0.002,0.002,0.0,0.0,0.0,35.0,1.8,0.0,17.555315838805065,118.0,56.0,174.0,6.0,0.5699688092250241,151.0,148.0,151.0,12.0,1.0,1.0
144.0,0.005,0.005,0.002,0.0,0.0,0.0,33.0,1.7,0.0,17.555315838805065,103.0,71.0,174.0,5.0,0.5699688092250241,150.0,149.0,151.0,10.0,1.0,1.0
143.0,0.005,0.01,0.003,0.0,0.0,0.0,39.0,1.6,0.0,10.0,136.0,60.0,196.0,9.0,0.5699688092250241,148.0,149.0,150.0,8.0,0.0,1.0
146.0,0.005,0.003,0.001,0.0,0.0,0.0,41.0,1.9,0.0,17.555315838805065,130.0,50.0,180.0,7.0,0.0,154.0,152.0,155.0,18.0,1.0,1.0
146.0,0.005,0.001,0.001,0.0,0.0,0.0,40.0,1.9,0.0,17.555315838805065,122.0,50.0,172.0,4.0,0.0,154.0,151.0,155.0,16.0,1.0,1.0
146.0,0.005,0.006,0.002,0.0,0.0,0.0,40.0,2.0,0.0,17.555315838805065,133.0,50.0,183.0,8.0,0.0,156.0,154.0,157.0,20.0,1.0,1.0
146.0,0.005,0.01,0.002,0.0,0.0,0.0,41.0,1.0,0.0,1.4,113.0,73.0,186.0,3.0,0.0,157.0,162.0,164.0,13.0,1.0,1.0
142.0,0.0,0.001,0.002,0.0,0.0,0.0,30.0,2.9,5.0,17.555315838805065,108.0,50.0,158.0,1.0,0.0,141.0,140.0,144.0,9.0,1.0,1.0
142.0,0.0,0.003,0.0,0.0,0.0,0.0,40.0,1.1,12.0,10.8,97.0,57.0,154.0,2.0,0.0,148.0,144.0,147.0,4.0,1.0,1.0
142.0,0.005,0.009,0.003,0.0,0.0,0.0,45.0,1.1,2.0,8.7,131.0,51.0,182.0,5.0,0.0,146.0,153.0,152.0,19.0,1.0,1.0
142.0,0.005,0.01,0.004,0.0,0.0,0.0,45.0,1.2,0.0,4.5,134.0,51.0,185.0,5.0,0.0,156.0,158.0,158.0,14.0,1.0,1.0
142.0,0.0,0.002,0.002,0.0,0.0,0.0,43.0,0.8,3.0,9.4,27.0,137.0,164.0,2.0,0.0,146.0,145.0,146.0,1.0,-1.0,1.0
133.0,0.005,0.01,0.004,0.0,0.0,0.0,36.0,3.1,0.0,17.555315838805065,105.0,54.0,159.0,4.0,0.0,143.0,137.0,142.0,28.0,1.0,1.0
133.0,0.005,0.01,0.003,0.0,0.0,0.0,38.0,2.5,0.0,17.555315838805065,113.0,54.0,167.0,3.0,0.0,143.0,137.0,141.0,22.0,1.0,1.0
130.0,0.005,0.01,0.003,0.0,0.0,0.0,45.0,2.8,0.0,17.555315838805065,114.0,52.0,166.0,2.0,0.0,134.0,135.0,137.0,24.0,1.0,1.0
130.0,0.005,0.01,0.004,0.0,0.0,0.0,46.0,2.5,0.0,17.555315838805065,114.0,52.0,166.0,2.0,0.0,134.0,138.0,139.0,23.0,1.0,1.0
132.0,0.005,0.0,0.0,0.002,0.0,0.0,37.0,2.4,0.0,17.0,115.0,52.0,167.0,10.0,0.0,141.0,140.0,143.0,33.0,1.0,1.0
120.0,0.003,0.0,0.002,0.001,0.0,0.0,46.0,1.5,11.0,17.555315838805065,132.0,57.0,189.0,9.0,0.0,125.0,123.0,126.0,15.0,0.0,1.0
120.0,0.0,0.0,0.003,0.0,0.0,0.0,50.0,0.7,26.0,6.0,20.0,116.0,136.0,0.0,0.0,125.0,123.0,125.0,1.0,0.0,1.0
134.0,0.005,0.006,0.003,0.003,0.0,0.0,47.0,2.7,0.0,0.0,110.0,60.0,170.0,5.0,0.0,150.0,147.0,153.0,31.0,1.0,1.0
134.0,0.005,0.002,0.004,0.0,0.0,0.0,48.0,2.2,0.0,0.0,120.0,50.0,170.0,5.0,0.0,160.0,150.0,155.0,28.0,1.0,1.0
144.0,0.0,0.001,0.0,0.0,0.0,0.0,51.0,1.1,10.0,17.555315838805065,115.0,71.0,186.0,9.0,0.0,153.0,151.0,153.0,6.0,1.0,2.0
144.0,0.0,0.002,0.0,0.0,0.0,0.0,47.0,0.8,11.0,13.6,90.0,74.0,164.0,5.0,0.5699688092250241,153.0,151.0,152.0,3.0,1.0,2.0
144.0,0.0,0.0,0.0,0.0,0.0,0.0,62.0,0.5,5.0,6.1,11.0,148.0,159.0,1.0,0.0,153.0,154.0,155.0,0.0,0.0,2.0
143.0,0.003,0.007,0.0,0.001,0.0,0.0,50.0,1.1,3.0,12.2,126.0,74.0,200.0,8.0,0.0,148.0,147.0,149.0,4.0,0.0,1.0
143.0,0.0,0.001,0.0,0.0,0.0,0.0,57.0,0.6,5.0,10.4,98.0,74.0,172.0,2.0,0.0,150.0,148.0,150.0,1.0,1.0,1.0
143.0,0.0,0.002,0.0,0.0,0.0,0.0,56.0,0.6,0.0,8.9,59.0,106.0,165.0,3.0,0.0,148.0,149.0,150.0,1.0,1.0,1.0
143.0,0.005,0.01,0.0,0.0,0.0,0.0,44.0,1.3,0.0,11.4,101.0,80.0,181.0,6.0,0.0,146.0,147.0,148.0,5.0,0.0,1.0
138.0,0.004,0.01,0.0,0.0,0.0,0.0,45.0,1.0,0.0,12.8,115.0,71.0,186.0,7.0,0.0,144.0,144.0,145.0,6.0,0.0,1.0
138.0,0.004,0.01,0.0,0.0,0.0,0.0,42.0,1.0,0.0,13.6,115.0,71.0,186.0,5.0,0.0,144.0,143.0,144.0,6.0,0.0,1.0
138.0,0.0,0.004,0.0,0.0,0.0,0.0,38.0,1.2,0.0,16.5,84.0,71.0,155.0,4.0,0.0,144.0,140.0,142.0,5.0,1.0,1.0
138.0,0.0,0.01,0.0,0.0,0.0,0.0,38.0,1.2,0.0,17.555315838805065,90.0,71.0,161.0,3.0,0.0,144.0,141.0,142.0,5.0,1.0,1.0
136.0,0.005,0.007,0.0,0.0,0.0,0.0,40.0,2.3,0.0,17.555315838805065,139.0,51.0,190.0,5.0,0.5699688092250241,144.0,142.0,145.0,17.0,1.0,1.0
136.0,0.005,0.008,0.0,0.0,0.0,0.0,46.0,1.3,0.0,6.9,149.0,51.0,200.0,12.0,0.0,144.0,145.0,147.0,8.0,0.0,1.0
123.0,0.0,0.0,0.001,0.0,0.0,0.0,73.0,0.3,72.0,5.2,28.0,108.0,136.0,3.0,0.0,123.0,124.0,125.0,1.0,0.0,3.0
123.0,0.0,0.0,0.0,0.0,0.0,0.0,76.0,0.2,82.18278722458729,3.3,11.0,118.0,129.0,1.0,0.0,123.0,122.0,124.0,0.0,0.0,3.0
123.0,0.0,0.0,0.004,0.0,0.0,0.0,60.0,0.6,0.0,10.4,52.0,84.0,136.0,4.0,0.0,125.0,124.0,126.0,2.0,1.0,2.0
123.0,0.0,0.0,0.001,0.0,0.0,0.0,74.0,0.3,64.0,5.9,52.0,84.0,136.0,3.0,0.0,123.0,124.0,126.0,1.0,1.0,2.0
123.0,0.0,0.0,0.001,0.0,0.0,0.0,72.0,0.3,58.0,6.5,52.0,84.0,136.0,3.0,0.0,123.0,123.0,124.0,1.0,1.0,2.0
123.0,0.0,0.001,0.0,0.0,0.0,0.0,70.0,0.3,66.0,5.9,30.0,101.0,131.0,1.0,0.0,123.0,123.0,124.0,1.0,1.0,2.0
123.0,0.0,0.0,0.0,0.0,0.0,0.0,73.0,0.3,82.18278722458729,2.9,9.0,120.0,129.0,2.0,0.0,123.0,124.0,125.0,0.0,0.0,3.0
123.0,0.0,0.0,0.0,0.0,0.0,0.0,74.0,0.3,82.18278722458729,2.8,9.0,120.0,129.0,2.0,0.0,123.0,124.0,125.0,0.0,0.0,3.0
123.0,0.0,0.002,0.0,0.0,0.0,0.0,70.0,0.3,54.0,6.8,31.0,100.0,131.0,0.0,0.0,123.0,121.0,123.0,1.0,1.0,3.0
123.0,0.0,0.0,0.0,0.0,0.0,0.0,70.0,0.3,70.0,4.4,19.0,110.0,129.0,2.0,0.0,123.0,124.0,125.0,1.0,1.0,3.0
123.0,0.0,0.0,0.0,0.0,0.0,0.0,71.0,0.3,77.0,4.1,19.0,110.0,129.0,1.0,0.0,123.0,123.0,124.0,0.0,1.0,3.0
130.0,0.003,0.0,0.005,0.0,0.0,0.0,22.0,1.6,11.0,8.8,95.0,62.0,157.0,7.0,0.0,134.0,133.0,134.0,4.0,1.0,1.0
130.0,0.004,0.0,0.005,0.0,0.0,0.0,23.0,1.6,8.0,9.6,115.0,62.0,177.0,9.0,0.0,134.0,134.0,135.0,5.0,0.0,1.0
130.0,0.001,0.0,0.005,0.0,0.0,0.0,22.0,1.4,11.0,7.2,32.0,120.0,152.0,2.0,0.0,133.0,132.0,134.0,1.0,0.0,1.0
130.0,0.001,0.0,0.004,0.0,0.0,0.0,24.0,1.2,12.0,7.6,35.0,120.0,155.0,1.0,0.0,134.0,133.0,135.0,1.0,0.0,1.0
130.0,0.002,0.0,0.005,0.0,0.0,0.0,21.0,1.4,11.0,7.3,33.0,119.0,152.0,1.0,0.0,133.0,131.0,133.0,2.0,0.0,1.0
130.0,0.002,0.0,0.005,0.0,0.0,0.0,23.0,1.3,10.0,5.7,32.0,120.0,152.0,2.0,0.0,133.0,133.0,134.0,1.0,0.0,1.0
128.0,0.0,0.0,0.006,0.007500000000000001,0.0,0.0,23.0,3.8999999999999995,0.0,0.0,144.0,52.0,196.0,10.0,0.5699688092250241,90.0,98.0,91.0,76.0,-1.0,2.0
138.0,0.0,0.001,0.005,0.001,0.0,0.0,57.0,1.4,10.0,8.9,132.0,60.0,192.0,9.0,0.5699688092250241,142.0,127.0,138.0,75.0,0.0,2.0
138.0,0.0,0.0,0.005,0.001,0.0,0.0,57.0,1.3,11.0,10.2,132.0,60.0,192.0,11.0,0.5699688092250241,140.0,126.0,137.0,75.0,0.0,2.0
138.0,0.0,0.003,0.003,0.0,0.0,0.0,60.0,1.0,8.0,7.5,118.0,69.0,187.0,10.0,0.5699688092250241,142.0,130.0,140.0,61.0,0.0,2.0
138.0,0.0,0.0,0.005,0.0,0.0,0.0,61.0,1.0,12.0,10.0,118.0,69.0,187.0,12.0,0.5699688092250241,140.0,130.0,140.0,55.0,0.0,2.0
138.0,0.0,0.005,0.003,0.0,0.0,0.0,62.0,0.5,9.0,8.1,27.0,121.0,148.0,1.0,0.0,142.0,140.0,142.0,1.0,1.0,2.0
138.0,0.0,0.0,0.005,0.0,0.0,0.0,65.0,0.4,14.0,7.0,20.0,129.0,149.0,3.0,0.0,141.0,140.0,142.0,1.0,0.0,2.0
138.0,0.0,0.0,0.006,0.002,0.0,0.0,58.0,1.1,15.0,6.9,132.0,60.0,192.0,8.0,0.5699688092250241,141.0,132.0,141.0,47.0,0.0,2.0
141.0,0.001,0.0,0.001,0.003,0.0,0.0,54.0,0.9,7.0,9.5,124.0,60.0,184.0,12.0,0.5699688092250241,150.0,139.0,147.0,49.0,1.0,1.0
141.0,0.001,0.0,0.001,0.004,0.0,0.0,56.0,0.9,12.0,8.5,136.0,60.0,196.0,8.0,0.5699688092250241,150.0,137.0,147.0,68.0,0.0,1.0
141.0,0.0,0.0,0.0,0.003,0.0,0.0,47.0,0.8,0.0,9.7,54.0,103.0,157.0,6.0,0.5699688092250241,154.0,144.0,147.0,15.0,1.0,1.0
141.0,0.002,0.0,0.002,0.0,0.0,0.0,62.0,0.5,14.0,7.8,34.0,125.0,159.0,1.0,0.0,150.0,146.0,149.0,2.0,1.0,2.0
140.0,0.005,0.002,0.002,0.0,0.0,0.0,57.0,1.3,0.0,3.4,138.0,50.0,188.0,5.0,0.0,176.0,163.0,167.0,35.0,1.0,1.0
140.0,0.005,0.0,0.001,0.0,0.0,0.0,57.0,1.3,0.0,9.9,138.0,50.0,188.0,4.0,0.0,176.0,164.0,169.0,31.0,1.0,1.0
140.0,0.005,0.003,0.0,0.0,0.0,0.0,55.0,1.4,0.0,0.0,138.0,50.0,188.0,3.0,0.0,150.0,164.0,167.0,40.0,1.0,1.0
140.0,0.005,0.0,0.0,0.0,0.0,0.0,59.0,1.1,0.0,0.0,62.0,120.0,182.0,1.0,0.0,176.0,163.0,169.0,30.0,1.0,1.0
140.0,0.005,0.0,0.0,0.0,0.0,0.0,56.0,1.4,0.0,0.0,138.0,50.0,188.0,3.0,0.0,176.0,163.0,167.0,35.0,1.0,1.0
140.0,0.005,0.0,0.0,0.0,0.0,0.0,58.0,1.2,0.0,4.2,126.0,62.0,188.0,4.0,0.0,176.0,164.0,169.0,27.0,1.0,1.0
142.0,0.001,0.001,0.004,0.0,0.0,0.0,50.0,1.2,0.0,17.555315838805065,104.0,58.0,162.0,8.0,0.0,148.0,144.0,147.0,8.0,1.0,1.0
142.0,0.001,0.001,0.003,0.0,0.0,0.0,54.0,0.6,0.0,11.0,52.0,120.0,172.0,3.0,0.0,148.0,145.0,147.0,2.0,0.0,1.0
140.0,0.003,0.003,0.004,0.0,0.0,0.0,34.0,2.9,0.0,17.555315838805065,114.0,66.0,180.0,9.0,0.5699688092250241,147.0,145.0,148.0,22.0,1.0,1.0
132.0,0.0,0.01,0.004,0.004,0.0,0.0,35.0,2.7,0.0,0.0,145.0,54.0,199.0,9.0,0.5699688092250241,89.06103488156756,90.0,86.5,76.0,-1.0,3.0
132.0,0.0,0.01,0.002,0.002,0.0,0.0,37.0,2.3,0.0,0.0,111.0,54.0,165.0,5.0,0.5699688092250241,89.06103488156756,87.0,86.5,76.0,-1.0,3.0
133.0,0.003,0.01,0.007,0.002,0.0,0.0,27.0,1.5,0.0,14.8,70.0,88.0,158.0,1.0,0.0,140.0,135.0,138.0,10.0,1.0,1.0
133.0,0.005,0.01,0.007,0.002,0.0,0.0,26.0,1.6,0.0,12.9,87.0,71.0,158.0,2.0,0.0,141.0,135.0,139.0,13.0,1.0,1.0
133.0,0.0,0.01,0.005,0.0,0.0,0.0,29.0,1.3,0.0,15.6,34.0,113.0,147.0,1.0,0.0,134.0,134.0,136.0,3.0,0.0,1.0
133.0,0.005,0.01,0.008,0.003,0.0,0.0,26.0,1.6,0.0,14.2,70.0,88.0,158.0,2.0,0.0,140.0,135.0,139.0,12.0,1.0,1.0
133.0,0.005,0.01,0.007,0.002,0.0,0.0,28.0,1.6,0.0,9.7,87.0,71.0,158.0,2.0,0.0,141.0,137.0,141.0,11.0,1.0,1.0
133.0,0.004,0.01,0.004,0.003,0.0,0.0,21.0,2.3,0.0,15.7,107.0,67.0,174.0,7.0,0.0,143.0,125.0,135.0,76.0,0.0,2.0
133.0,0.0,0.01,0.004,0.002,0.0,0.0,18.0,2.7,0.0,17.555315838805065,107.0,67.0,174.0,4.0,0.0,115.0,120.0,121.0,48.0,0.0,3.0
133.0,0.005,0.01,0.003,0.003,0.0,0.0,25.0,1.7,0.0,13.3,106.0,68.0,174.0,7.0,0.5699688092250241,143.0,132.0,138.0,41.0,0.0,1.0
133.0,0.005,0.01,0.005,0.005,0.0,0.0,24.0,2.1,0.0,13.4,125.0,53.0,178.0,6.0,0.0,143.0,128.0,138.0,69.0,1.0,1.0
133.0,0.004,0.01,0.005,0.003,0.0,0.0,29.0,1.7,0.0,9.5,118.0,59.0,177.0,7.0,0.5699688092250241,133.0,129.0,133.0,27.0,0.0,1.0
133.0,0.005,0.01,0.005,0.003,0.0,0.0,35.0,1.3,0.0,5.4,88.0,68.0,156.0,7.0,0.0,133.0,133.0,136.0,18.0,1.0,1.0
133.0,0.003,0.01,0.006,0.004,0.0,0.0,24.0,1.9,0.0,5.7,99.0,59.0,158.0,5.0,0.0,133.0,124.0,130.0,35.0,1.0,1.0
133.0,0.005,0.01,0.005,0.002,0.0,0.0,32.0,1.6,0.0,8.4,90.0,68.0,158.0,4.0,0.0,133.0,133.0,135.0,18.0,1.0,1.0
131.0,0.001,0.01,0.003,0.003,0.0,0.0,29.0,2.0,0.0,8.1,111.0,54.0,165.0,13.246502024899133,0.0,129.0,112.0,128.0,76.0,1.0,3.0
131.0,0.0,0.01,0.003,0.003,0.0,0.0,34.0,2.2,0.0,3.8,128.0,54.0,182.0,10.0,0.5699688092250241,89.06103488156756,99.0,102.0,76.0,-1.0,3.0
130.0,0.001,0.01,0.004,0.005,0.0,0.0,25.0,1.9,0.0,8.3,141.0,57.0,198.0,13.246502024899133,0.0,129.0,125.0,131.0,35.0,0.0,2.0
130.0,0.0,0.01,0.003,0.003,0.0,0.0,29.0,2.2,0.0,7.8,136.0,54.0,190.0,13.0,0.0,129.0,106.0,122.0,76.0,0.0,3.0
131.0,0.0,0.01,0.002,0.002,0.0,0.0,61.0,1.9,0.0,12.3,128.0,56.0,184.0,11.0,0.0,134.0,120.0,131.0,57.0,0.0,3.0
131.0,0.0,0.01,0.0,0.0,0.0,0.0,80.0,0.3,0.0,7.6,49.0,96.0,145.0,3.0,0.0,108.0,125.0,128.0,45.0,1.0,3.0
130.0,0.0,0.01,0.0,0.0,0.0,0.0,80.0,0.3,0.0,7.4,49.0,96.0,145.0,3.0,0.0,108.0,123.0,122.0,39.0,1.0,3.0
130.0,0.0,0.01,0.0,0.0,0.0,0.0,80.0,0.3,0.0,0.0,29.0,107.0,136.0,1.0,0.0,108.0,120.0,120.0,23.0,-1.0,3.0
133.0,0.0,0.0,0.007,0.0,0.0,0.0,60.0,0.7,58.0,9.9,128.0,72.0,200.0,8.0,0.5699688092250241,133.0,132.0,134.0,2.0,0.0,2.0
133.0,0.0,0.0,0.007,0.0,0.0,0.0,64.0,0.4,81.0,3.7,12.0,126.0,138.0,1.0,0.0,133.0,132.0,134.0,0.0,0.0,3.0
130.0,0.001,0.0,0.008,0.0,0.0,0.0,54.0,0.6,6.0,8.7,30.0,116.0,146.0,2.0,0.0,133.0,133.0,134.0,1.0,0.0,1.0
130.0,0.0,0.0,0.007,0.0,0.0,0.0,55.0,0.5,11.0,7.6,20.0,124.0,144.0,1.0,0.0,133.0,132.0,134.0,0.0,0.0,1.0
126.0,0.0,0.0,0.005,0.0,0.0,0.0,56.0,0.5,29.0,7.5,26.0,116.0,142.0,2.0,0.0,129.0,128.0,130.0,1.0,0.0,1.0
126.0,0.0,0.0,0.003,0.0,0.0,0.0,56.0,0.5,40.0,6.7,27.0,116.0,143.0,2.0,0.0,129.0,127.0,129.0,1.0,0.0,1.0
126.0,0.003,0.005,0.004,0.002,0.0,0.0,41.0,2.1,0.0,17.555315838805065,120.0,50.0,170.0,8.0,0.5699688092250241,129.0,129.0,132.0,19.0,1.0,1.0
126.0,0.005,0.003,0.005,0.0,0.0,0.0,41.0,1.7,0.0,17.555315838805065,100.0,50.0,150.0,4.0,0.0,133.0,130.0,132.0,10.0,1.0,1.0
120.0,0.005,0.0,0.005,0.0,0.0,0.0,43.0,1.4,5.0,17.555315838805065,106.0,50.0,156.0,8.0,0.0,129.0,129.0,130.0,11.0,1.0,1.0
132.0,0.005,0.006,0.006,0.0,0.0,0.0,55.0,0.6,16.0,8.3,42.0,115.0,157.0,2.0,0.0,133.0,138.0,139.0,7.0,0.0,1.0
132.0,0.005,0.005,0.006,0.0,0.0,0.0,52.0,0.6,0.0,8.2,42.0,115.0,157.0,2.0,0.0,142.0,141.0,142.0,3.0,0.0,1.0
132.0,0.003,0.005,0.006,0.0,0.0,0.0,58.0,0.5,23.0,7.8,36.0,120.0,156.0,2.0,0.0,133.0,135.0,134.0,3.0,0.0,1.0
132.0,0.0,0.0,0.005,0.0,0.0,0.0,64.0,0.4,38.0,6.3,22.0,121.0,143.0,2.0,0.0,133.0,132.0,133.0,0.0,0.0,2.0
132.0,0.002,0.007,0.005,0.0,0.0,0.0,51.0,0.7,0.0,12.3,41.0,115.0,156.0,2.0,0.5699688092250241,136.0,137.0,139.0,2.0,0.0,1.0
129.0,0.0,0.01,0.005,0.0,0.0,0.0,64.0,0.4,54.0,5.3,23.0,118.0,141.0,1.0,0.0,131.0,130.0,132.0,0.0,0.0,2.0
129.0,0.0,0.007,0.004,0.0,0.0,0.0,65.0,0.4,73.0,3.9,7.0,127.0,134.0,1.0,0.0,131.0,130.0,132.0,0.0,0.0,3.0
143.0,0.0,0.01,0.0,0.0,0.0,0.0,65.0,0.3,43.0,6.5,24.0,131.0,155.0,2.0,0.0,147.0,145.0,147.0,1.0,0.0,2.0
143.0,0.0,0.01,0.0,0.0,0.0,0.0,70.0,0.3,50.0,5.1,13.0,142.0,155.0,1.0,0.0,147.0,146.0,148.0,0.0,0.0,2.0
142.0,0.0,0.01,0.0,0.0,0.0,0.0,55.0,0.6,5.0,12.2,44.0,116.0,160.0,4.0,0.0,145.0,145.0,147.0,2.0,1.0,1.0
128.0,0.005,0.01,0.003,0.0,0.0,0.0,52.0,0.6,0.0,6.7,36.0,121.0,157.0,4.0,0.0,140.0,138.0,139.0,5.0,0.0,1.0
128.0,0.004,0.01,0.003,0.0,0.0,0.0,54.0,0.6,0.0,6.5,36.0,121.0,157.0,3.0,0.0,140.0,138.0,139.0,5.0,0.0,1.0
129.0,0.0,0.008,0.002,0.0,0.0,0.0,55.0,0.6,0.0,10.3,58.0,101.0,159.0,3.0,0.0,140.0,138.0,140.0,2.0,0.0,2.0
129.0,0.005,0.01,0.004,0.0,0.0,0.0,52.0,0.6,0.0,3.8,36.0,121.0,157.0,0.0,0.0,133.0,138.0,138.0,11.0,0.0,1.0
120.0,0.003,0.01,0.004,0.0,0.0,0.0,50.0,0.7,6.0,7.2,94.0,60.0,154.0,2.0,0.0,123.0,126.0,125.0,7.0,1.0,1.0
120.0,0.005,0.01,0.005,0.0,0.0,0.0,50.0,0.7,7.0,6.1,94.0,60.0,154.0,2.0,0.0,123.0,126.0,125.0,10.0,1.0,1.0
120.0,0.0,0.004,0.004,0.0,0.0,0.0,53.0,0.6,3.0,8.1,19.0,116.0,135.0,1.0,0.0,125.0,123.0,125.0,1.0,0.0,1.0
120.0,0.005,0.01,0.005,0.0,0.0,0.0,45.0,0.8,0.0,8.7,44.0,116.0,160.0,2.0,0.0,153.0,142.0,147.0,27.0,1.0,1.0
120.0,0.002,0.01,0.005,0.0,0.0,0.0,51.0,0.6,3.0,7.5,38.0,116.0,154.0,3.0,0.0,123.0,125.0,125.0,5.0,-1.0,1.0
124.0,0.005,0.01,0.008,0.0,0.0,0.0,41.0,1.3,0.0,9.3,73.0,115.0,188.0,9.0,0.5699688092250241,150.0,145.0,151.0,12.0,0.0,1.0
129.0,0.005,0.01,0.003,0.0,0.0,0.0,44.0,1.0,0.0,5.2,113.0,75.0,188.0,6.0,0.0,150.0,141.0,146.0,18.0,0.0,1.0
129.0,0.005,0.01,0.004,0.0,0.0,0.0,40.0,1.4,0.0,7.5,73.0,115.0,188.0,10.0,0.5699688092250241,150.0,145.0,150.0,12.0,0.0,1.0
129.0,0.005,0.01,0.007,0.0,0.0,0.0,40.0,1.4,0.0,8.5,73.0,115.0,188.0,9.0,0.5699688092250241,150.0,147.0,151.0,9.0,0.0,1.0
123.0,0.005,0.0,0.004,0.0,0.0,0.0,39.0,2.1,0.0,17.555315838805065,88.0,58.0,146.0,7.0,0.0,127.0,127.0,129.0,14.0,1.0,1.0
123.0,0.005,0.0,0.003,0.0,0.0,0.0,39.0,1.5,0.0,16.0,95.0,51.0,146.0,6.0,0.5699688092250241,129.0,128.0,130.0,9.0,1.0,1.0
120.0,0.005,0.0,0.002,0.0,0.0,0.0,41.0,2.2,4.0,17.555315838805065,107.0,58.0,165.0,4.0,0.5699688092250241,121.0,124.0,126.0,16.0,0.0,1.0
120.0,0.005,0.0,0.0,0.0,0.0,0.0,39.0,1.9,0.0,17.555315838805065,105.0,60.0,165.0,5.0,0.0,129.0,127.0,129.0,12.0,0.0,1.0
139.0,0.004,0.005,0.003,0.0,0.0,0.0,54.0,0.7,5.0,7.3,101.0,65.0,166.0,2.0,0.0,147.0,145.0,147.0,5.0,1.0,1.0
139.0,0.002,0.002,0.004,0.0,0.0,0.0,61.0,0.4,8.0,6.4,17.0,138.0,155.0,1.0,0.0,147.0,146.0,148.0,0.0,0.0,2.0
142.0,0.001,0.0,0.005,0.007500000000000001,0.0,0.0,28.0,3.1,0.0,4.2,135.0,53.0,188.0,8.0,0.5699688092250241,143.0,130.0,139.0,57.0,0.0,1.0
142.0,0.0,0.0,0.003,0.007500000000000001,0.0,0.0,14.702497857425548,3.8999999999999995,0.0,0.0,125.0,53.0,178.0,13.246502024899133,0.5699688092250241,97.0,115.0,115.0,76.0,0.0,1.0
142.0,0.001,0.0,0.005,0.007500000000000001,0.0,0.0,23.0,3.6,0.0,1.9,144.0,50.0,194.0,12.0,0.5699688092250241,143.0,127.0,135.0,72.0,0.0,1.0
142.0,0.001,0.0,0.005,0.007500000000000001,0.0,0.0,29.0,2.7,0.0,2.8,144.0,50.0,194.0,8.0,0.0,143.0,132.0,139.0,42.0,0.0,1.0
142.0,0.001,0.0,0.007,0.007500000000000001,0.0,0.0,25.0,3.1,0.0,2.5,144.0,50.0,194.0,7.0,0.0,143.0,129.0,137.0,56.0,0.0,1.0
134.0,0.0,0.003,0.0,0.0,0.0,0.0,79.0,0.2,42.0,5.5,17.0,128.0,145.0,2.0,0.0,135.0,135.0,136.0,1.0,0.0,2.0
134.0,0.0,0.003,0.0,0.0,0.0,0.0,81.0,0.2,53.0,4.9,16.0,129.0,145.0,2.0,0.0,135.0,135.0,136.0,1.0,0.0,3.0
134.0,0.0,0.0,0.0,0.0,0.0,0.0,83.0,0.2,64.0,3.5,11.0,130.0,141.0,1.0,0.0,135.0,134.0,136.0,0.0,0.0,3.0
134.0,0.0,0.003,0.0,0.0,0.0,0.0,79.0,0.2,41.0,5.5,17.0,128.0,145.0,2.0,0.0,135.0,135.0,136.0,1.0,0.0,3.0
130.0,0.001,0.002,0.0,0.0,0.0,0.0,56.0,0.5,34.0,7.2,55.0,125.0,180.0,4.0,0.0,129.0,132.0,132.0,3.0,-1.0,1.0
130.0,0.0,0.001,0.0,0.0,0.0,0.0,56.0,0.5,33.0,7.5,19.0,125.0,144.0,2.0,0.0,129.0,131.0,132.0,2.0,-1.0,1.0
130.0,0.0,0.001,0.0,0.0,0.0,0.0,59.0,0.4,34.0,6.8,21.0,125.0,146.0,1.0,0.0,129.0,132.0,133.0,3.0,-1.0,1.0
130.0,0.0,0.002,0.0,0.0,0.0,0.0,59.0,0.4,37.0,6.6,21.0,125.0,146.0,2.0,0.0,129.0,132.0,132.0,2.0,-1.0,1.0
129.0,0.0,0.003,0.0,0.0,0.0,0.0,47.0,1.1,6.0,17.555315838805065,91.0,52.0,143.0,3.0,0.0,131.0,130.0,132.0,7.0,1.0,1.0
129.0,0.0,0.002,0.0,0.0,0.0,0.0,48.0,0.9,13.0,11.2,71.0,66.0,137.0,1.0,0.0,131.0,130.0,132.0,2.0,1.0,1.0
129.0,0.003,0.003,0.0,0.0,0.0,0.0,61.0,0.6,2.0,10.8,122.0,65.0,187.0,7.0,0.5699688092250241,129.0,132.0,133.0,5.0,0.0,1.0
129.0,0.0,0.0,0.0,0.0,0.0,0.0,66.0,0.4,2.0,9.1,20.0,122.0,142.0,0.0,0.0,132.0,132.0,133.0,1.0,0.0,2.0
129.0,0.003,0.005,0.0,0.0,0.0,0.0,61.0,0.4,7.0,6.7,67.0,111.0,178.0,4.0,0.0,143.0,138.0,140.0,7.0,0.0,1.0
129.0,0.004,0.006,0.0,0.0,0.0,0.0,61.0,0.4,5.0,5.8,29.0,121.0,150.0,2.0,0.0,143.0,137.0,139.0,7.0,0.0,1.0
129.0,0.0,0.002,0.0,0.0,0.0,0.0,69.0,0.3,14.0,7.6,25.0,127.0,152.0,0.0,0.0,139.0,135.0,136.0,4.0,-1.0,2.0
129.0,0.003,0.001,0.0,0.0,0.0,0.0,59.0,0.9,21.0,17.555315838805065,118.0,66.0,184.0,13.246502024899133,0.0,133.0,135.0,137.0,7.0,0.0,1.0
141.0,0.0,0.002,0.0,0.0,0.0,0.0,67.0,0.4,44.0,9.2,78.0,70.0,148.0,2.0,0.0,143.0,141.0,143.0,1.0,1.0,2.0
141.0,0.0,0.003,0.0,0.0,0.0,0.0,76.0,0.2,62.0,4.3,12.0,134.0,146.0,1.0,0.0,142.0,140.0,142.0,0.0,0.0,2.0
141.0,0.0,0.0,0.0,0.0,0.0,0.0,61.0,0.4,29.0,5.3,13.0,135.0,148.0,1.0,0.0,144.0,143.0,145.0,0.0,1.0,2.0
135.0,0.0,0.0,0.0,0.0,0.0,0.0,67.0,0.4,69.0,4.6,76.0,67.0,143.0,2.0,0.0,137.0,136.0,138.0,0.0,1.0,3.0
135.0,0.0,0.0,0.0,0.0,0.0,0.0,68.0,0.3,72.0,3.9,10.0,133.0,143.0,1.0,0.0,137.0,136.0,138.0,0.0,0.0,3.0
134.0,0.0,0.0,0.0,0.0,0.0,0.0,81.0,0.2,82.18278722458729,1.3,3.0,133.0,136.0,1.0,0.0,135.0,134.0,136.0,0.0,1.0,3.0
134.0,0.0,0.0,0.0,0.0,0.0,0.0,80.0,0.2,82.18278722458729,1.3,3.0,133.0,136.0,1.0,0.0,135.0,134.0,136.0,0.0,1.0,3.0
130.0,0.0,0.001,0.0,0.001,0.0,0.0,78.0,0.2,82.18278722458729,2.0,28.0,105.0,133.0,6.0,0.0,131.0,130.0,132.0,1.0,1.0,3.0
130.0,0.0,0.003,0.0,0.003,0.0,0.0,74.0,0.4,42.0,2.5,60.0,105.0,165.0,6.0,0.0,131.0,128.0,131.0,3.0,0.0,2.0
130.0,0.0,0.0,0.0,0.0,0.0,0.0,79.0,0.2,82.18278722458729,1.7,6.0,127.0,133.0,1.0,0.0,130.0,130.0,131.0,0.0,1.0,3.0
130.0,0.0,0.002,0.0,0.002,0.0,0.0,75.0,0.3,66.0,2.1,60.0,105.0,165.0,6.0,0.0,130.0,129.0,131.0,1.0,0.0,2.0
137.0,0.0,0.003,0.001,0.0,0.0,0.0,77.0,0.2,40.0,6.6,29.0,127.0,156.0,2.0,0.0,138.0,141.0,141.0,3.0,0.0,2.0
137.0,0.0,0.003,0.001,0.0,0.0,0.0,75.0,0.2,34.0,6.9,24.0,127.0,151.0,2.0,0.0,138.0,139.0,140.0,1.0,0.0,2.0
137.0,0.0,0.004,0.001,0.0,0.0,0.0,75.0,0.2,32.0,7.0,24.0,127.0,151.0,2.0,0.0,138.0,139.0,140.0,1.0,0.0,2.0
137.0,0.0,0.004,0.001,0.0,0.0,0.0,75.0,0.2,30.0,7.1,24.0,127.0,151.0,2.0,0.0,138.0,139.0,139.0,1.0,0.0,2.0
128.0,0.0,0.004,0.0,0.0,0.0,0.0,73.0,0.2,32.0,7.3,22.0,122.0,144.0,1.0,0.0,129.0,132.0,133.0,3.0,0.0,2.0
128.0,0.0,0.005,0.0,0.0,0.0,0.0,73.0,0.3,38.0,7.1,22.0,122.0,144.0,1.0,0.0,129.0,130.0,131.0,1.0,0.0,2.0
128.0,0.0,0.002,0.0,0.0,0.0,0.0,78.0,0.2,32.0,6.8,17.0,127.0,144.0,2.0,0.0,133.0,135.0,135.0,2.0,0.0,2.0
128.0,0.0,0.005,0.0,0.0,0.0,0.0,74.0,0.2,45.0,6.9,22.0,122.0,144.0,1.0,0.0,133.0,130.0,132.0,1.0,0.0,2.0
133.0,0.0,0.01,0.0,0.0,0.0,0.0,69.0,0.4,25.0,10.0,58.0,127.0,185.0,5.0,0.0,133.0,136.0,137.0,4.0,-1.0,2.0
133.0,0.0,0.01,0.0,0.0,0.0,0.0,72.0,0.3,20.0,8.8,32.0,115.0,147.0,2.0,0.0,133.0,136.0,136.0,3.0,0.0,2.0
117.0,0.001,0.01,0.0,0.0,0.0,0.0,53.0,0.7,8.0,12.0,77.0,56.0,133.0,6.0,0.0,123.0,121.0,123.0,3.0,1.0,1.0
117.0,0.0,0.01,0.0,0.0,0.0,0.0,51.0,0.8,9.0,13.3,77.0,56.0,133.0,5.0,0.0,123.0,122.0,124.0,2.0,1.0,1.0
123.0,0.003,0.003,0.0,0.0,0.0,0.0,52.0,0.8,2.0,15.4,90.0,50.0,140.0,7.0,0.0,129.0,128.0,130.0,4.0,1.0,1.0
123.0,0.003,0.003,0.0,0.0,0.0,0.0,52.0,0.8,3.0,14.3,77.0,63.0,140.0,7.0,0.0,127.0,128.0,130.0,5.0,1.0,1.0
123.0,0.004,0.007,0.0,0.0,0.0,0.0,56.0,0.7,0.0,7.4,71.0,81.0,152.0,4.0,0.0,127.0,129.0,131.0,4.0,1.0,1.0
123.0,0.003,0.004,0.0,0.0,0.0,0.0,50.0,0.9,4.0,14.8,82.0,58.0,140.0,7.0,0.0,129.0,128.0,130.0,5.0,1.0,1.0
123.0,0.003,0.004,0.0,0.0,0.0,0.0,50.0,0.9,4.0,14.8,82.0,58.0,140.0,7.0,0.0,129.0,128.0,130.0,5.0,1.0,1.0
146.0,0.0,0.0,0.005,0.001,0.0,0.0,55.0,0.7,32.0,8.2,72.0,93.0,165.0,4.0,0.0,150.0,147.0,150.0,6.0,1.0,1.0
146.0,0.0,0.0,0.005,0.002,0.0,0.0,52.0,0.8,32.0,8.6,72.0,93.0,165.0,3.0,0.0,152.0,147.0,151.0,9.0,1.0,1.0
146.0,0.0,0.0,0.006,0.002,0.0,0.0,49.0,0.9,32.0,8.7,80.0,86.0,166.0,3.0,0.0,152.0,147.0,151.0,11.0,1.0,1.0
146.0,0.0,0.0,0.004,0.0,0.0,0.0,64.0,0.4,31.0,7.2,19.0,137.0,156.0,2.0,0.0,150.0,147.0,150.0,1.0,0.0,2.0
146.0,0.0,0.0,0.003,0.0,0.0,0.0,66.0,0.4,33.0,7.0,19.0,138.0,157.0,1.0,0.0,150.0,147.0,150.0,1.0,0.0,2.0
146.0,0.0,0.0,0.003,0.0,0.0,0.0,65.0,0.4,39.0,7.0,19.0,137.0,156.0,1.0,0.0,150.0,149.0,151.0,1.0,1.0,2.0
146.0,0.0,0.0,0.003,0.0,0.0,0.0,65.0,0.4,39.0,7.0,19.0,137.0,156.0,1.0,0.0,150.0,149.0,151.0,1.0,1.0,2.0
146.0,0.0,0.0,0.005,0.0,0.0,0.0,65.0,0.4,44.0,6.6,22.0,134.0,156.0,3.0,0.0,152.0,150.0,152.0,1.0,1.0,2.0
146.0,0.0,0.0,0.005,0.0,0.0,0.0,69.0,0.3,55.0,4.6,11.0,145.0,156.0,0.0,0.0,152.0,150.0,152.0,0.0,0.0,2.0
146.0,0.0,0.0,0.005,0.001,0.0,0.0,65.0,0.4,41.0,7.0,28.0,134.0,162.0,4.0,0.0,152.0,150.0,152.0,1.0,0.0,2.0
146.0,0.0,0.0,0.006,0.0,0.0,0.0,65.0,0.4,33.0,7.4,30.0,134.0,164.0,1.0,0.0,150.0,149.0,151.0,1.0,0.0,2.0
146.0,0.0,0.0,0.005,0.007500000000000001,0.0,0.0,27.0,1.9,15.0,6.4,81.0,86.0,167.0,5.0,0.0,151.0,140.0,145.0,31.0,1.0,1.0
146.0,0.001,0.0,0.005,0.005,0.0,0.0,28.0,1.7,9.0,12.3,80.0,86.0,166.0,3.0,0.0,151.0,142.0,146.0,22.0,1.0,1.0
146.0,0.0,0.0,0.001,0.0,0.0,0.0,50.0,0.6,31.0,9.1,43.0,120.0,163.0,3.0,0.0,160.0,155.0,157.0,5.0,1.0,1.0
146.0,0.0,0.0,0.001,0.0,0.0,0.0,53.0,0.5,32.0,8.2,27.0,136.0,163.0,2.0,0.5699688092250241,160.0,156.0,158.0,2.0,1.0,1.0
146.0,0.0,0.0,0.001,0.0,0.0,0.0,53.0,0.5,32.0,8.2,27.0,136.0,163.0,2.0,0.5699688092250241,160.0,156.0,158.0,2.0,1.0,2.0
146.0,0.001,0.0,0.003,0.002,0.0,0.0,42.0,1.0,35.0,7.5,88.0,84.0,172.0,2.0,0.5699688092250241,157.0,151.0,156.0,17.0,1.0,1.0
146.0,0.0,0.0,0.002,0.0,0.0,0.0,61.0,0.4,53.0,6.8,45.0,118.0,163.0,5.0,0.0,157.0,154.0,157.0,2.0,1.0,2.0
146.0,0.0,0.0,0.002,0.001,0.0,0.0,53.0,0.7,44.0,8.1,70.0,93.0,163.0,4.0,0.5699688092250241,157.0,152.0,156.0,8.0,1.0,2.0
146.0,0.003,0.0,0.003,0.003,0.0,0.0,37.0,1.3,31.0,7.2,79.0,93.0,172.0,2.0,0.5699688092250241,162.0,152.0,156.0,23.0,1.0,1.0
146.0,0.003,0.0,0.004,0.002,0.0,0.0,38.0,1.2,33.0,6.9,78.0,94.0,172.0,2.0,0.5699688092250241,162.0,154.0,158.0,19.0,1.0,1.0
146.0,0.004,0.0,0.004,0.004,0.0,0.0,31.0,1.5,22.0,6.5,88.0,84.0,172.0,1.0,0.5699688092250241,162.0,150.0,156.0,36.0,1.0,1.0
146.0,0.003,0.0,0.003,0.003,0.0,0.0,28.0,1.6,0.0,6.4,93.0,80.0,173.0,4.0,0.0,148.0,148.0,151.0,28.0,1.0,1.0
146.0,0.0,0.0,0.004,0.004,0.0,0.0,28.0,1.4,15.0,6.7,83.0,80.0,163.0,4.0,0.0,148.0,145.0,151.0,24.0,1.0,1.0
146.0,0.002,0.0,0.004,0.004,0.0,0.0,28.0,1.4,16.0,6.7,85.0,80.0,165.0,5.0,0.0,148.0,146.0,151.0,25.0,1.0,1.0
152.0,0.0,0.0,0.002,0.0,0.0,0.0,60.0,0.4,57.0,8.0,36.0,128.0,164.0,2.0,0.0,160.0,157.0,160.0,2.0,1.0,2.0
152.0,0.0,0.0,0.002,0.0,0.0,0.0,59.0,0.5,50.0,9.1,36.0,128.0,164.0,2.0,0.0,160.0,157.0,160.0,2.0,1.0,1.0
152.0,0.0,0.0,0.003,0.0,0.0,0.0,61.0,0.4,64.0,6.1,34.0,129.0,163.0,3.0,0.5699688092250241,160.0,157.0,160.0,1.0,1.0,2.0
152.0,0.0,0.0,0.002,0.0,0.0,0.0,60.0,0.4,59.0,7.1,34.0,129.0,163.0,3.0,0.5699688092250241,160.0,157.0,160.0,1.0,1.0,2.0
152.0,0.0,0.0,0.004,0.0,0.0,0.0,62.0,0.4,67.0,3.9,10.0,152.0,162.0,1.0,0.0,160.0,158.0,160.0,0.0,1.0,2.0
152.0,0.0,0.0,0.005,0.0,0.0,0.0,60.0,0.4,62.0,4.0,13.0,150.0,163.0,1.0,0.0,160.0,158.0,160.0,0.0,1.0,2.0
152.0,0.0,0.0,0.003,0.0,0.0,0.0,61.0,0.4,71.0,5.8,30.0,134.0,164.0,4.0,0.0,160.0,158.0,160.0,1.0,1.0,3.0
152.0,0.0,0.0,0.002,0.0,0.0,0.0,61.0,0.4,74.0,6.7,41.0,123.0,164.0,4.0,0.0,160.0,158.0,160.0,1.0,1.0,3.0
152.0,0.0,0.0,0.005,0.0,0.0,0.0,62.0,0.4,59.0,5.6,25.0,136.0,161.0,0.0,0.0,159.0,156.0,158.0,1.0,1.0,2.0
152.0,0.0,0.0,0.005,0.001,0.0,0.0,58.0,0.5,48.0,7.1,53.0,110.0,163.0,4.0,0.5699688092250241,159.0,154.0,157.0,4.0,1.0,1.0
152.0,0.0,0.0,0.005,0.002,0.0,0.0,55.0,0.6,45.0,6.7,64.0,99.0,163.0,4.0,0.5699688092250241,159.0,154.0,158.0,5.0,1.0,1.0
152.0,0.0,0.0,0.004,0.0,0.0,0.0,59.0,0.5,62.0,9.5,38.0,126.0,164.0,3.0,0.5699688092250241,160.0,157.0,159.0,2.0,1.0,2.0
152.0,0.0,0.0,0.004,0.001,0.0,0.0,58.0,0.5,59.0,7.5,54.0,110.0,164.0,3.0,0.5699688092250241,159.0,155.0,158.0,4.0,1.0,1.0
152.0,0.0,0.0,0.004,0.001,0.0,0.0,57.0,0.6,50.0,6.8,53.0,110.0,163.0,4.0,0.5699688092250241,159.0,154.0,158.0,5.0,1.0,1.0
152.0,0.0,0.0,0.002,0.002,0.0,0.0,61.0,0.5,61.0,3.4,61.0,99.0,160.0,4.0,0.5699688092250241,159.0,155.0,158.0,4.0,1.0,2.0
152.0,0.0,0.0,0.007,0.002,0.0,0.0,56.0,0.6,39.0,6.8,61.0,99.0,160.0,3.0,0.5699688092250241,157.0,153.0,156.0,5.0,1.0,1.0
152.0,0.0,0.0,0.005,0.0,0.0,0.0,57.0,0.5,43.0,8.7,41.0,123.0,164.0,4.0,0.0,160.0,158.0,161.0,1.0,1.0,1.0
128.0,0.005,0.0,0.003,0.005,0.0,0.0,23.0,2.4,0.0,4.6,101.0,70.0,171.0,7.0,0.5699688092250241,155.0,140.0,144.0,46.0,1.0,1.0
128.0,0.005,0.0,0.002,0.007500000000000001,0.0,0.0,16.0,3.3,0.0,3.7,114.0,57.0,171.0,6.0,0.5699688092250241,136.0,130.0,136.0,26.0,1.0,1.0
128.0,0.004,0.0,0.002,0.007,0.0,0.0,20.0,2.6,0.0,13.2,92.0,79.0,171.0,2.0,0.5699688092250241,151.0,137.0,142.0,39.0,1.0,1.0
128.0,0.005,0.0,0.003,0.005,0.0,0.0,26.0,2.2,0.0,5.7,95.0,79.0,174.0,2.0,0.5699688092250241,157.0,142.0,146.0,43.0,1.0,1.0
138.0,0.0,0.0,0.005,0.0,0.0,0.0,45.0,0.7,56.0,6.5,39.0,113.0,152.0,3.0,0.0,141.0,139.0,141.0,1.0,1.0,1.0
138.0,0.0,0.0,0.005,0.0,0.0,0.0,45.0,0.7,62.0,6.7,39.0,113.0,152.0,3.0,0.0,141.0,139.0,141.0,1.0,1.0,2.0
138.0,0.0,0.0,0.004,0.0,0.0,0.0,46.0,0.7,53.0,7.8,39.0,113.0,152.0,4.0,0.0,141.0,138.0,141.0,2.0,1.0,1.0
138.0,0.0,0.0,0.003,0.0,0.0,0.0,42.0,0.8,44.0,7.8,39.0,113.0,152.0,3.0,0.0,141.0,139.0,142.0,1.0,1.0,1.0
138.0,0.0,0.0,0.004,0.0,0.0,0.0,42.0,0.7,48.0,7.2,39.0,113.0,152.0,2.0,0.0,141.0,139.0,142.0,1.0,1.0,1.0
138.0,0.0,0.0,0.003,0.0,0.0,0.0,44.0,0.6,61.0,5.1,19.0,130.0,149.0,1.0,0.0,141.0,140.0,142.0,0.0,0.0,2.0
138.0,0.0,0.0,0.003,0.0,0.0,0.0,43.0,0.6,54.0,5.4,19.0,130.0,149.0,1.0,0.0,141.0,140.0,142.0,0.0,0.0,1.0
138.0,0.001,0.0,0.003,0.0,0.0,0.0,39.0,0.8,12.0,10.5,49.0,105.0,154.0,5.0,0.0,141.0,141.0,142.0,1.0,1.0,1.0
138.0,0.001,0.0,0.004,0.0,0.0,0.0,39.0,0.8,9.0,10.9,49.0,105.0,154.0,5.0,0.0,142.0,141.0,143.0,1.0,1.0,1.0
138.0,0.001,0.0,0.003,0.0,0.0,0.0,40.0,0.8,7.0,10.8,49.0,105.0,154.0,5.0,0.0,142.0,141.0,143.0,1.0,1.0,1.0
138.0,0.002,0.0,0.004,0.0,0.0,0.0,41.0,0.8,8.0,10.3,51.0,105.0,156.0,4.0,0.0,142.0,142.0,143.0,2.0,1.0,1.0
138.0,0.002,0.0,0.004,0.0,0.0,0.0,41.0,0.8,8.0,10.3,51.0,105.0,156.0,4.0,0.0,142.0,142.0,143.0,2.0,1.0,1.0
138.0,0.001,0.0,0.004,0.0,0.0,0.0,43.0,0.7,9.0,8.3,25.0,131.0,156.0,0.0,0.0,142.0,142.0,144.0,1.0,0.0,1.0
138.0,0.002,0.0,0.005,0.0,0.0,0.0,45.0,0.7,13.0,6.5,25.0,131.0,156.0,0.0,0.0,147.0,145.0,146.0,2.0,0.0,1.0
138.0,0.0,0.0,0.004,0.0,0.0,0.0,39.0,0.8,10.0,9.1,23.0,131.0,154.0,2.0,0.0,142.0,141.0,143.0,1.0,0.0,1.0
138.0,0.0,0.0,0.001,0.0,0.0,0.0,41.0,0.7,37.0,7.8,25.0,129.0,154.0,2.0,0.0,140.0,140.0,141.0,1.0,0.0,1.0
138.0,0.0,0.0,0.002,0.0,0.0,0.0,44.0,0.7,58.0,5.0,16.0,129.0,145.0,1.0,0.0,141.0,140.0,142.0,0.0,1.0,1.0
142.0,0.0,0.0,0.004,0.0,0.0,0.0,45.0,0.7,21.0,8.9,25.0,132.0,157.0,1.0,0.0,145.0,144.0,146.0,1.0,0.0,1.0
142.0,0.0,0.0,0.004,0.0,0.0,0.0,43.0,0.8,3.0,9.6,25.0,132.0,157.0,1.0,0.0,145.0,144.0,146.0,1.0,0.0,1.0
142.0,0.0,0.0,0.004,0.0,0.0,0.0,44.0,0.8,1.0,11.1,32.0,126.0,158.0,1.0,0.0,145.0,146.0,147.0,2.0,0.0,1.0
142.0,0.0,0.0,0.005,0.0,0.0,0.0,41.0,0.8,0.0,12.6,32.0,126.0,158.0,0.0,0.0,151.0,146.0,148.0,5.0,1.0,1.0
142.0,0.0,0.0,0.004,0.0,0.0,0.0,41.0,0.9,0.0,11.7,35.0,123.0,158.0,0.0,0.0,151.0,146.0,149.0,7.0,1.0,1.0
142.0,0.001,0.0,0.004,0.0,0.0,0.0,39.0,0.9,0.0,12.0,32.0,127.0,159.0,1.0,0.0,151.0,147.0,149.0,4.0,1.0,1.0
142.0,0.003,0.0,0.004,0.0,0.0,0.0,46.0,0.7,27.0,5.9,26.0,133.0,159.0,1.0,0.0,150.0,148.0,150.0,1.0,0.0,1.0
142.0,0.003,0.0,0.004,0.0,0.0,0.0,36.0,1.0,13.0,12.0,95.0,71.0,166.0,5.0,0.0,145.0,145.0,146.0,2.0,1.0,1.0
142.0,0.001,0.0,0.005,0.0,0.0,0.0,44.0,0.7,40.0,7.1,28.0,130.0,158.0,3.0,0.0,147.0,146.0,148.0,0.0,0.0,1.0
142.0,0.002,0.0,0.003,0.0,0.0,0.0,45.0,0.7,16.0,8.4,24.0,135.0,159.0,0.0,0.0,150.0,149.0,150.0,1.0,0.0,1.0
142.0,0.002,0.0,0.003,0.0,0.0,0.0,38.0,0.9,0.0,11.4,32.0,127.0,159.0,1.0,0.0,151.0,146.0,149.0,5.0,0.0,1.0
142.0,0.0,0.0,0.004,0.0,0.0,0.0,49.0,0.6,30.0,7.1,17.0,140.0,157.0,1.0,0.0,150.0,148.0,150.0,0.0,0.0,1.0
142.0,0.001,0.0,0.006,0.0,0.0,0.0,43.0,0.7,37.0,7.2,28.0,130.0,158.0,3.0,0.0,147.0,146.0,148.0,0.0,0.0,1.0
142.0,0.002,0.0,0.007,0.0,0.0,0.0,44.0,0.7,42.0,7.3,39.0,119.0,158.0,4.0,0.0,147.0,146.0,148.0,1.0,1.0,1.0
136.0,0.005,0.0,0.005,0.0,0.0,0.0,42.0,0.7,20.0,4.0,38.0,120.0,158.0,2.0,0.0,141.0,143.0,144.0,3.0,0.0,1.0
136.0,0.005,0.0,0.007,0.0,0.0,0.0,42.0,0.7,20.0,4.3,38.0,120.0,158.0,2.0,0.5699688092250241,141.0,143.0,144.0,3.0,0.0,1.0
136.0,0.005,0.0,0.004,0.0,0.0,0.0,42.0,0.7,18.0,4.5,38.0,120.0,158.0,2.0,0.0,141.0,142.0,143.0,2.0,0.0,1.0
136.0,0.004,0.0,0.005,0.0,0.0,0.0,42.0,0.7,22.0,4.5,37.0,120.0,157.0,3.0,0.0,141.0,141.0,142.0,1.0,0.0,1.0
136.0,0.003,0.0,0.005,0.0,0.0,0.0,44.0,0.7,18.0,4.1,24.0,133.0,157.0,1.0,0.0,140.0,141.0,142.0,1.0,0.0,1.0
136.0,0.002,0.0,0.005,0.0,0.0,0.0,44.0,0.7,14.0,7.1,27.0,126.0,153.0,2.0,0.0,142.0,140.0,142.0,1.0,0.0,1.0
135.0,0.002,0.0,0.005,0.0,0.0,0.0,42.0,0.8,7.0,8.5,34.0,119.0,153.0,3.0,0.0,142.0,140.0,142.0,1.0,0.0,1.0
135.0,0.001,0.0,0.006,0.0,0.0,0.0,41.0,0.8,6.0,9.5,34.0,119.0,153.0,3.0,0.0,142.0,140.0,142.0,2.0,0.0,1.0
136.0,0.002,0.0,0.005,0.0,0.0,0.0,40.0,0.8,7.0,10.3,35.0,119.0,154.0,2.0,0.0,138.0,139.0,140.0,2.0,0.0,1.0
136.0,0.002,0.0,0.006,0.0,0.0,0.0,39.0,0.9,8.0,11.2,47.0,107.0,154.0,1.0,0.0,138.0,139.0,139.0,2.0,0.0,1.0
136.0,0.001,0.0,0.005,0.0,0.0,0.0,37.0,0.9,0.0,12.1,36.0,118.0,154.0,2.0,0.0,138.0,139.0,141.0,2.0,0.0,1.0
136.0,0.001,0.0,0.004,0.0,0.0,0.0,37.0,0.9,0.0,11.7,47.0,107.0,154.0,2.0,0.0,138.0,139.0,140.0,2.0,1.0,1.0
136.0,0.0,0.0,0.007,0.0,0.0,0.0,39.0,0.9,0.0,12.6,41.0,110.0,151.0,3.0,0.0,139.0,139.0,140.0,1.0,1.0,1.0
136.0,0.001,0.0,0.005,0.0,0.0,0.0,36.0,0.9,2.0,10.4,29.0,124.0,153.0,2.0,0.0,139.0,139.0,140.0,1.0,0.0,1.0
136.0,0.001,0.0,0.005,0.0,0.0,0.0,37.0,0.9,12.0,8.8,33.0,124.0,157.0,3.0,0.0,139.0,139.0,140.0,1.0,0.0,1.0
136.0,0.001,0.0,0.004,0.0,0.0,0.0,39.0,0.8,28.0,6.6,33.0,124.0,157.0,4.0,0.0,141.0,139.0,141.0,1.0,0.0,1.0
136.0,0.0,0.0,0.002,0.0,0.0,0.0,44.0,0.7,47.0,5.3,12.0,135.0,147.0,1.0,0.0,141.0,140.0,142.0,0.0,0.0,1.0
136.0,0.002,0.0,0.006,0.0,0.0,0.0,45.0,0.6,48.0,4.3,19.0,135.0,154.0,2.0,0.0,141.0,141.0,142.0,0.0,-1.0,1.0
136.0,0.0,0.0,0.005,0.0,0.0,0.0,51.0,0.5,25.0,6.2,15.0,135.0,150.0,1.0,0.0,144.0,143.0,144.0,0.0,0.0,1.0
136.0,0.0,0.0,0.004,0.0,0.0,0.0,52.0,0.5,28.0,6.1,14.0,136.0,150.0,1.0,0.0,144.0,143.0,145.0,0.0,0.0,1.0
136.0,0.001,0.0,0.003,0.0,0.0,0.0,46.0,0.6,43.0,4.7,18.0,136.0,154.0,1.0,0.0,141.0,141.0,142.0,0.0,-1.0,1.0
136.0,0.001,0.0,0.005,0.0,0.0,0.0,47.0,0.6,38.0,5.3,18.0,136.0,154.0,1.0,0.0,141.0,141.0,142.0,0.0,-1.0,1.0
136.0,0.0,0.0,0.004,0.0,0.0,0.0,51.0,0.6,28.0,6.2,12.0,136.0,148.0,1.0,0.0,144.0,142.0,144.0,0.0,0.0,1.0
136.0,0.002,0.0,0.004,0.0,0.0,0.0,43.0,0.7,39.0,5.2,23.0,131.0,154.0,3.0,0.0,141.0,140.0,142.0,0.0,0.0,1.0
144.0,0.0,0.0,0.006,0.0,0.0,0.0,38.0,0.8,6.0,8.7,27.0,134.0,161.0,1.0,0.0,148.0,147.0,149.0,1.0,0.0,1.0
144.0,0.0,0.0,0.007,0.0,0.0,0.0,36.0,0.8,2.0,10.4,27.0,134.0,161.0,0.0,0.0,147.0,147.0,148.0,1.0,0.0,1.0
144.0,0.0,0.0,0.006,0.0,0.0,0.0,37.0,0.9,3.0,11.5,27.0,134.0,161.0,0.0,0.0,148.0,148.0,149.0,1.0,0.0,1.0
144.0,0.001,0.0,0.006,0.0,0.0,0.0,35.0,0.9,2.0,10.8,36.0,125.0,161.0,0.0,0.0,150.0,148.0,150.0,2.0,1.0,1.0
144.0,0.0,0.0,0.006,0.0,0.0,0.0,32.0,1.0,0.0,13.2,38.0,122.0,160.0,1.0,0.0,150.0,147.0,149.0,2.0,1.0,1.0
144.0,0.001,0.0,0.005,0.0,0.0,0.0,30.0,1.1,0.0,13.5,43.0,122.0,165.0,0.0,0.0,148.0,147.0,149.0,3.0,0.0,1.0
144.0,0.004,0.0,0.006,0.0,0.0,0.0,32.0,1.2,0.0,12.6,58.0,117.0,175.0,4.0,0.0,148.0,150.0,150.0,8.0,0.0,1.0
144.0,0.003,0.0,0.005,0.0,0.0,0.0,29.0,1.4,0.0,17.555315838805065,58.0,117.0,175.0,3.0,0.0,150.0,149.0,150.0,9.0,0.0,1.0
144.0,0.002,0.0,0.007,0.002,0.0,0.0,26.0,1.6,0.0,17.555315838805065,76.0,99.0,175.0,3.0,0.5699688092250241,150.0,148.0,150.0,12.0,0.0,1.0
144.0,0.0,0.0,0.007,0.003,0.0,0.0,22.0,1.8,0.0,17.555315838805065,76.0,96.0,172.0,3.0,0.5699688092250241,148.0,144.0,147.0,11.0,1.0,1.0
146.0,0.0,0.0,0.008,0.001,0.0,0.0,28.0,1.5,11.0,17.555315838805065,82.0,92.0,174.0,6.0,0.5699688092250241,150.0,147.0,150.0,8.0,1.0,1.0
146.0,0.0,0.0,0.007,0.002,0.0,0.0,30.0,1.3,4.0,17.555315838805065,75.0,93.0,168.0,5.0,0.0,147.0,145.0,148.0,6.0,1.0,1.0
146.0,0.0,0.0,0.007,0.005,0.0,0.0,30.0,1.1,0.0,4.7,59.0,99.0,158.0,3.0,0.0,147.0,143.0,147.0,5.0,1.0,1.0
146.0,0.004,0.0,0.005,0.003,0.0,0.0,29.0,1.2,1.0,7.0,62.0,107.0,169.0,2.0,0.5699688092250241,150.0,147.0,149.0,7.0,0.0,1.0
146.0,0.005,0.0,0.005,0.003,0.0,0.0,29.0,1.3,2.0,7.5,70.0,99.0,169.0,2.0,0.5699688092250241,150.0,148.0,150.0,7.0,1.0,1.0
146.0,0.005,0.0,0.007,0.0,0.0,0.0,28.0,1.3,1.0,6.9,65.0,120.0,185.0,7.0,0.5699688092250241,153.0,154.0,155.0,6.0,0.0,1.0
146.0,0.005,0.0,0.008,0.0,0.0,0.0,27.0,1.3,0.0,9.4,62.0,126.0,188.0,4.0,0.0,157.0,156.0,157.0,5.0,0.0,1.0
146.0,0.002,0.0,0.0,0.007500000000000001,0.0,0.0,19.0,3.4,0.0,15.0,150.0,50.0,200.0,8.0,0.5699688092250241,148.0,139.0,146.0,36.0,0.0,1.0
146.0,0.003,0.0,0.002,0.005,0.0,0.0,25.0,2.5,0.0,11.2,92.0,80.0,172.0,8.0,0.5699688092250241,155.0,145.0,152.0,32.0,1.0,1.0
146.0,0.005,0.0,0.005,0.001,0.0,0.0,27.0,1.5,0.0,14.4,55.0,119.0,174.0,5.0,0.0,155.0,152.0,155.0,8.0,0.0,1.0
122.0,0.0,0.0,0.001,0.0,0.0,0.0,40.0,0.7,12.0,8.0,23.0,106.0,129.0,1.0,0.0,125.0,121.0,124.0,3.0,1.0,1.0
122.0,0.0,0.0,0.001,0.0,0.0,0.0,37.0,0.8,2.0,9.4,33.0,99.0,132.0,2.0,0.0,123.0,122.0,124.0,1.0,1.0,1.0
122.0,0.003,0.0,0.003,0.0,0.0,0.0,32.0,1.2,0.0,8.7,52.0,95.0,147.0,3.0,0.5699688092250241,123.0,122.0,124.0,4.0,0.0,1.0
122.0,0.004,0.0,0.002,0.0,0.0,0.0,27.0,1.6,0.0,3.2,60.0,87.0,147.0,1.0,0.5699688092250241,123.0,118.0,123.0,18.0,0.0,1.0
122.0,0.0,0.0,0.005,0.0,0.0,0.0,33.0,1.1,8.0,7.2,60.0,87.0,147.0,4.0,0.5699688092250241,120.0,115.0,120.0,11.0,0.0,1.0
122.0,0.0,0.0,0.003,0.002,0.0,0.0,36.0,1.0,12.0,7.7,42.0,87.0,129.0,2.0,0.0,123.0,117.0,121.0,10.0,1.0,1.0
122.0,0.0,0.0,0.004,0.0,0.0,0.0,39.0,0.8,10.0,8.4,23.0,106.0,129.0,1.0,0.0,123.0,119.0,121.0,2.0,0.0,1.0
122.0,0.0,0.0,0.005,0.0,0.0,0.0,37.0,0.8,11.0,10.0,26.0,109.0,135.0,2.0,0.0,123.0,125.0,126.0,2.0,0.0,1.0
122.0,0.0,0.0,0.007,0.003,0.0,0.0,31.0,1.0,7.0,9.5,32.0,101.0,133.0,2.0,0.0,123.0,122.0,124.0,3.0,1.0,1.0
122.0,0.002,0.0,0.002,0.0,0.0,0.0,31.0,1.2,1.0,8.3,60.0,87.0,147.0,2.0,0.5699688092250241,120.0,119.0,123.0,9.0,0.0,1.0
122.0,0.004,0.0,0.002,0.0,0.0,0.0,31.0,1.3,0.0,8.8,52.0,95.0,147.0,2.0,0.5699688092250241,120.0,123.0,124.0,5.0,0.0,1.0
122.0,0.005,0.0,0.004,0.003,0.0,0.0,31.0,1.2,0.0,6.7,57.0,93.0,150.0,2.0,0.0,133.0,130.0,134.0,12.0,1.0,1.0
122.0,0.002,0.0,0.005,0.002,0.0,0.0,23.0,1.7,3.0,9.3,73.0,84.0,157.0,3.0,0.0,126.0,121.0,122.0,14.0,0.0,1.0
122.0,0.0,0.0,0.006,0.002,0.0,0.0,27.0,1.4,4.0,12.3,53.0,91.0,144.0,4.0,0.0,126.0,120.0,122.0,6.0,0.0,1.0
122.0,0.002,0.0,0.005,0.003,0.0,0.0,26.0,1.5,0.0,7.7,68.0,89.0,157.0,2.0,0.0,125.0,122.0,124.0,11.0,0.0,1.0
122.0,0.001,0.0,0.005,0.003,0.0,0.0,28.0,1.4,0.0,8.5,52.0,89.0,141.0,3.0,0.0,125.0,120.0,123.0,9.0,0.0,1.0
122.0,0.005,0.0,0.004,0.003,0.0,0.0,32.0,1.2,0.0,6.5,57.0,93.0,150.0,2.0,0.0,133.0,130.0,134.0,12.0,1.0,1.0
122.0,0.005,0.0,0.006,0.0,0.0,0.0,34.0,1.0,0.0,8.3,53.0,97.0,150.0,3.0,0.5699688092250241,133.0,132.0,134.0,3.0,1.0,1.0
122.0,0.0,0.0,0.007,0.003,0.0,0.0,30.0,1.3,0.0,11.6,51.0,89.0,140.0,1.0,0.0,127.0,121.0,125.0,8.0,1.0,1.0
122.0,0.0,0.0,0.008,0.0,0.0,0.0,34.0,0.9,0.0,12.1,30.0,108.0,138.0,1.0,0.0,127.0,125.0,128.0,2.0,0.0,1.0
122.0,0.002,0.0,0.005,0.002,0.0,0.0,26.0,1.5,4.0,10.0,66.0,91.0,157.0,3.0,0.0,126.0,121.0,123.0,11.0,0.0,1.0
126.0,0.003,0.0,0.007,0.003,0.0,0.0,25.0,1.8,0.0,14.6,102.0,52.0,154.0,3.0,0.0,136.0,130.0,134.0,12.0,1.0,1.0
126.0,0.003,0.0,0.005,0.001,0.0,0.0,30.0,1.2,0.0,10.8,52.0,95.0,147.0,3.0,0.5699688092250241,136.0,131.0,134.0,7.0,1.0,1.0
126.0,0.0,0.0,0.008,0.0,0.0,0.0,33.0,1.0,0.0,13.7,32.0,109.0,141.0,1.0,0.0,131.0,131.0,133.0,2.0,1.0,1.0
126.0,0.0,0.0,0.007,0.0,0.0,0.0,34.0,0.9,0.0,14.8,31.0,111.0,142.0,1.0,0.0,133.0,132.0,134.0,2.0,1.0,1.0
126.0,0.0,0.0,0.008,0.0,0.0,0.0,34.0,1.0,0.0,15.2,33.0,109.0,142.0,1.0,0.0,134.0,131.0,134.0,3.0,1.0,1.0
136.0,0.0,0.0,0.006,0.003,0.0,0.0,56.0,1.1,32.0,7.4,95.0,74.0,169.0,4.0,0.5699688092250241,140.0,137.0,140.0,12.0,1.0,1.0
136.0,0.0,0.0,0.002,0.0,0.0,0.0,66.0,0.4,61.0,5.6,24.0,127.0,151.0,1.0,0.0,142.0,140.0,142.0,0.0,0.0,2.0
136.0,0.001,0.0,0.005,0.0,0.0,0.0,61.0,0.5,48.0,8.0,31.0,124.0,155.0,9.0,0.0,142.0,140.0,141.0,2.0,0.0,2.0
136.0,0.003,0.0,0.005,0.0,0.0,0.0,54.0,0.7,15.0,10.5,43.0,118.0,161.0,7.0,0.0,136.0,141.0,141.0,8.0,0.0,1.0
136.0,0.002,0.0,0.002,0.0,0.0,0.0,54.0,0.5,8.0,9.5,49.0,118.0,167.0,1.0,0.0,151.0,149.0,151.0,7.0,1.0,1.0
136.0,0.001,0.0,0.002,0.005,0.0,0.0,24.0,2.3,0.0,0.0,116.0,51.0,167.0,6.0,0.5699688092250241,126.0,115.0,122.0,57.0,0.0,3.0
138.0,0.004,0.0,0.0,0.003,0.0,0.0,46.0,1.0,16.0,3.9,116.0,51.0,167.0,6.0,0.5699688092250241,151.0,144.0,151.0,30.0,1.0,1.0
142.0,0.0,0.0,0.005,0.004,0.0,0.0,32.0,1.3,4.0,14.6,82.0,76.0,158.0,4.0,0.0,147.0,141.0,144.0,12.0,1.0,1.0
142.0,0.003,0.0,0.007,0.003,0.0,0.0,30.0,1.4,0.0,17.2,83.0,76.0,159.0,4.0,0.5699688092250241,144.0,142.0,145.0,10.0,1.0,1.0
142.0,0.005,0.0,0.001,0.0,0.0,0.0,45.0,0.8,1.0,11.1,47.0,113.0,160.0,4.0,0.5699688092250241,150.0,148.0,151.0,4.0,1.0,1.0
142.0,0.005,0.0,0.001,0.0,0.0,0.0,39.0,0.8,0.0,10.2,53.0,106.0,159.0,7.0,0.0,150.0,149.0,151.0,2.0,1.0,1.0
142.0,0.003,0.0,0.004,0.0,0.0,0.0,34.0,1.1,0.0,17.555315838805065,67.0,94.0,161.0,5.0,0.5699688092250241,151.0,146.0,149.0,8.0,1.0,1.0
142.0,0.0,0.0,0.002,0.0,0.0,0.0,31.0,1.2,0.0,17.555315838805065,67.0,94.0,161.0,2.0,0.0,151.0,145.0,148.0,10.0,1.0,1.0
136.0,0.005,0.0,0.006,0.003,0.0,0.0,35.0,1.2,0.0,7.6,94.0,65.0,159.0,5.0,0.0,144.0,140.0,144.0,19.0,1.0,1.0
136.0,0.005,0.0,0.003,0.004,0.0,0.0,37.0,1.2,0.0,8.6,94.0,64.0,158.0,2.0,0.0,139.0,137.0,141.0,21.0,1.0,1.0
136.0,0.0,0.0,0.007,0.004,0.0,0.0,35.0,1.1,0.0,11.5,86.0,69.0,155.0,3.0,0.0,136.0,133.0,137.0,14.0,1.0,1.0
136.0,0.0,0.0,0.008,0.005,0.0,0.0,32.0,1.3,0.0,17.5,102.0,61.0,163.0,7.0,0.0,136.0,133.0,137.0,17.0,1.0,1.0
136.0,0.0,0.0,0.008,0.007,0.0,0.0,32.0,1.3,0.0,12.9,92.0,71.0,163.0,4.0,0.0,133.0,133.0,137.0,19.0,1.0,1.0
136.0,0.0,0.0,0.008,0.007500000000000001,0.0,0.0,33.0,1.3,0.0,8.0,81.0,73.0,154.0,4.0,0.5699688092250241,133.0,132.0,135.0,17.0,1.0,1.0
136.0,0.0,0.0,0.008,0.005,0.0,0.0,33.0,1.2,0.0,14.4,91.0,61.0,152.0,5.0,0.0,136.0,132.0,137.0,17.0,1.0,1.0
133.0,0.0,0.0,0.008,0.007500000000000001,0.0,0.0,20.0,2.6,0.0,17.555315838805065,98.0,63.0,161.0,7.0,0.0,136.0,126.0,135.0,54.0,1.0,1.0
133.0,0.0,0.0,0.006,0.007500000000000001,0.0,0.0,20.0,2.7,0.0,17.555315838805065,98.0,63.0,161.0,7.0,0.0,136.0,124.0,134.0,61.0,1.0,1.0
133.0,0.0,0.0,0.007,0.003,0.0,0.0,35.0,1.3,4.0,17.555315838805065,90.0,67.0,157.0,7.0,0.0,139.0,135.0,139.0,16.0,1.0,1.0
133.0,0.001,0.0,0.002,0.007500000000000001,0.0,0.0,33.0,1.4,3.0,12.8,87.0,65.0,152.0,6.0,0.0,136.0,130.0,137.0,26.0,1.0,1.0
133.0,0.0,0.0,0.001,0.007500000000000001,0.0,0.0,37.0,1.3,4.0,14.6,81.0,71.0,152.0,4.0,0.0,136.0,130.0,136.0,24.0,1.0,1.0
133.0,0.005,0.0,0.005,0.004,0.0,0.0,27.0,1.8,0.0,17.555315838805065,92.0,61.0,153.0,5.0,0.5699688092250241,142.0,134.0,140.0,29.0,1.0,1.0
133.0,0.003,0.0,0.004,0.004,0.0,0.0,28.0,1.6,0.0,15.2,96.0,57.0,153.0,5.0,0.5699688092250241,141.0,135.0,140.0,26.0,1.0,1.0
133.0,0.005,0.0,0.004,0.001,0.0,0.0,29.0,1.7,0.0,17.555315838805065,89.0,64.0,153.0,9.0,0.5699688092250241,142.0,135.0,141.0,22.0,1.0,1.0
133.0,0.005,0.0,0.003,0.002,0.0,0.0,27.0,1.7,0.0,17.555315838805065,89.0,64.0,153.0,9.0,0.5699688092250241,142.0,135.0,140.0,21.0,1.0,1.0
133.0,0.0,0.0,0.007,0.001,0.0,0.0,37.0,1.1,0.0,17.555315838805065,90.0,67.0,157.0,9.0,0.5699688092250241,140.0,136.0,140.0,12.0,1.0,1.0
133.0,0.0,0.0,0.008,0.0,0.0,0.0,41.0,1.0,5.0,17.555315838805065,73.0,84.0,157.0,8.0,0.5699688092250241,140.0,136.0,140.0,8.0,1.0,1.0
133.0,0.0,0.0,0.001,0.001,0.0,0.0,44.0,0.8,13.0,17.555315838805065,65.0,82.0,147.0,2.0,0.0,140.0,136.0,139.0,8.0,1.0,1.0
131.0,0.0,0.0,0.006,0.007500000000000001,0.0,0.0,29.0,2.1,4.0,3.6,108.0,59.0,167.0,7.0,0.5699688092250241,135.0,120.0,132.0,72.0,1.0,1.0
131.0,0.0,0.0,0.008,0.007500000000000001,0.0,0.0,25.0,2.4,3.0,3.9,108.0,59.0,167.0,7.0,0.5699688092250241,136.0,120.0,134.0,76.0,1.0,1.0
131.0,0.0,0.0,0.005,0.007500000000000001,0.0,0.0,32.0,1.8,6.0,2.3,97.0,59.0,156.0,3.0,0.5699688092250241,135.0,120.0,133.0,70.0,1.0,1.0
131.0,0.0,0.0,0.004,0.007500000000000001,0.0,0.0,39.0,1.0,6.0,2.5,68.0,73.0,141.0,5.0,0.0,135.0,124.0,134.0,39.0,1.0,1.0
131.0,0.0,0.0,0.005,0.007,0.0,0.0,32.0,2.2,12.0,6.1,108.0,59.0,167.0,6.0,0.5699688092250241,143.0,125.0,137.0,76.0,1.0,1.0
131.0,0.002,0.0,0.005,0.005,0.0,0.0,42.0,1.0,11.0,4.6,102.0,51.0,153.0,6.0,0.0,143.0,134.0,141.0,34.0,1.0,1.0
131.0,0.0,0.0,0.007,0.005,0.0,0.0,40.0,1.1,13.0,4.9,100.0,51.0,151.0,7.0,0.0,143.0,132.0,139.0,43.0,1.0,1.0
131.0,0.004,0.0,0.005,0.007,0.0,0.0,33.0,1.9,0.0,2.4,127.0,51.0,178.0,7.0,0.0,142.0,126.0,139.0,76.0,1.0,1.0
131.0,0.005,0.0,0.003,0.005,0.0,0.0,35.0,1.7,0.0,0.0,126.0,52.0,178.0,6.0,0.5699688092250241,143.0,128.0,142.0,76.0,1.0,1.0
131.0,0.005,0.0,0.005,0.006,0.0,0.0,38.0,1.3,0.0,2.9,95.0,58.0,153.0,5.0,0.0,143.0,131.0,142.0,64.0,1.0,1.0
131.0,0.005,0.0,0.007,0.005,0.0,0.0,42.0,0.9,0.0,3.2,79.0,74.0,153.0,2.0,0.0,142.0,136.0,142.0,24.0,1.0,1.0
131.0,0.0,0.0,0.004,0.0,0.0,0.0,29.0,1.0,0.0,13.0,31.0,117.0,148.0,0.0,0.0,129.0,133.0,134.0,5.0,0.0,1.0
131.0,0.0,0.0,0.005,0.0,0.0,0.0,29.0,1.0,0.0,12.9,31.0,115.0,146.0,0.0,0.0,129.0,131.0,132.0,3.0,0.0,1.0
131.0,0.001,0.0,0.003,0.0,0.0,0.0,29.0,1.0,0.0,12.4,27.0,122.0,149.0,0.0,0.0,136.0,136.0,138.0,2.0,0.0,1.0
131.0,0.005,0.0,0.006,0.0,0.0,0.0,25.0,1.3,0.0,6.8,42.0,117.0,159.0,1.0,0.0,136.0,138.0,139.0,5.0,0.0,1.0
131.0,0.005,0.0,0.008,0.0,0.0,0.0,24.0,1.3,0.0,7.3,42.0,117.0,159.0,2.0,0.0,136.0,138.0,139.0,5.0,0.0,1.0
131.0,0.005,0.0,0.006,0.0,0.0,0.0,28.0,1.4,0.0,4.3,52.0,118.0,170.0,8.0,0.0,143.0,145.0,145.0,8.0,0.0,1.0
131.0,0.005,0.0,0.005,0.0,0.0,0.0,29.0,1.3,0.0,4.5,89.0,82.0,171.0,8.0,0.0,143.0,145.0,145.0,9.0,1.0,1.0
131.0,0.005,0.0,0.005,0.0,0.0,0.0,23.0,1.5,0.0,6.6,52.0,124.0,176.0,3.0,0.0,148.0,148.0,149.0,7.0,0.0,1.0
131.0,0.005,0.0,0.003,0.0,0.0,0.0,25.0,1.4,0.0,6.5,91.0,87.0,178.0,6.0,0.0,136.0,144.0,144.0,17.0,0.0,1.0
131.0,0.005,0.0,0.002,0.0,0.0,0.0,25.0,1.3,0.0,6.8,82.0,87.0,169.0,5.0,0.0,136.0,141.0,141.0,9.0,0.0,1.0
131.0,0.005,0.0,0.004,0.0,0.0,0.0,27.0,1.4,0.0,8.7,52.0,118.0,170.0,7.0,0.0,148.0,146.0,147.0,7.0,0.0,1.0
131.0,0.005,0.0,0.005,0.0,0.0,0.0,28.0,1.3,0.0,4.0,89.0,82.0,171.0,7.0,0.0,143.0,146.0,146.0,8.0,1.0,1.0
129.0,0.004,0.0,0.001,0.0,0.0,0.0,27.0,1.2,1.0,7.9,60.0,98.0,158.0,3.0,0.0,133.0,133.0,134.0,4.0,0.0,1.0
129.0,0.003,0.0,0.0,0.0,0.0,0.0,28.0,1.1,1.0,7.1,30.0,122.0,152.0,1.0,0.0,133.0,133.0,134.0,2.0,0.0,1.0
129.0,0.005,0.0,0.004,0.001,0.0,0.0,25.0,1.5,0.0,11.3,59.0,103.0,162.0,4.0,0.0,129.0,132.0,131.0,14.0,0.0,1.0
129.0,0.005,0.0,0.006,0.0,0.0,0.0,23.0,1.5,0.0,12.6,44.0,115.0,159.0,1.0,0.0,133.0,139.0,141.0,11.0,0.0,1.0
129.0,0.005,0.0,0.004,0.0,0.0,0.0,24.0,1.5,0.0,13.4,45.0,114.0,159.0,1.0,0.0,133.0,138.0,138.0,9.0,0.0,1.0
129.0,0.005,0.0,0.008,0.0,0.0,0.0,23.0,1.5,0.0,0.5,53.0,109.0,162.0,5.0,0.0,144.0,143.0,145.0,8.0,0.0,1.0
129.0,0.005,0.0,0.006,0.0,0.0,0.0,22.0,1.6,0.0,0.5,58.0,108.0,166.0,4.0,0.0,141.0,143.0,144.0,9.0,0.0,1.0
129.0,0.005,0.0,0.008,0.0,0.0,0.0,22.0,1.5,0.0,10.6,53.0,109.0,162.0,4.0,0.0,147.0,143.0,146.0,7.0,1.0,1.0
129.0,0.005,0.0,0.008,0.0,0.0,0.0,21.0,1.5,0.0,4.5,54.0,108.0,162.0,4.0,0.0,144.0,142.0,144.0,8.0,1.0,1.0
129.0,0.005,0.0,0.008,0.0,0.0,0.0,22.0,1.6,0.0,0.0,58.0,108.0,166.0,4.0,0.0,141.0,142.0,144.0,11.0,0.0,1.0
129.0,0.005,0.0,0.009,0.0,0.0,0.0,23.0,1.6,0.0,0.0,54.0,112.0,166.0,4.0,0.0,138.0,143.0,144.0,13.0,0.0,1.0
122.0,0.003,0.0,0.001,0.004,0.0,0.0,15.0,2.7,0.0,17.555315838805065,129.0,51.0,180.0,6.0,0.5699688092250241,122.0,122.0,123.0,43.0,0.0,1.0
122.0,0.004,0.0,0.001,0.006,0.0,0.0,14.702497857425548,3.0,0.0,17.555315838805065,129.0,51.0,180.0,6.0,0.5699688092250241,122.0,122.0,123.0,54.0,0.0,1.0
122.0,0.002,0.0,0.0,0.007,0.0,0.0,14.702497857425548,3.2,0.0,17.555315838805065,129.0,51.0,180.0,5.0,0.5699688092250241,119.0,119.0,121.0,62.0,0.0,1.0
122.0,0.004,0.0,0.002,0.002,0.0,0.0,17.0,2.1,0.0,15.4,71.0,95.0,166.0,2.0,0.0,122.0,124.0,123.0,18.0,0.0,1.0
122.0,0.002,0.0,0.0,0.007,0.0,0.0,14.702497857425548,3.6,0.0,17.555315838805065,129.0,51.0,180.0,7.0,0.5699688092250241,122.0,119.0,122.0,76.0,0.0,1.0
139.0,0.004,0.0,0.005,0.0,0.0,0.0,33.0,1.1,0.0,12.8,40.0,131.0,171.0,1.0,0.0,144.0,144.0,145.0,3.0,-1.0,1.0
139.0,0.004,0.0,0.005,0.0,0.0,0.0,34.0,1.1,0.0,14.1,36.0,129.0,165.0,2.0,0.0,144.0,143.0,144.0,2.0,0.0,1.0
139.0,0.005,0.0,0.003,0.0,0.0,0.0,41.0,0.8,0.0,8.2,42.0,131.0,173.0,2.0,0.0,144.0,144.0,145.0,3.0,-1.0,1.0
139.0,0.005,0.0,0.004,0.0,0.0,0.0,34.0,1.0,0.0,8.1,42.0,131.0,173.0,4.0,0.0,144.0,145.0,146.0,3.0,-1.0,1.0
139.0,0.005,0.0,0.005,0.0,0.0,0.0,39.0,0.8,0.0,7.6,34.0,136.0,170.0,1.0,0.0,144.0,146.0,146.0,3.0,-1.0,1.0
139.0,0.005,0.0,0.005,0.0,0.0,0.0,38.0,0.9,0.0,7.1,34.0,136.0,170.0,1.0,0.0,144.0,146.0,146.0,4.0,-1.0,1.0
139.0,0.005,0.0,0.005,0.002,0.0,0.0,37.0,1.3,0.0,7.8,106.0,68.0,174.0,7.0,0.5699688092250241,141.0,143.0,145.0,13.0,1.0,1.0
139.0,0.003,0.0,0.003,0.0,0.0,0.0,38.0,1.0,0.0,11.7,47.0,114.0,161.0,2.0,0.0,142.0,141.0,142.0,3.0,0.0,1.0
139.0,0.002,0.0,0.005,0.0,0.0,0.0,35.0,1.0,0.0,11.6,28.0,131.0,159.0,0.0,0.0,144.0,143.0,145.0,1.0,0.0,1.0
135.0,0.003,0.0,0.007,0.0,0.0,0.0,29.0,1.3,0.0,10.4,37.0,123.0,160.0,3.0,0.0,138.0,139.0,140.0,3.0,0.0,1.0
135.0,0.003,0.0,0.007,0.0,0.0,0.0,28.0,1.4,0.0,9.7,40.0,120.0,160.0,2.0,0.0,138.0,139.0,140.0,2.0,0.0,1.0
135.0,0.005,0.0,0.008,0.001,0.0,0.0,27.0,1.4,0.0,8.5,106.0,64.0,170.0,4.0,0.5699688092250241,138.0,140.0,141.0,8.0,1.0,1.0
135.0,0.002,0.0,0.006,0.0,0.0,0.0,26.0,1.3,0.0,10.1,37.0,123.0,160.0,1.0,0.5699688092250241,137.0,138.0,139.0,2.0,0.0,1.0
135.0,0.005,0.0,0.007,0.004,0.0,0.0,26.0,1.6,0.0,6.0,106.0,64.0,170.0,4.0,0.5699688092250241,141.0,138.0,141.0,16.0,1.0,1.0
135.0,0.005,0.0,0.008,0.005,0.0,0.0,23.0,1.8,0.0,8.8,112.0,60.0,172.0,6.0,0.5699688092250241,139.0,137.0,140.0,20.0,1.0,1.0
135.0,0.005,0.0,0.006,0.005,0.0,0.0,27.0,1.5,0.0,5.8,96.0,69.0,165.0,5.0,0.5699688092250241,143.0,139.0,142.0,17.0,1.0,1.0
135.0,0.002,0.0,0.006,0.006,0.0,0.0,23.0,1.7,0.0,8.4,88.0,69.0,157.0,6.0,0.5699688092250241,139.0,134.0,139.0,17.0,1.0,1.0
135.0,0.005,0.0,0.005,0.003,0.0,0.0,24.0,2.5,0.0,3.9,98.0,80.0,178.0,4.0,0.5699688092250241,143.0,143.0,146.0,15.0,0.0,1.0
135.0,0.005,0.0,0.005,0.002,0.0,0.0,25.0,2.5,0.0,4.6,89.0,89.0,178.0,5.0,0.5699688092250241,143.0,145.0,147.0,10.0,0.0,1.0
135.0,0.003,0.0,0.003,0.003,0.0,0.0,24.0,1.5,0.0,13.1,55.0,102.0,157.0,4.0,0.0,136.0,134.0,136.0,9.0,0.0,1.0
135.0,0.003,0.0,0.003,0.005,0.0,0.0,23.0,1.6,0.0,9.1,67.0,90.0,157.0,3.0,0.0,133.0,133.0,135.0,10.0,1.0,1.0
136.0,0.005,0.0,0.005,0.0,0.0,0.0,23.0,2.4,0.0,5.9,52.0,117.0,169.0,2.0,0.0,143.0,145.0,146.0,7.0,0.0,1.0
136.0,0.005,0.0,0.005,0.0,0.0,0.0,22.0,2.3,0.0,7.2,64.0,114.0,178.0,3.0,0.5699688092250241,145.0,144.0,145.0,6.0,0.0,1.0
135.0,0.004,0.0,0.003,0.004,0.0,0.0,25.0,1.5,0.0,8.9,68.0,90.0,158.0,3.0,0.0,136.0,134.0,136.0,10.0,0.0,1.0
135.0,0.005,0.0,0.005,0.002,0.0,0.0,26.0,1.5,0.0,3.4,68.0,90.0,158.0,4.0,0.0,139.0,137.0,139.0,10.0,1.0,1.0
125.0,0.0,0.0,0.004,0.002,0.0,0.0,32.0,1.0,15.0,6.0,33.0,97.0,130.0,1.0,0.0,123.0,121.0,124.0,2.0,1.0,1.0
125.0,0.001,0.0,0.004,0.001,0.0,0.0,35.0,0.9,20.0,6.9,43.0,101.0,144.0,4.0,0.0,126.0,125.0,127.0,2.0,0.0,1.0
125.0,0.0,0.0,0.004,0.0,0.0,0.0,37.0,0.8,20.0,7.1,22.0,116.0,138.0,2.0,0.0,126.0,125.0,127.0,1.0,0.0,1.0
125.0,0.001,0.0,0.004,0.0,0.0,0.0,38.0,0.8,25.0,6.2,28.0,116.0,144.0,1.0,0.0,131.0,129.0,131.0,1.0,0.0,1.0
125.0,0.0,0.0,0.005,0.0,0.0,0.0,38.0,0.8,18.0,6.7,25.0,118.0,143.0,1.0,0.0,131.0,129.0,131.0,0.0,0.0,1.0
125.0,0.001,0.0,0.003,0.0,0.0,0.0,37.0,0.8,12.0,8.7,42.0,103.0,145.0,2.0,0.0,131.0,129.0,132.0,1.0,1.0,1.0
125.0,0.0,0.0,0.004,0.0,0.0,0.0,38.0,0.8,11.0,9.0,35.0,103.0,138.0,2.0,0.0,131.0,129.0,131.0,1.0,1.0,1.0
125.0,0.0,0.0,0.004,0.0,0.0,0.0,37.0,0.8,15.0,8.0,34.0,103.0,137.0,1.0,0.0,131.0,129.0,131.0,1.0,1.0,1.0
125.0,0.001,0.0,0.003,0.0,0.0,0.0,38.0,0.8,12.0,8.8,42.0,103.0,145.0,2.0,0.0,131.0,129.0,132.0,1.0,1.0,1.0
125.0,0.0,0.0,0.004,0.0,0.0,0.0,38.0,0.8,11.0,9.5,35.0,103.0,138.0,2.0,0.0,131.0,129.0,131.0,1.0,1.0,1.0
125.0,0.004,0.0,0.006,0.0,0.0,0.0,36.0,0.9,4.0,6.5,45.0,115.0,160.0,2.0,0.0,131.0,131.0,131.0,3.0,0.0,1.0
125.0,0.003,0.0,0.004,0.0,0.0,0.0,37.0,0.8,5.0,6.7,30.0,115.0,145.0,2.0,0.0,131.0,130.0,132.0,1.0,0.0,1.0
125.0,0.004,0.0,0.007,0.0,0.0,0.0,33.0,0.9,2.0,6.6,48.0,116.0,164.0,2.0,0.0,127.0,131.0,131.0,6.0,-1.0,1.0
125.0,0.004,0.0,0.004,0.0,0.0,0.0,32.0,1.0,0.0,6.3,50.0,114.0,164.0,2.0,0.0,127.0,131.0,130.0,9.0,-1.0,1.0
125.0,0.005,0.0,0.004,0.0,0.0,0.0,28.0,1.2,0.0,7.9,87.0,79.0,166.0,4.0,0.0,131.0,132.0,132.0,8.0,0.0,1.0
125.0,0.005,0.0,0.005,0.0,0.0,0.0,26.0,1.3,0.0,8.0,87.0,79.0,166.0,4.0,0.0,131.0,133.0,132.0,11.0,0.0,1.0
127.0,0.005,0.0,0.006,0.0,0.0,0.0,33.0,1.0,0.0,6.7,54.0,114.0,168.0,3.0,0.0,131.0,135.0,133.0,12.0,-1.0,1.0
127.0,0.005,0.0,0.007,0.0,0.0,0.0,34.0,1.0,0.0,6.1,54.0,114.0,168.0,1.0,0.0,131.0,136.0,134.0,15.0,-1.0,1.0
127.0,0.005,0.0,0.007,0.001,0.0,0.0,30.0,1.4,0.0,6.7,119.0,63.0,182.0,9.0,0.0,134.0,138.0,137.0,18.0,0.0,1.0
127.0,0.005,0.0,0.009,0.0,0.0,0.0,32.0,1.1,0.0,7.0,57.0,114.0,171.0,2.0,0.0,127.0,137.0,135.0,23.0,-1.0,1.0
127.0,0.005,0.0,0.007,0.003,0.0,0.0,22.0,2.1,0.0,17.555315838805065,119.0,63.0,182.0,6.0,0.0,131.0,133.0,135.0,32.0,0.0,1.0
127.0,0.005,0.0,0.007,0.003,0.0,0.0,21.0,2.2,0.0,17.555315838805065,101.0,81.0,182.0,5.0,0.0,131.0,131.0,133.0,26.0,0.0,1.0
127.0,0.0,0.0,0.008,0.007500000000000001,0.0,0.0,18.0,2.5,0.0,17.555315838805065,83.0,76.0,159.0,5.0,0.0,120.0,118.0,121.0,20.0,0.0,1.0
127.0,0.0,0.0,0.007,0.006,0.0,0.0,20.0,2.2,0.0,17.555315838805065,78.0,81.0,159.0,4.0,0.0,131.0,122.0,124.0,23.0,0.0,1.0
127.0,0.0,0.0,0.009,0.007500000000000001,0.0,0.0,17.0,2.8,0.0,3.7,81.0,76.0,157.0,3.0,0.0,114.0,112.0,115.0,16.0,0.0,1.0
127.0,0.0,0.0,0.007,0.007500000000000001,0.0,0.0,17.0,2.8,0.0,3.7,81.0,76.0,157.0,5.0,0.0,114.0,113.0,116.0,16.0,0.0,1.0
127.0,0.004,0.0,0.008,0.0,0.0,0.0,32.0,1.0,0.0,7.5,57.0,114.0,171.0,1.0,0.0,131.0,135.0,134.0,14.0,-1.0,1.0
127.0,0.003,0.0,0.008,0.0,0.0,0.0,33.0,1.0,0.0,7.6,32.0,114.0,146.0,0.0,0.0,129.0,130.0,132.0,3.0,0.0,1.0
127.0,0.0,0.0,0.005,0.005,0.0,0.0,19.0,2.3,0.0,17.555315838805065,78.0,81.0,159.0,2.0,0.0,131.0,123.0,125.0,23.0,0.0,1.0
127.0,0.0,0.0,0.005,0.005,0.0,0.0,19.0,2.3,0.0,17.555315838805065,78.0,81.0,159.0,4.0,0.0,131.0,125.0,128.0,19.0,0.0,1.0
133.0,0.005,0.0,0.007,0.0,0.0,0.0,32.0,1.4,0.0,6.3,83.0,96.0,179.0,5.0,0.0,163.0,149.0,149.0,37.0,0.0,1.0
133.0,0.005,0.0,0.006,0.0,0.0,0.0,31.0,1.4,0.0,1.3,83.0,96.0,179.0,7.0,0.5699688092250241,163.0,151.0,154.0,31.0,1.0,1.0
133.0,0.005,0.0,0.004,0.001,0.0,0.0,28.0,1.6,0.0,0.0,89.0,91.0,180.0,7.0,0.5699688092250241,163.0,152.0,158.0,34.0,1.0,1.0
133.0,0.005,0.0,0.006,0.0,0.0,0.0,33.0,1.2,0.0,4.4,82.0,97.0,179.0,7.0,0.0,163.0,156.0,161.0,19.0,1.0,1.0
133.0,0.005,0.0,0.006,0.006,0.0,0.0,17.0,2.4,0.0,2.1,98.0,82.0,180.0,4.0,0.0,126.0,137.0,138.0,61.0,0.0,1.0
133.0,0.005,0.0,0.004,0.006,0.0,0.0,16.0,2.6,0.0,0.0,98.0,82.0,180.0,5.0,0.0,131.0,138.0,136.0,54.0,0.0,1.0
133.0,0.001,0.0,0.007,0.004,0.0,0.0,27.0,1.7,13.0,11.4,95.0,82.0,177.0,4.0,0.0,147.0,133.0,138.0,43.0,0.0,1.0
133.0,0.0,0.0,0.007,0.003,0.0,0.0,31.0,1.4,16.0,13.0,82.0,82.0,164.0,5.0,0.0,147.0,135.0,140.0,31.0,1.0,1.0
136.0,0.005,0.0,0.006,0.003,0.0,0.0,36.0,1.2,12.0,5.8,79.0,88.0,167.0,2.0,0.0,147.0,140.0,145.0,16.0,1.0,1.0
136.0,0.005,0.0,0.007,0.002,0.0,0.0,31.0,1.4,0.0,8.0,79.0,88.0,167.0,2.0,0.0,144.0,140.0,144.0,14.0,1.0,1.0
137.0,0.002,0.0,0.007,0.006,0.0,0.0,27.0,1.6,0.0,10.1,81.0,86.0,167.0,2.0,0.0,144.0,136.0,141.0,23.0,1.0,1.0
137.0,0.002,0.0,0.0,0.007500000000000001,0.0,0.0,20.0,2.0,0.0,0.0,74.0,86.0,160.0,1.0,0.0,126.0,128.0,130.0,23.0,0.0,1.0
134.0,0.002,0.0,0.01,0.005,0.0,0.0,26.0,1.8,10.0,15.1,82.0,82.0,164.0,5.0,0.0,147.0,133.0,137.0,40.0,1.0,1.0
134.0,0.0,0.0,0.005,0.003,0.0,0.0,31.0,1.4,17.0,14.6,82.0,82.0,164.0,4.0,0.0,147.0,135.0,139.0,30.0,1.0,1.0
134.0,0.003,0.0,0.007,0.005,0.0,0.0,25.0,1.9,11.0,9.8,96.0,82.0,178.0,5.0,0.0,147.0,135.0,138.0,43.0,0.0,1.0
134.0,0.003,0.0,0.006,0.007500000000000001,0.0,0.0,14.702497857425548,3.0,0.0,0.0,98.0,82.0,180.0,3.0,0.0,126.0,129.0,129.0,46.0,0.0,1.0
141.0,0.002,0.0,0.006,0.003,0.0,0.0,36.0,1.3,9.0,9.8,79.0,92.0,171.0,6.0,0.0,145.0,143.0,146.0,10.0,1.0,1.0
141.0,0.001,0.0,0.007,0.004,0.0,0.0,28.0,1.7,2.0,11.7,86.0,85.0,171.0,9.0,0.0,144.0,141.0,144.0,15.0,1.0,1.0
141.0,0.002,0.0,0.007,0.005,0.0,0.0,25.0,1.8,1.0,12.6,86.0,85.0,171.0,9.0,0.0,145.0,141.0,145.0,17.0,1.0,1.0
122.0,0.002,0.0,0.003,0.0,0.0,0.0,21.0,1.8,0.0,16.3,44.0,108.0,152.0,1.0,0.0,125.0,127.0,127.0,5.0,0.0,1.0
122.0,0.001,0.0,0.004,0.0,0.0,0.0,21.0,1.7,0.0,16.1,48.0,104.0,152.0,2.0,0.0,125.0,126.0,126.0,4.0,0.0,1.0
122.0,0.0,0.0,0.004,0.0,0.0,0.0,23.0,1.6,1.0,16.9,41.0,111.0,152.0,2.0,0.0,125.0,127.0,127.0,4.0,0.0,1.0
122.0,0.005,0.0,0.003,0.0,0.0,0.0,20.0,2.0,0.0,9.9,43.0,108.0,151.0,0.0,0.0,131.0,129.0,130.0,4.0,0.0,1.0
122.0,0.004,0.0,0.003,0.0,0.0,0.0,20.0,2.0,0.0,10.2,42.0,104.0,146.0,0.0,0.0,131.0,128.0,130.0,4.0,0.0,1.0
122.0,0.001,0.0,0.002,0.0,0.0,0.0,27.0,1.3,0.0,9.3,27.0,113.0,140.0,1.0,0.0,125.0,125.0,126.0,1.0,0.0,1.0
122.0,0.0,0.0,0.0,0.0,0.0,0.0,29.0,1.3,0.0,10.2,27.0,110.0,137.0,0.0,0.5699688092250241,127.0,126.0,127.0,1.0,0.0,1.0
122.0,0.002,0.0,0.008,0.0,0.0,0.0,26.0,1.4,1.0,8.2,36.0,114.0,150.0,2.0,0.0,122.0,126.0,126.0,6.0,-1.0,1.0
122.0,0.0,0.0,0.004,0.0,0.0,0.0,23.0,1.5,1.0,9.2,28.0,113.0,141.0,1.0,0.0,122.0,124.0,124.0,2.0,0.0,1.0
122.0,0.005,0.0,0.001,0.0,0.0,0.0,22.0,2.2,0.0,1.9,52.0,100.0,152.0,1.0,0.0,131.0,133.0,134.0,5.0,0.0,1.0
122.0,0.005,0.0,0.002,0.0,0.0,0.0,22.0,2.5,0.0,2.2,52.0,100.0,152.0,1.0,0.0,136.0,132.0,134.0,6.0,0.0,1.0
123.0,0.005,0.0,0.002,0.0,0.0,0.0,22.0,2.2,0.0,6.7,52.0,100.0,152.0,2.0,0.0,131.0,132.0,133.0,4.0,0.0,1.0
123.0,0.005,0.0,0.002,0.0,0.0,0.0,24.0,2.2,0.0,1.7,52.0,100.0,152.0,1.0,0.0,136.0,133.0,135.0,5.0,0.0,1.0
122.0,0.001,0.0,0.003,0.0,0.0,0.0,21.0,1.8,2.0,14.9,54.0,100.0,154.0,3.0,0.0,126.0,125.0,127.0,4.0,0.0,1.0
122.0,0.0,0.0,0.003,0.0,0.0,0.0,22.0,1.8,2.0,15.7,36.0,104.0,140.0,2.0,0.0,126.0,125.0,127.0,2.0,0.0,1.0
122.0,0.003,0.0,0.004,0.0,0.0,0.0,22.0,1.8,0.0,14.7,50.0,103.0,153.0,4.0,0.0,126.0,127.0,128.0,4.0,0.0,1.0
122.0,0.0,0.0,0.004,0.0,0.0,0.0,22.0,1.8,0.0,15.7,34.0,106.0,140.0,2.0,0.5699688092250241,126.0,125.0,127.0,2.0,0.0,1.0
122.0,0.004,0.0,0.003,0.0,0.0,0.0,21.0,1.7,0.0,14.9,55.0,104.0,159.0,1.0,0.5699688092250241,126.0,127.0,128.0,6.0,0.0,1.0
122.0,0.002,0.0,0.0,0.0,0.0,0.0,23.0,1.6,0.0,16.2,33.0,109.0,142.0,2.0,0.5699688092250241,126.0,127.0,128.0,3.0,0.0,1.0
122.0,0.005,0.0,0.003,0.0,0.0,0.0,19.0,2.3,0.0,12.1,53.0,104.0,157.0,2.0,0.5699688092250241,125.0,127.0,128.0,8.0,0.0,1.0
122.0,0.0,0.0,0.003,0.0,0.0,0.0,21.0,2.2,0.0,17.4,39.0,104.0,143.0,4.0,0.5699688092250241,129.0,126.0,128.0,4.0,0.0,1.0
122.0,0.003,0.0,0.002,0.001,0.0,0.0,19.0,2.0,0.0,17.555315838805065,46.0,102.0,148.0,3.0,0.0,125.0,124.0,126.0,6.0,0.0,1.0
122.0,0.0,0.0,0.003,0.0,0.0,0.0,21.0,2.2,0.0,17.1,34.0,104.0,138.0,3.0,0.5699688092250241,129.0,126.0,128.0,3.0,1.0,1.0
122.0,0.002,0.0,0.0,0.002,0.0,0.0,17.0,2.0,0.0,17.555315838805065,46.0,102.0,148.0,2.0,0.0,119.0,123.0,123.0,8.0,0.0,1.0
122.0,0.002,0.0,0.0,0.0,0.0,0.0,18.0,1.9,0.0,17.555315838805065,40.0,108.0,148.0,3.0,0.0,119.0,125.0,125.0,9.0,0.0,1.0
122.0,0.003,0.0,0.004,0.0,0.0,0.0,21.0,2.0,0.0,12.6,49.0,107.0,156.0,3.0,0.0,126.0,125.0,126.0,5.0,0.0,1.0
122.0,0.005,0.0,0.0,0.0,0.0,0.0,20.0,2.1,0.0,9.8,55.0,101.0,156.0,4.0,0.5699688092250241,127.0,126.0,127.0,7.0,0.0,1.0
122.0,0.0,0.0,0.0,0.001,0.0,0.0,20.0,1.8,0.0,13.8,39.0,103.0,142.0,1.0,0.0,120.0,119.0,121.0,3.0,0.0,1.0
122.0,0.0,0.0,0.0,0.0,0.0,0.0,19.0,1.9,0.0,15.1,39.0,103.0,142.0,1.0,0.0,120.0,120.0,122.0,3.0,0.0,1.0
122.0,0.0,0.0,0.0,0.0,0.0,0.0,19.0,1.9,0.0,15.1,39.0,103.0,142.0,1.0,0.0,120.0,120.0,122.0,3.0,0.0,1.0
122.0,0.0,0.0,0.0,0.0,0.0,0.0,19.0,1.9,0.0,15.1,39.0,103.0,142.0,1.0,0.0,120.0,120.0,122.0,3.0,0.0,1.0
122.0,0.0,0.0,0.0,0.0,0.0,0.0,19.0,1.9,0.0,15.1,39.0,103.0,142.0,1.0,0.0,120.0,120.0,122.0,3.0,0.0,1.0
122.0,0.0,0.0,0.001,0.001,0.0,0.0,25.0,1.4,3.0,9.3,31.0,105.0,136.0,1.0,0.0,126.0,122.0,124.0,5.0,0.0,1.0
122.0,0.0,0.0,0.001,0.0,0.0,0.0,26.0,1.3,4.0,9.8,30.0,106.0,136.0,1.0,0.0,126.0,122.0,125.0,3.0,0.0,1.0
122.0,0.001,0.0,0.006,0.001,0.0,0.0,21.0,1.7,0.0,14.3,37.0,105.0,142.0,1.0,0.0,125.0,123.0,125.0,3.0,0.0,1.0
122.0,0.001,0.0,0.006,0.0,0.0,0.0,22.0,1.7,0.0,13.9,37.0,105.0,142.0,0.0,0.0,125.0,124.0,126.0,3.0,0.0,1.0
122.0,0.0,0.0,0.001,0.001,0.0,0.0,23.0,1.5,3.0,9.5,33.0,103.0,136.0,0.0,0.0,125.0,120.0,122.0,5.0,0.0,1.0
122.0,0.0,0.0,0.001,0.0,0.0,0.0,25.0,1.3,4.0,9.5,30.0,106.0,136.0,1.0,0.0,125.0,122.0,124.0,3.0,0.0,1.0
122.0,0.001,0.0,0.005,0.001,0.0,0.0,21.0,1.7,0.0,14.0,37.0,105.0,142.0,1.0,0.0,125.0,123.0,125.0,3.0,0.0,1.0
122.0,0.002,0.0,0.002,0.0,0.0,0.0,20.0,1.8,0.0,15.0,37.0,105.0,142.0,0.0,0.0,125.0,123.0,125.0,4.0,0.0,1.0
122.0,0.004,0.0,0.005,0.0,0.0,0.0,25.0,1.4,0.0,8.0,44.0,104.0,148.0,4.0,0.0,126.0,125.0,127.0,3.0,0.0,1.0
122.0,0.004,0.0,0.002,0.0,0.0,0.0,25.0,1.5,0.0,8.3,44.0,104.0,148.0,5.0,0.0,126.0,125.0,126.0,4.0,0.0,1.0
122.0,0.002,0.0,0.003,0.0,0.0,0.0,27.0,1.3,0.0,8.1,39.0,104.0,143.0,3.0,0.0,126.0,124.0,126.0,2.0,0.0,1.0
122.0,0.0,0.0,0.0,0.0,0.0,0.0,29.0,1.2,0.0,8.5,26.0,107.0,133.0,1.0,0.0,126.0,124.0,126.0,1.0,1.0,1.0
122.0,0.005,0.0,0.004,0.001,0.0,0.0,22.0,1.8,0.0,11.5,52.0,96.0,148.0,1.0,0.0,131.0,128.0,130.0,7.0,0.0,1.0
122.0,0.005,0.0,0.005,0.0,0.0,0.0,22.0,1.7,0.0,13.5,45.0,103.0,148.0,1.0,0.0,131.0,129.0,131.0,4.0,0.0,1.0
122.0,0.005,0.0,0.004,0.005,0.0,0.0,20.0,2.6,0.0,17.555315838805065,98.0,60.0,158.0,6.0,0.0,131.0,121.0,126.0,31.0,0.0,1.0
122.0,0.003,0.0,0.008,0.007500000000000001,0.0,0.0,18.0,3.0,0.0,16.2,98.0,60.0,158.0,7.0,0.0,127.0,120.0,124.0,28.0,0.0,1.0
122.0,0.002,0.0,0.009,0.007500000000000001,0.0,0.0,16.0,3.5,0.0,17.555315838805065,98.0,60.0,158.0,5.0,0.0,107.0,115.0,115.0,34.0,0.0,1.0
122.0,0.0,0.0,0.011,0.007500000000000001,0.0,0.0,14.702497857425548,3.8,0.0,17.555315838805065,98.0,60.0,158.0,6.0,0.5699688092250241,127.0,113.0,115.0,41.0,0.0,1.0
122.0,0.002,0.0,0.007,0.007,0.0,0.0,16.0,3.4,0.0,17.555315838805065,96.0,62.0,158.0,6.0,0.0,125.0,120.0,124.0,25.0,0.0,1.0
122.0,0.003,0.0,0.011,0.007500000000000001,0.0,0.0,17.0,3.4,0.0,17.555315838805065,96.0,62.0,158.0,9.0,0.0,125.0,122.0,126.0,26.0,0.0,1.0
122.0,0.0,0.0,0.006,0.002,0.0,0.0,27.0,1.1,0.0,10.7,35.0,101.0,136.0,1.0,0.0,125.0,122.0,124.0,3.0,0.0,1.0
122.0,0.0,0.0,0.006,0.004,0.0,0.0,30.0,1.1,0.0,7.6,39.0,93.0,132.0,2.0,0.0,126.0,122.0,125.0,4.0,1.0,1.0
122.0,0.0,0.0,0.004,0.001,0.0,0.0,27.0,1.2,0.0,10.1,43.0,93.0,136.0,2.0,0.0,125.0,122.0,124.0,3.0,1.0,1.0
122.0,0.0,0.0,0.004,0.0,0.0,0.0,25.0,1.2,0.0,11.0,31.0,105.0,136.0,0.0,0.0,125.0,122.0,124.0,2.0,0.0,1.0
122.0,0.0,0.0,0.005,0.003,0.0,0.0,27.0,1.2,0.0,10.3,40.0,92.0,132.0,3.0,0.5699688092250241,120.0,120.0,123.0,4.0,1.0,1.0
122.0,0.0,0.0,0.005,0.005,0.0,0.0,26.0,1.3,0.0,9.8,47.0,85.0,132.0,3.0,0.5699688092250241,126.0,119.0,123.0,10.0,1.0,1.0
122.0,0.004,0.0,0.005,0.004,0.0,0.0,22.0,1.7,0.0,7.4,69.0,74.0,143.0,3.0,0.0,133.0,122.0,127.0,26.0,1.0,1.0
122.0,0.004,0.0,0.006,0.006,0.0,0.0,21.0,1.7,0.0,6.7,69.0,74.0,143.0,4.0,0.0,133.0,121.0,126.0,32.0,1.0,1.0
122.0,0.0,0.0,0.005,0.003,0.0,0.0,24.0,1.5,0.0,10.6,73.0,77.0,150.0,1.0,0.5699688092250241,124.0,119.0,123.0,12.0,0.0,1.0
122.0,0.0,0.0,0.007,0.007,0.0,0.0,21.0,1.9,0.0,5.6,73.0,77.0,150.0,3.0,0.5699688092250241,127.0,115.0,117.0,30.0,0.0,1.0
122.0,0.0,0.0,0.007,0.007500000000000001,0.0,0.0,21.0,1.7,0.0,8.0,55.0,81.0,136.0,2.0,0.5699688092250241,126.0,115.0,118.0,22.0,1.0,1.0
122.0,0.0,0.0,0.006,0.007500000000000001,0.0,0.0,18.0,1.9,0.0,8.8,44.0,91.0,135.0,4.0,0.0,126.0,117.0,121.0,19.0,1.0,1.0
122.0,0.0,0.0,0.0,0.006,0.0,0.0,21.0,1.9,0.0,9.5,57.0,82.0,139.0,4.0,0.0,133.0,119.0,124.0,38.0,1.0,1.0
122.0,0.005,0.0,0.0,0.002,0.0,0.0,26.0,1.4,0.0,5.6,61.0,85.0,146.0,5.0,0.0,140.0,129.0,134.0,28.0,1.0,1.0
122.0,0.005,0.0,0.0,0.002,0.0,0.0,24.0,1.6,0.0,8.4,78.0,79.0,157.0,3.0,0.0,136.0,127.0,131.0,21.0,1.0,1.0
122.0,0.005,0.0,0.0,0.0,0.0,0.0,25.0,1.5,0.0,10.9,72.0,85.0,157.0,6.0,0.5699688092250241,136.0,129.0,133.0,14.0,1.0,1.0
122.0,0.003,0.0,0.0,0.007500000000000001,0.0,0.0,18.0,2.4,0.0,4.9,74.0,69.0,143.0,1.0,0.5699688092250241,131.0,117.0,120.0,40.0,1.0,1.0
122.0,0.001,0.0,0.003,0.007500000000000001,0.0,0.0,16.0,2.7,0.0,5.5,96.0,56.0,152.0,1.0,0.5699688092250241,112.0,113.0,116.0,21.0,0.0,1.0
122.0,0.0,0.0,0.003,0.007500000000000001,0.0,0.0,14.702497857425548,3.0,0.0,0.4,96.0,56.0,152.0,3.0,0.5699688092250241,109.0,110.0,112.0,20.0,0.0,1.0
122.0,0.0,0.0,0.002,0.007500000000000001,0.0,0.0,14.702497857425548,3.0,0.0,0.7,83.0,69.0,152.0,3.0,0.0,110.0,110.0,113.0,16.0,0.0,1.0
122.0,0.005,0.0,0.0,0.003,0.0,0.0,23.0,1.7,0.0,9.7,78.0,79.0,157.0,6.0,0.0,131.0,125.0,130.0,18.0,0.0,1.0
122.0,0.005,0.0,0.0,0.002,0.0,0.0,25.0,1.6,0.0,9.1,72.0,85.0,157.0,6.0,0.5699688092250241,136.0,129.0,133.0,15.0,1.0,1.0
127.0,0.005,0.0,0.007,0.002,0.0,0.0,22.0,1.7,0.0,0.0,129.0,52.0,181.0,8.0,0.0,140.0,136.0,142.0,63.0,1.0,1.0
127.0,0.005,0.0,0.008,0.002,0.0,0.0,22.0,1.6,0.0,0.0,90.0,91.0,181.0,4.0,0.5699688092250241,140.0,144.0,146.0,25.0,0.0,1.0
127.0,0.005,0.0,0.01,0.001,0.0,0.0,24.0,1.5,0.0,1.7,67.0,109.0,176.0,3.0,0.0,155.0,148.0,152.0,19.0,0.0,1.0
127.0,0.005,0.0,0.009,0.001,0.0,0.0,24.0,1.5,0.0,0.0,72.0,109.0,181.0,4.0,0.0,153.0,150.0,154.0,16.0,0.0,1.0
131.0,0.005,0.0,0.009,0.0,0.0,0.0,27.0,1.4,0.0,17.555315838805065,70.0,110.0,180.0,2.0,0.0,155.0,155.0,156.0,14.0,0.0,1.0
131.0,0.005,0.0,0.011,0.0,0.0,0.0,23.0,1.7,0.0,6.9,84.0,110.0,194.0,6.0,0.0,160.0,158.0,161.0,23.0,0.0,1.0
131.0,0.005,0.0,0.013762257940890619,0.0,0.0,0.0,26.0,1.5,0.0,3.0,61.0,109.0,170.0,2.0,0.5699688092250241,155.0,151.0,154.0,11.0,1.0,1.0
126.0,0.005,0.0,0.005,0.0,0.0,0.0,24.0,1.5,0.0,9.4,33.0,122.0,155.0,1.0,0.5699688092250241,136.0,137.0,138.0,3.0,0.0,1.0
126.0,0.005,0.0,0.008,0.0,0.0,0.0,23.0,1.5,0.0,10.3,33.0,122.0,155.0,2.0,0.0,136.0,137.0,139.0,3.0,0.0,1.0
126.0,0.0,0.0,0.004,0.0,0.0,0.0,35.0,1.0,5.0,7.8,21.0,121.0,142.0,1.0,0.0,136.0,133.0,135.0,2.0,0.0,1.0
126.0,0.0,0.0,0.003,0.0,0.0,0.0,36.0,0.9,4.0,7.3,21.0,121.0,142.0,1.0,0.0,136.0,133.0,135.0,1.0,1.0,1.0
126.0,0.002,0.0,0.009,0.0,0.0,0.0,26.0,1.3,0.0,9.0,51.0,114.0,165.0,1.0,0.0,129.0,132.0,131.0,10.0,-1.0,1.0
126.0,0.0,0.0,0.01,0.0,0.0,0.0,21.0,1.5,0.0,10.4,23.0,114.0,137.0,1.0,0.0,129.0,128.0,130.0,1.0,0.0,1.0
126.0,0.0,0.0,0.004,0.0,0.0,0.0,34.0,1.0,4.0,8.3,24.0,118.0,142.0,2.0,0.0,136.0,132.0,134.0,2.0,0.0,1.0
126.0,0.004,0.0,0.003,0.0,0.0,0.0,28.0,1.2,0.0,10.3,43.0,118.0,161.0,3.0,0.5699688092250241,131.0,134.0,133.0,9.0,-1.0,1.0
126.0,0.0,0.0,0.005,0.0,0.0,0.0,23.0,1.4,0.0,12.2,42.0,101.0,143.0,3.0,0.0,126.0,128.0,129.0,2.0,0.0,1.0
126.0,0.003,0.0,0.004,0.0,0.0,0.0,25.0,1.3,0.0,11.9,56.0,101.0,157.0,2.0,0.0,126.0,131.0,130.0,9.0,0.0,1.0
126.0,0.004,0.0,0.006,0.0,0.0,0.0,29.0,1.3,0.0,9.2,65.0,103.0,168.0,2.0,0.0,127.0,134.0,133.0,18.0,0.0,1.0
126.0,0.0,0.0,0.005,0.0,0.0,0.0,28.0,1.3,0.0,10.8,34.0,107.0,141.0,1.0,0.0,127.0,128.0,128.0,3.0,0.0,1.0
126.0,0.005,0.0,0.005,0.0,0.0,0.0,27.0,1.3,0.0,5.6,58.0,103.0,161.0,2.0,0.0,133.0,135.0,135.0,10.0,0.0,1.0
126.0,0.005,0.0,0.006,0.0,0.0,0.0,25.0,1.4,0.0,6.3,48.0,107.0,155.0,2.0,0.0,133.0,135.0,135.0,9.0,0.0,1.0
126.0,0.005,0.0,0.01,0.0,0.0,0.0,27.0,1.3,0.0,6.3,43.0,113.0,156.0,3.0,0.0,129.0,134.0,134.0,10.0,0.0,1.0
126.0,0.005,0.0,0.007,0.0,0.0,0.0,30.0,1.2,0.0,4.3,49.0,107.0,156.0,3.0,0.0,127.0,134.0,134.0,11.0,0.0,1.0
126.0,0.005,0.0,0.007,0.0,0.0,0.0,30.0,1.2,0.0,4.2,49.0,107.0,156.0,3.0,0.0,127.0,134.0,134.0,11.0,0.0,1.0
126.0,0.005,0.0,0.01,0.0,0.0,0.0,29.0,1.2,0.0,4.8,36.0,108.0,144.0,3.0,0.0,127.0,131.0,131.0,4.0,0.0,1.0
120.0,0.0,0.0,0.009,0.0,0.0,0.0,49.0,0.9,4.0,15.2,39.0,95.0,134.0,5.0,0.0,122.0,120.0,122.0,3.0,1.0,1.0
120.0,0.0,0.0,0.012,0.0,0.0,0.0,51.0,0.7,4.0,11.4,26.0,103.0,129.0,1.0,0.0,122.0,119.0,121.0,2.0,1.0,1.0
120.0,0.0,0.0,0.012,0.0,0.0,0.0,53.0,0.7,2.0,10.4,20.0,107.0,127.0,2.0,0.0,122.0,119.0,121.0,2.0,1.0,1.0
120.0,0.001,0.0,0.008,0.001,0.0,0.0,47.0,1.0,2.0,9.8,67.0,73.0,140.0,9.0,0.0,116.0,121.0,121.0,9.0,1.0,1.0
120.0,0.0,0.0,0.007,0.0,0.0,0.0,49.0,0.8,2.0,10.5,32.0,104.0,136.0,4.0,0.0,116.0,120.0,121.0,4.0,0.0,1.0
120.0,0.0,0.0,0.007,0.0,0.0,0.0,50.0,0.8,2.0,10.2,29.0,104.0,133.0,2.0,0.0,116.0,119.0,120.0,3.0,0.0,1.0
133.0,0.002,0.0,0.006,0.0,0.0,0.0,50.0,0.9,1.0,10.8,46.0,115.0,161.0,2.0,0.5699688092250241,135.0,136.0,137.0,3.0,0.0,1.0
133.0,0.002,0.0,0.006,0.0,0.0,0.0,49.0,1.0,1.0,11.4,60.0,101.0,161.0,4.0,0.5699688092250241,135.0,136.0,137.0,4.0,0.0,1.0
133.0,0.003,0.0,0.007,0.0,0.0,0.0,52.0,0.7,1.0,9.2,67.0,94.0,161.0,4.0,0.0,136.0,137.0,138.0,2.0,0.0,1.0
133.0,0.002,0.0,0.007,0.0,0.0,0.0,52.0,0.7,2.0,8.6,38.0,113.0,151.0,1.0,0.5699688092250241,136.0,136.0,137.0,1.0,0.0,1.0
133.0,0.004,0.0,0.005,0.0,0.0,0.0,41.0,1.1,9.0,13.0,82.0,86.0,168.0,4.0,0.5699688092250241,139.0,143.0,144.0,9.0,1.0,1.0
133.0,0.003,0.0,0.005,0.0,0.0,0.0,38.0,1.1,0.0,12.5,58.0,113.0,171.0,5.0,0.5699688092250241,150.0,147.0,149.0,5.0,0.0,1.0
138.0,0.005,0.0,0.005,0.0,0.0,0.0,37.0,1.2,0.0,4.1,48.0,120.0,168.0,0.0,0.5699688092250241,146.0,147.0,148.0,4.0,0.0,1.0
138.0,0.005,0.0,0.005,0.0,0.0,0.0,37.0,1.2,0.0,5.2,52.0,116.0,168.0,2.0,0.0,146.0,146.0,147.0,4.0,0.0,1.0
133.0,0.001,0.0,0.006,0.0,0.0,0.0,50.0,0.8,5.0,11.3,57.0,94.0,151.0,3.0,0.0,136.0,136.0,137.0,1.0,1.0,1.0
133.0,0.0,0.0,0.006,0.0,0.0,0.0,53.0,0.7,2.0,9.8,34.0,113.0,147.0,4.0,0.5699688092250241,136.0,136.0,138.0,1.0,1.0,1.0
143.0,0.005,0.0,0.005,0.0,0.0,0.0,44.0,1.1,5.0,12.2,45.0,128.0,173.0,4.0,0.0,147.0,148.0,149.0,4.0,0.0,1.0
143.0,0.005,0.0,0.005,0.0,0.0,0.0,37.0,1.0,0.0,9.5,44.0,130.0,174.0,4.0,0.0,147.0,148.0,149.0,5.0,0.0,1.0
143.0,0.004,0.0,0.005,0.0,0.0,0.0,44.0,0.9,6.0,9.4,43.0,130.0,173.0,7.0,0.0,147.0,148.0,148.0,4.0,0.0,1.0
143.0,0.005,0.0,0.006,0.0,0.0,0.0,43.0,0.9,12.0,5.9,34.0,132.0,166.0,2.0,0.0,147.0,148.0,149.0,2.0,0.0,1.0
143.0,0.003,0.0,0.008,0.0,0.0,0.0,47.0,0.7,0.0,10.9,33.0,137.0,170.0,2.0,0.5699688092250241,155.0,154.0,156.0,3.0,0.0,1.0
143.0,0.004,0.0,0.008,0.0,0.0,0.0,48.0,0.7,0.0,10.6,38.0,136.0,174.0,2.0,0.5699688092250241,155.0,155.0,157.0,2.0,0.0,1.0
143.0,0.0,0.0,0.006,0.0,0.0,0.0,63.0,0.5,35.0,6.5,33.0,128.0,161.0,4.0,0.0,147.0,146.0,148.0,0.0,0.0,2.0
136.0,0.005,0.0,0.006,0.0,0.0,0.0,46.0,0.8,1.0,7.4,39.0,119.0,158.0,1.0,0.5699688092250241,144.0,143.0,145.0,1.0,0.0,1.0
136.0,0.005,0.0,0.008,0.0,0.0,0.0,45.0,0.8,2.0,6.4,29.0,129.0,158.0,2.0,0.0,144.0,143.0,145.0,1.0,0.0,1.0
136.0,0.003,0.0,0.006,0.0,0.0,0.0,48.0,0.7,2.0,9.4,42.0,121.0,163.0,1.0,0.5699688092250241,144.0,144.0,145.0,2.0,0.0,1.0
136.0,0.0,0.0,0.003,0.0,0.0,0.0,47.0,0.9,2.0,10.6,39.0,119.0,158.0,2.0,0.5699688092250241,144.0,143.0,145.0,1.0,0.0,1.0
137.0,0.001,0.0,0.005,0.0,0.0,0.0,59.0,0.5,25.0,7.1,31.0,132.0,163.0,2.0,0.5699688092250241,142.0,141.0,142.0,2.0,-1.0,1.0
137.0,0.0,0.0,0.004,0.0,0.0,0.0,61.0,0.4,34.0,5.9,15.0,132.0,147.0,1.0,0.0,142.0,140.0,142.0,0.0,0.0,2.0
137.0,0.001,0.0,0.005,0.0,0.0,0.0,61.0,0.4,45.0,5.1,22.0,133.0,155.0,2.0,0.0,142.0,140.0,142.0,0.0,0.0,2.0
137.0,0.001,0.0,0.006,0.0,0.0,0.0,63.0,0.4,49.0,4.8,22.0,133.0,155.0,2.0,0.0,142.0,141.0,142.0,0.0,0.0,2.0
137.0,0.001,0.0,0.005,0.0,0.0,0.0,62.0,0.4,42.0,5.4,22.0,133.0,155.0,2.0,0.0,142.0,140.0,142.0,0.0,0.0,2.0
137.0,0.001,0.0,0.007,0.0,0.0,0.0,60.0,0.4,33.0,5.8,22.0,133.0,155.0,2.0,0.0,142.0,140.0,142.0,1.0,0.0,2.0
135.0,0.0,0.0,0.007,0.001,0.0,0.0,58.0,0.5,32.0,6.1,31.0,117.0,148.0,4.0,0.0,140.0,139.0,141.0,1.0,1.0,1.0
135.0,0.0,0.0,0.007,0.0,0.0,0.0,59.0,0.5,32.0,6.1,16.0,132.0,148.0,1.0,0.0,140.0,140.0,142.0,0.0,0.0,1.0
135.0,0.0,0.0,0.007,0.001,0.0,0.0,54.0,0.5,12.0,9.0,32.0,117.0,149.0,2.0,0.0,140.0,137.0,140.0,2.0,1.0,1.0
135.0,0.0,0.0,0.005,0.003,0.0,0.0,51.0,0.6,2.0,8.9,30.0,116.0,146.0,1.0,0.0,138.0,134.0,137.0,3.0,1.0,1.0
135.0,0.0,0.0,0.007,0.001,0.0,0.0,52.0,0.6,7.0,9.8,32.0,117.0,149.0,1.0,0.0,140.0,137.0,139.0,2.0,0.0,1.0
135.0,0.0,0.0,0.007,0.0,0.0,0.0,50.0,0.6,0.0,12.2,34.0,118.0,152.0,0.0,0.0,137.0,136.0,138.0,1.0,0.0,1.0
135.0,0.005,0.0,0.007,0.0,0.0,0.0,48.0,0.7,1.0,8.1,42.0,120.0,162.0,5.0,0.0,139.0,141.0,142.0,4.0,0.0,1.0
135.0,0.005,0.0,0.006,0.0,0.0,0.0,50.0,0.7,2.0,1.8,46.0,122.0,168.0,3.0,0.0,139.0,142.0,143.0,4.0,0.0,1.0
135.0,0.005,0.0,0.007,0.0,0.0,0.0,47.0,0.8,2.0,10.0,39.0,120.0,159.0,1.0,0.0,139.0,139.0,141.0,3.0,0.0,1.0
135.0,0.002,0.0,0.007,0.0,0.0,0.0,47.0,0.8,2.0,13.3,36.0,120.0,156.0,1.0,0.0,139.0,138.0,139.0,2.0,0.0,1.0
125.0,0.001,0.0,0.004,0.0,0.0,0.0,43.0,0.7,31.0,7.8,21.0,120.0,141.0,0.0,0.0,131.0,130.0,132.0,1.0,0.0,1.0
125.0,0.0,0.0,0.005,0.0,0.0,0.0,45.0,0.7,33.0,7.7,19.0,122.0,141.0,0.0,0.0,131.0,130.0,131.0,1.0,0.0,1.0
125.0,0.002,0.0,0.005,0.0,0.0,0.0,40.0,0.7,9.0,8.1,29.0,122.0,151.0,1.0,0.0,131.0,132.0,132.0,2.0,-1.0,1.0
125.0,0.0,0.0,0.004,0.0,0.0,0.0,44.0,0.7,15.0,8.7,21.0,120.0,141.0,0.0,0.0,131.0,130.0,131.0,1.0,0.0,1.0
126.0,0.001,0.0,0.005,0.0,0.0,0.0,34.0,0.9,3.0,10.2,41.0,110.0,151.0,2.0,0.0,126.0,128.0,129.0,4.0,0.0,1.0
126.0,0.0,0.0,0.004,0.0,0.0,0.0,32.0,0.9,4.0,11.2,31.0,110.0,141.0,1.0,0.0,126.0,125.0,127.0,2.0,0.0,1.0
125.0,0.001,0.0,0.005,0.0,0.0,0.0,31.0,1.1,1.0,12.5,38.0,109.0,147.0,4.0,0.0,125.0,125.0,127.0,3.0,0.0,1.0
125.0,0.0,0.0,0.008,0.0,0.0,0.0,32.0,1.1,3.0,13.0,51.0,96.0,147.0,4.0,0.0,126.0,125.0,127.0,2.0,0.0,1.0
125.0,0.002,0.0,0.004,0.001,0.0,0.0,30.0,1.1,3.0,11.0,45.0,102.0,147.0,1.0,0.0,126.0,127.0,128.0,3.0,0.0,1.0
125.0,0.003,0.0,0.004,0.0,0.0,0.0,32.0,1.0,5.0,10.7,47.0,100.0,147.0,1.0,0.0,126.0,127.0,128.0,3.0,0.0,1.0
125.0,0.003,0.0,0.004,0.001,0.0,0.0,32.0,1.0,7.0,8.4,54.0,93.0,147.0,2.0,0.0,126.0,126.0,128.0,3.0,0.0,1.0
125.0,0.002,0.0,0.004,0.002,0.0,0.0,36.0,1.0,10.0,9.6,54.0,93.0,147.0,1.0,0.0,126.0,127.0,128.0,3.0,0.0,1.0
115.0,0.002,0.0,0.006,0.002,0.0,0.0,19.0,1.7,0.0,14.2,59.0,89.0,148.0,1.0,0.5699688092250241,120.0,118.0,121.0,5.0,0.0,1.0
115.0,0.004,0.0,0.007,0.001,0.0,0.0,20.0,1.7,0.0,9.9,78.0,79.0,157.0,4.0,0.5699688092250241,120.0,121.0,123.0,7.0,0.0,1.0
115.0,0.005,0.0,0.008,0.0,0.0,0.0,20.0,1.7,0.0,3.5,78.0,79.0,157.0,6.0,0.5699688092250241,123.0,124.0,125.0,7.0,0.0,1.0
115.0,0.005,0.0,0.006,0.001,0.0,0.0,23.0,1.5,0.0,10.8,57.0,94.0,151.0,2.0,0.0,120.0,121.0,122.0,6.0,0.0,1.0
115.0,0.0,0.0,0.005,0.002,0.0,0.0,20.0,1.7,0.0,14.0,59.0,89.0,148.0,1.0,0.5699688092250241,120.0,118.0,121.0,4.0,0.0,1.0
115.0,0.005,0.0,0.007,0.0,0.0,0.0,24.0,1.4,0.0,13.0,51.0,102.0,153.0,0.0,0.0,112.0,120.0,121.0,16.0,0.0,1.0
115.0,0.005,0.0,0.005,0.0,0.0,0.0,22.0,1.5,0.0,13.2,51.0,102.0,153.0,2.0,0.0,112.0,118.0,117.0,11.0,-1.0,1.0
112.0,0.005,0.0,0.004,0.0,0.0,0.0,24.0,1.3,5.0,10.5,40.0,103.0,143.0,1.0,0.0,114.0,114.0,115.0,4.0,-1.0,1.0
112.0,0.0,0.0,0.004,0.0,0.0,0.0,23.0,1.3,10.0,12.5,40.0,104.0,144.0,0.0,0.0,112.0,113.0,113.0,2.0,-1.0,1.0
112.0,0.005,0.0,0.005,0.0,0.0,0.0,24.0,1.3,5.0,6.0,39.0,105.0,144.0,0.0,0.0,114.0,116.0,116.0,5.0,-1.0,1.0
112.0,0.005,0.0,0.007,0.0,0.0,0.0,25.0,1.4,0.0,0.6,35.0,109.0,144.0,0.0,0.0,116.0,120.0,119.0,6.0,-1.0,1.0
112.0,0.005,0.0,0.006,0.0,0.0,0.0,24.0,1.3,6.0,6.4,37.0,105.0,142.0,1.0,0.0,114.0,116.0,115.0,4.0,-1.0,1.0
112.0,0.005,0.0,0.006,0.0,0.0,0.0,25.0,1.3,0.0,7.3,37.0,105.0,142.0,1.0,0.0,114.0,115.0,115.0,4.0,-1.0,1.0
112.0,0.003,0.0,0.004,0.0,0.0,0.0,24.0,1.3,8.0,10.4,40.0,104.0,144.0,0.0,0.5699688092250241,114.0,114.0,114.0,3.0,-1.0,1.0
112.0,0.0,0.0,0.004,0.0,0.0,0.0,23.0,1.3,11.0,13.0,40.0,104.0,144.0,1.0,0.0,112.0,113.0,114.0,2.0,-1.0,1.0
120.0,0.005,0.0,0.003,0.0,0.0,0.0,20.0,1.7,0.0,5.8,42.0,109.0,151.0,2.0,0.0,122.0,126.0,125.0,8.0,0.0,1.0
118.0,0.001,0.0,0.003,0.001,0.0,0.0,26.0,1.4,0.0,11.0,56.0,94.0,150.0,3.0,0.0,120.0,118.0,119.0,6.0,0.0,1.0
118.0,0.003,0.0,0.0,0.003,0.0,0.0,24.0,1.7,0.0,7.1,62.0,88.0,150.0,4.0,0.5699688092250241,114.0,116.0,116.0,12.0,0.0,1.0
118.0,0.001,0.0,0.007,0.001,0.0,0.0,25.0,1.3,0.0,10.9,61.0,89.0,150.0,5.0,0.0,120.0,119.0,120.0,6.0,0.0,1.0
118.0,0.0,0.0,0.007,0.0,0.0,0.0,26.0,1.2,0.0,11.1,44.0,100.0,144.0,3.0,0.0,120.0,119.0,120.0,2.0,0.0,1.0
118.0,0.002,0.0,0.005,0.002,0.0,0.0,25.0,1.4,22.0,7.9,88.0,72.0,160.0,2.0,0.5699688092250241,126.0,120.0,123.0,11.0,0.0,1.0
118.0,0.002,0.0,0.004,0.002,0.0,0.0,25.0,1.5,35.0,6.5,90.0,70.0,160.0,2.0,0.5699688092250241,126.0,120.0,124.0,13.0,0.0,1.0
118.0,0.0,0.0,0.008,0.002,0.0,0.0,21.0,1.5,0.0,10.3,55.0,89.0,144.0,1.0,0.5699688092250241,123.0,118.0,121.0,6.0,0.0,1.0
118.0,0.0,0.0,0.002,0.002,0.0,0.0,24.0,1.5,0.0,9.7,55.0,89.0,144.0,1.0,0.5699688092250241,125.0,118.0,121.0,10.0,0.0,1.0
119.0,0.003,0.0,0.004,0.001,0.0,0.0,26.0,1.4,23.0,6.3,88.0,72.0,160.0,1.0,0.5699688092250241,126.0,123.0,126.0,7.0,0.0,1.0
119.0,0.004,0.0,0.007,0.001,0.0,0.0,23.0,1.5,5.0,7.9,75.0,70.0,145.0,1.0,0.5699688092250241,126.0,122.0,125.0,9.0,1.0,1.0
119.0,0.004,0.0,0.007,0.0,0.0,0.0,24.0,1.4,2.0,11.1,42.0,103.0,145.0,1.0,0.0,125.0,124.0,126.0,4.0,0.0,1.0
119.0,0.0,0.0,0.002,0.0,0.0,0.0,25.0,1.3,9.0,9.3,40.0,103.0,143.0,3.0,0.0,126.0,122.0,124.0,4.0,0.0,1.0
119.0,0.003,0.0,0.006,0.0,0.0,0.0,25.0,1.3,0.0,13.8,39.0,106.0,145.0,0.0,0.0,120.0,123.0,123.0,5.0,0.0,1.0
119.0,0.0,0.0,0.003,0.0,0.0,0.0,23.0,1.5,0.0,16.1,39.0,106.0,145.0,3.0,0.5699688092250241,125.0,124.0,126.0,3.0,0.0,1.0
119.0,0.001,0.0,0.006,0.0,0.0,0.0,26.0,1.2,0.0,13.8,39.0,106.0,145.0,1.0,0.0,120.0,122.0,122.0,3.0,0.0,1.0
119.0,0.0,0.0,0.006,0.0,0.0,0.0,24.0,1.4,0.0,15.5,39.0,106.0,145.0,3.0,0.0,125.0,124.0,126.0,3.0,0.0,1.0
119.0,0.0,0.0,0.007,0.0,0.0,0.0,27.0,1.2,0.0,13.0,37.0,109.0,146.0,1.0,0.0,120.0,120.0,121.0,1.0,-1.0,1.0
119.0,0.0,0.0,0.009,0.0,0.0,0.0,27.0,1.2,0.0,13.4,36.0,110.0,146.0,1.0,0.0,120.0,120.0,121.0,1.0,-1.0,1.0
115.0,0.005,0.0,0.006,0.001,0.0,0.0,20.0,1.6,0.0,10.7,86.0,71.0,157.0,5.0,0.0,116.0,119.0,118.0,11.0,0.0,1.0
115.0,0.005,0.0,0.006,0.0,0.0,0.0,20.0,1.6,0.0,9.4,82.0,75.0,157.0,3.0,0.0,120.0,121.0,121.0,8.0,0.0,1.0
115.0,0.005,0.0,0.006,0.001,0.0,0.0,20.0,1.7,0.0,10.8,88.0,69.0,157.0,5.0,0.0,114.0,118.0,118.0,13.0,0.0,1.0
115.0,0.005,0.0,0.005,0.002,0.0,0.0,20.0,1.7,0.0,10.6,84.0,69.0,153.0,5.0,0.0,114.0,117.0,116.0,13.0,0.0,1.0
115.0,0.005,0.0,0.007,0.0,0.0,0.0,20.0,1.7,0.0,9.6,56.0,101.0,157.0,2.0,0.0,114.0,118.0,118.0,10.0,-1.0,1.0
115.0,0.0,0.0,0.005,0.0,0.0,0.0,21.0,1.6,0.0,13.1,41.0,100.0,141.0,1.0,0.0,114.0,113.0,114.0,2.0,-1.0,1.0
115.0,0.005,0.0,0.006,0.0,0.0,0.0,17.0,2.0,0.0,13.9,73.0,84.0,157.0,0.0,0.5699688092250241,120.0,117.0,119.0,13.0,0.0,1.0
115.0,0.005,0.0,0.002,0.0,0.0,0.0,19.0,1.8,0.0,6.7,56.0,101.0,157.0,1.0,0.5699688092250241,120.0,121.0,121.0,9.0,0.0,1.0
112.0,0.005,0.0,0.007,0.002,0.0,0.0,17.0,2.0,1.0,9.0,66.0,78.0,144.0,0.0,0.5699688092250241,112.0,112.0,113.0,9.0,0.0,1.0
112.0,0.002,0.0,0.006,0.003,0.0,0.0,17.0,2.0,0.0,11.6,66.0,78.0,144.0,3.0,0.5699688092250241,112.0,109.0,111.0,9.0,0.0,1.0
112.0,0.003,0.0,0.007,0.002,0.0,0.0,21.0,1.7,2.0,9.9,60.0,84.0,144.0,1.0,0.5699688092250241,114.0,113.0,115.0,7.0,0.0,1.0
112.0,0.0,0.0,0.007,0.005,0.0,0.0,16.0,2.2,3.0,10.4,62.0,78.0,140.0,3.0,0.5699688092250241,112.0,108.0,110.0,10.0,0.0,1.0
112.0,0.002,0.0,0.007,0.001,0.0,0.0,23.0,1.5,1.0,9.2,55.0,89.0,144.0,5.0,0.0,114.0,114.0,116.0,4.0,0.0,1.0
112.0,0.0,0.0,0.005,0.0,0.0,0.0,26.0,1.3,0.0,10.1,37.0,90.0,127.0,2.0,0.5699688092250241,114.0,114.0,116.0,2.0,1.0,1.0
112.0,0.003,0.0,0.004,0.0,0.0,0.0,26.0,1.2,1.0,8.4,54.0,90.0,144.0,4.0,0.5699688092250241,120.0,116.0,117.0,4.0,0.0,1.0
112.0,0.0,0.0,0.006,0.0,0.0,0.0,25.0,1.3,0.0,9.3,34.0,104.0,138.0,4.0,0.5699688092250241,119.0,116.0,118.0,2.0,0.0,1.0
115.0,0.005,0.0,0.009,0.002,0.0,0.0,17.0,2.0,0.0,6.8,89.0,80.0,169.0,3.0,0.5699688092250241,121.0,115.0,119.0,25.0,0.0,1.0
115.0,0.002,0.0,0.009,0.004,0.0,0.0,15.0,2.3,0.0,5.6,92.0,77.0,169.0,4.0,0.5699688092250241,114.0,109.0,110.0,33.0,-1.0,1.0
115.0,0.003,0.0,0.009,0.001,0.0,0.0,21.0,1.7,0.0,10.7,83.0,85.0,168.0,2.0,0.0,129.0,122.0,125.0,19.0,0.0,1.0
115.0,0.0,0.0,0.008,0.005,0.0,0.0,15.0,2.2,0.0,6.8,55.0,84.0,139.0,4.0,0.0,119.0,111.0,115.0,19.0,0.0,1.0
115.0,0.004,0.0,0.01,0.001,0.0,0.0,22.0,1.7,0.0,10.2,102.0,76.0,178.0,3.0,0.5699688092250241,129.0,124.0,128.0,17.0,0.0,1.0
115.0,0.005,0.0,0.008,0.0,0.0,0.0,19.0,1.7,0.0,7.9,55.0,89.0,144.0,2.0,0.5699688092250241,126.0,121.0,123.0,9.0,0.0,1.0
115.0,0.003,0.0,0.008,0.002,0.0,0.0,24.0,1.6,0.0,10.1,108.0,71.0,179.0,3.0,0.5699688092250241,133.0,122.0,129.0,45.0,0.0,1.0
115.0,0.001,0.0,0.009,0.001,0.0,0.0,25.0,1.7,0.0,10.3,108.0,71.0,179.0,3.0,0.5699688092250241,129.0,122.0,130.0,42.0,0.0,1.0
115.0,0.004,0.0,0.008,0.002,0.0,0.0,23.0,1.9,0.0,8.5,123.0,71.0,194.0,4.0,0.0,131.0,129.0,132.0,59.0,0.0,1.0
115.0,0.005,0.0,0.007,0.003,0.0,0.0,21.0,2.3,0.0,1.7,125.0,71.0,196.0,3.0,0.0,145.0,127.0,130.0,76.0,0.0,1.0
114.0,0.005,0.0,0.01,0.002,0.0,0.0,19.0,2.8,0.0,12.2,127.0,71.0,198.0,5.0,0.0,145.0,133.0,136.0,76.0,0.0,1.0
114.0,0.005,0.0,0.011,0.0,0.0,0.0,18.0,3.0,0.0,14.9,122.0,76.0,198.0,4.0,0.5699688092250241,145.0,146.0,147.0,65.0,0.0,1.0
136.0,0.002,0.0,0.005,0.006,0.0,0.0,24.0,1.6,0.0,3.9,115.0,60.0,175.0,8.0,0.0,136.0,128.0,135.0,35.0,0.0,1.0
136.0,0.0,0.0,0.005,0.007,0.0,0.0,25.0,1.6,0.0,4.0,98.0,60.0,158.0,6.0,0.0,136.0,126.0,134.0,34.0,1.0,1.0
136.0,0.005,0.0,0.005,0.001,0.0,0.0,39.0,0.8,0.0,4.5,63.0,115.0,178.0,5.0,0.0,148.0,152.0,152.0,12.0,0.0,1.0
137.0,0.005,0.0,0.005,0.002,0.0,0.0,36.0,0.9,0.0,5.0,63.0,115.0,178.0,4.0,0.0,148.0,148.0,149.0,9.0,0.0,1.0
138.0,0.0,0.0,0.007,0.002,0.0,0.0,34.0,1.0,6.0,10.5,56.0,99.0,155.0,5.0,0.0,148.0,142.0,146.0,9.0,1.0,1.0
138.0,0.0,0.0,0.007,0.002,0.0,0.0,34.0,1.0,7.0,9.6,62.0,93.0,155.0,5.0,0.0,148.0,142.0,146.0,10.0,1.0,1.0
138.0,0.002,0.0,0.007,0.005,0.0,0.0,32.0,1.1,16.0,6.6,78.0,97.0,175.0,5.0,0.0,145.0,139.0,144.0,16.0,0.0,1.0
138.0,0.0,0.0,0.006,0.005,0.0,0.0,33.0,1.0,18.0,6.7,67.0,97.0,164.0,2.0,0.0,145.0,139.0,144.0,12.0,1.0,1.0
138.0,0.003,0.0,0.008,0.006,0.0,0.0,28.0,1.3,9.0,3.5,90.0,85.0,175.0,6.0,0.0,144.0,134.0,138.0,31.0,0.0,1.0
138.0,0.005,0.0,0.007,0.007,0.0,0.0,28.0,1.4,16.0,1.6,90.0,85.0,175.0,8.0,0.0,143.0,136.0,141.0,32.0,0.0,1.0
126.0,0.005,0.008,0.005,0.007,0.0,0.0,21.0,2.3,0.0,4.2,107.0,67.0,174.0,6.0,0.0,143.0,125.0,133.0,76.0,0.0,1.0
125.0,0.005,0.01,0.005,0.005,0.0,0.0,22.0,2.2,0.0,0.0,107.0,67.0,174.0,7.0,0.5699688092250241,134.0,134.0,138.0,21.0,0.0,1.0
125.0,0.005,0.01,0.005,0.003,0.0,0.0,22.0,2.1,0.0,0.0,107.0,67.0,174.0,4.0,0.0,134.0,136.0,138.0,16.0,0.0,1.0
125.0,0.005,0.007,0.005,0.007,0.0,0.0,21.0,2.3,0.0,4.3,107.0,67.0,174.0,7.0,0.0,143.0,125.0,134.0,76.0,0.0,1.0
125.0,0.005,0.007,0.007,0.005,0.0,0.0,23.0,2.1,0.0,5.5,125.0,53.0,178.0,8.0,0.0,143.0,128.0,137.0,65.0,1.0,1.0
125.0,0.004,0.01,0.005,0.006,0.0,0.0,23.0,2.2,0.0,7.4,125.0,53.0,178.0,8.0,0.0,143.0,122.0,131.0,76.0,0.0,1.0
125.0,0.003,0.01,0.004,0.006,0.0,0.0,22.0,2.2,0.0,8.5,125.0,53.0,178.0,9.0,0.0,143.0,123.0,131.0,76.0,0.0,1.0
125.0,0.0,0.01,0.005,0.007,0.0,0.0,22.0,2.3,0.0,8.5,125.0,53.0,178.0,8.0,0.0,143.0,122.0,130.0,76.0,0.0,1.0
125.0,0.002,0.01,0.006,0.007500000000000001,0.0,0.0,18.0,2.7,0.0,6.3,125.0,53.0,178.0,10.0,0.0,131.0,115.0,121.0,72.0,0.0,1.0
128.0,0.005,0.007,0.004,0.004,0.0,0.0,20.0,2.2,0.0,1.9,107.0,67.0,174.0,4.0,0.0,134.0,126.0,133.0,47.0,0.0,1.0
128.0,0.005,0.008,0.005,0.005,0.0,0.0,19.0,2.4,0.0,1.9,107.0,67.0,174.0,7.0,0.0,134.0,123.0,129.0,57.0,0.0,1.0
128.0,0.005,0.01,0.004,0.005,0.0,0.0,22.0,2.2,0.0,6.3,109.0,65.0,174.0,7.0,0.0,143.0,126.0,134.0,70.0,0.0,1.0
128.0,0.0,0.01,0.005,0.007,0.0,0.0,22.0,2.3,0.0,8.4,125.0,53.0,178.0,9.0,0.0,143.0,121.0,130.0,76.0,0.0,1.0
128.0,0.003,0.009,0.007,0.005,0.0,0.0,24.0,2.0,0.0,9.0,91.0,65.0,156.0,6.0,0.0,133.0,125.0,131.0,42.0,1.0,1.0
128.0,0.001,0.01,0.005,0.004,0.0,0.0,22.0,2.2,0.0,9.4,125.0,53.0,178.0,7.0,0.0,143.0,123.0,130.0,76.0,0.0,1.0
128.0,0.004,0.01,0.005,0.005,0.0,0.0,25.0,2.0,0.0,7.3,91.0,65.0,156.0,8.0,0.0,133.0,125.0,131.0,41.0,1.0,1.0
128.0,0.0,0.01,0.008,0.006,0.0,0.0,17.0,2.7,0.0,8.7,125.0,53.0,178.0,9.0,0.0,133.0,114.0,122.0,73.0,0.0,1.0
128.0,0.005,0.01,0.004,0.005,0.0,0.0,30.0,1.7,0.0,7.0,118.0,59.0,177.0,7.0,0.5699688092250241,133.0,128.0,133.0,30.0,0.0,1.0
128.0,0.005,0.006,0.005,0.004,0.0,0.0,32.0,1.5,0.0,5.4,90.0,68.0,158.0,6.0,0.0,133.0,133.0,135.0,16.0,1.0,1.0
128.0,0.005,0.01,0.004,0.006,0.0,0.0,31.0,1.7,0.0,3.7,109.0,68.0,177.0,11.0,0.0,137.0,128.0,135.0,40.0,0.0,1.0
128.0,0.005,0.01,0.004,0.005,0.0,0.0,31.0,1.7,0.0,2.9,141.0,57.0,198.0,11.0,0.0,137.0,130.0,137.0,41.0,0.0,1.0
128.0,0.005,0.01,0.003,0.005,0.0,0.0,30.0,1.9,0.0,3.8,141.0,57.0,198.0,12.0,0.0,137.0,127.0,136.0,49.0,0.0,1.0
128.0,0.005,0.01,0.003,0.005,0.0,0.0,27.0,1.9,0.0,1.1,141.0,57.0,198.0,12.0,0.0,135.0,125.0,135.0,59.0,0.0,1.0
128.0,0.005,0.007,0.004,0.006,0.0,0.0,21.0,2.3,0.0,5.2,107.0,67.0,174.0,7.0,0.0,143.0,126.0,135.0,76.0,0.0,1.0
128.0,0.003,0.006,0.003,0.006,0.0,0.0,14.702497857425548,2.7,0.0,0.0,89.0,67.0,156.0,4.0,0.0,115.0,115.0,116.0,44.0,0.0,1.0
128.0,0.005,0.01,0.005,0.005,0.0,0.0,22.0,2.2,0.0,6.6,109.0,65.0,174.0,6.0,0.0,143.0,127.0,135.0,71.0,0.0,1.0
128.0,0.0,0.01,0.004,0.006,0.0,0.0,22.0,2.4,0.0,9.2,125.0,53.0,178.0,11.0,0.0,143.0,121.0,131.0,76.0,0.0,1.0
128.0,0.005,0.01,0.005,0.005,0.0,0.0,26.0,2.0,0.0,8.2,91.0,65.0,156.0,8.0,0.0,133.0,126.0,132.0,41.0,1.0,1.0
128.0,0.0,0.01,0.01,0.007500000000000001,0.0,0.0,16.0,2.9,0.0,7.8,125.0,53.0,178.0,9.0,0.0,133.0,114.0,121.0,74.0,0.0,1.0
128.0,0.004,0.01,0.005,0.004,0.0,0.0,29.0,1.6,0.0,6.4,91.0,65.0,156.0,8.0,0.0,133.0,129.0,133.0,27.0,1.0,1.0
128.0,0.005,0.008,0.004,0.005,0.0,0.0,29.0,1.6,0.0,7.1,90.0,68.0,158.0,6.0,0.0,133.0,131.0,133.0,19.0,1.0,1.0
128.0,0.005,0.009,0.003,0.005,0.0,0.0,32.0,1.6,0.0,3.5,109.0,68.0,177.0,11.0,0.0,137.0,129.0,135.0,35.0,0.0,1.0
128.0,0.005,0.008,0.004,0.005,0.0,0.0,33.0,1.5,0.0,3.9,141.0,57.0,198.0,8.0,0.0,137.0,132.0,136.0,21.0,0.0,1.0
128.0,0.005,0.01,0.004,0.004,0.0,0.0,29.0,1.7,0.0,5.8,115.0,62.0,177.0,11.0,0.0,137.0,128.0,133.0,37.0,0.0,1.0
128.0,0.005,0.01,0.005,0.003,0.0,0.0,36.0,1.6,0.0,4.9,124.0,59.0,183.0,5.0,0.0,137.0,135.0,139.0,18.0,0.0,1.0
128.0,0.003,0.01,0.003,0.003,0.0,0.0,30.0,2.0,0.0,6.0,111.0,54.0,165.0,13.246502024899133,0.0,129.0,112.0,129.0,76.0,1.0,2.0
128.0,0.0,0.01,0.003,0.003,0.0,0.0,29.0,2.2,0.0,7.2,145.0,54.0,199.0,13.246502024899133,0.0,129.0,107.0,124.0,76.0,0.0,3.0
128.0,0.0,0.01,0.003,0.002,0.0,0.0,30.0,2.1,0.0,8.6,128.0,54.0,182.0,12.0,0.0,129.0,104.0,120.0,76.0,0.0,3.0
128.0,0.0,0.01,0.003,0.003,0.0,0.0,34.0,2.4,0.0,3.6,145.0,54.0,199.0,11.0,0.5699688092250241,89.06103488156756,98.0,86.5,76.0,-1.0,3.0
128.0,0.0,0.01,0.004,0.004,0.0,0.0,36.0,2.6,0.0,0.0,120.0,54.0,174.0,8.0,0.5699688092250241,89.06103488156756,91.0,86.5,76.0,-1.0,3.0
131.0,0.001,0.0,0.005,0.003,0.0,0.0,27.0,1.4,0.0,12.2,84.0,71.0,155.0,2.0,0.0,136.0,132.0,137.0,15.0,1.0,1.0
131.0,0.0,0.0,0.006,0.004,0.0,0.0,19.0,1.9,0.0,12.3,81.0,70.0,151.0,3.0,0.5699688092250241,127.0,126.0,130.0,21.0,1.0,1.0
132.0,0.001,0.0,0.005,0.002,0.0,0.0,28.0,1.3,0.0,13.3,79.0,76.0,155.0,3.0,0.5699688092250241,140.0,135.0,138.0,11.0,1.0,1.0
132.0,0.0,0.0,0.005,0.0,0.0,0.0,33.0,1.0,0.0,13.3,35.0,120.0,155.0,1.0,0.0,138.0,138.0,139.0,2.0,0.0,1.0
132.0,0.005,0.0,0.002,0.003,0.0,0.0,25.0,1.5,0.0,11.0,92.0,76.0,168.0,4.0,0.5699688092250241,141.0,138.0,140.0,16.0,1.0,1.0
132.0,0.001,0.0,0.004,0.004,0.0,0.0,24.0,1.5,0.0,12.0,77.0,76.0,153.0,5.0,0.5699688092250241,140.0,133.0,137.0,17.0,1.0,1.0
132.0,0.005,0.0,0.003,0.005,0.0,0.0,20.0,2.1,0.0,2.9,99.0,76.0,175.0,5.0,0.0,141.0,138.0,142.0,29.0,1.0,1.0
132.0,0.005,0.0,0.003,0.006,0.0,0.0,19.0,2.3,0.0,4.0,100.0,76.0,176.0,6.0,0.5699688092250241,145.0,138.0,143.0,36.0,1.0,1.0
132.0,0.005,0.0,0.003,0.004,0.0,0.0,21.0,2.0,0.0,6.3,95.0,80.0,175.0,6.0,0.5699688092250241,143.0,139.0,142.0,23.0,0.0,1.0
132.0,0.005,0.0,0.0,0.0,0.0,0.0,26.0,1.4,0.0,4.0,58.0,110.0,168.0,2.0,0.5699688092250241,145.0,146.0,147.0,11.0,0.0,1.0
132.0,0.005,0.0,0.002,0.004,0.0,0.0,22.0,1.9,0.0,7.8,95.0,80.0,175.0,7.0,0.5699688092250241,143.0,140.0,143.0,22.0,0.0,1.0
132.0,0.005,0.0,0.002,0.005,0.0,0.0,20.0,2.1,0.0,8.0,102.0,74.0,176.0,9.0,0.5699688092250241,141.0,136.0,140.0,24.0,0.0,1.0
132.0,0.005,0.0,0.002,0.003,0.0,0.0,26.0,1.5,0.0,7.5,94.0,68.0,162.0,9.0,0.5699688092250241,143.0,137.0,142.0,26.0,1.0,1.0
132.0,0.002,0.0,0.002,0.003,0.0,0.0,29.0,1.5,0.0,8.6,102.0,67.0,169.0,11.0,0.5699688092250241,143.0,136.0,141.0,33.0,1.0,1.0
132.0,0.002,0.0,0.003,0.003,0.0,0.0,28.0,1.4,0.0,8.4,94.0,68.0,162.0,11.0,0.5699688092250241,143.0,137.0,142.0,26.0,1.0,1.0
132.0,0.0,0.0,0.004,0.0,0.0,0.0,23.0,1.5,0.0,13.1,42.0,106.0,148.0,5.0,0.0,138.0,136.0,138.0,3.0,1.0,1.0
133.0,0.003,0.0,0.004,0.004,0.0,0.0,30.0,1.5,0.0,5.3,102.0,67.0,169.0,9.0,0.5699688092250241,147.0,137.0,144.0,40.0,1.0,1.0
134.0,0.001,0.0,0.003,0.004,0.0,0.0,29.0,1.6,0.0,5.2,102.0,67.0,169.0,10.0,0.5699688092250241,147.0,136.0,143.0,45.0,1.0,1.0
134.0,0.0,0.0,0.004,0.006,0.0,0.0,28.0,1.9,0.0,5.5,102.0,67.0,169.0,11.0,0.5699688092250241,148.0,133.0,140.0,66.0,1.0,1.0
134.0,0.0,0.0,0.002,0.005,0.0,0.0,30.0,1.6,0.0,4.8,102.0,67.0,169.0,10.0,0.5699688092250241,148.0,135.0,142.0,50.0,1.0,1.0
144.0,0.0,0.0,0.008,0.001,0.0,0.0,60.0,0.4,8.0,7.2,33.0,123.0,156.0,0.0,0.0,147.0,145.0,148.0,2.0,1.0,2.0
144.0,0.0,0.0,0.008,0.0,0.0,0.0,61.0,0.4,10.0,7.6,20.0,136.0,156.0,2.0,0.0,148.0,146.0,148.0,1.0,0.0,2.0
121.0,0.005,0.0,0.005,0.0,0.0,0.0,32.0,1.0,0.0,2.6,47.0,110.0,157.0,1.0,0.0,131.0,131.0,131.0,8.0,0.0,1.0
121.0,0.005,0.0,0.006,0.001,0.0,0.0,27.0,1.2,0.0,3.3,67.0,90.0,157.0,4.0,0.0,129.0,129.0,129.0,12.0,0.0,1.0
121.0,0.004,0.0,0.009,0.002,0.0,0.0,24.0,1.5,0.0,4.9,67.0,90.0,157.0,2.0,0.0,120.0,125.0,123.0,16.0,0.0,1.0
121.0,0.005,0.0,0.01,0.004,0.0,0.0,21.0,1.9,0.0,2.9,83.0,74.0,157.0,2.0,0.0,125.0,123.0,126.0,19.0,0.0,1.0
121.0,0.005,0.0,0.008,0.004,0.0,0.0,24.0,1.7,0.0,4.1,72.0,74.0,146.0,4.0,0.0,129.0,121.0,126.0,25.0,1.0,1.0
121.0,0.003,0.0,0.007,0.006,0.0,0.0,25.0,1.6,0.0,3.8,73.0,71.0,144.0,2.0,0.0,120.0,114.0,119.0,29.0,1.0,1.0
121.0,0.003,0.0,0.006,0.006,0.0,0.0,25.0,1.5,0.0,4.4,73.0,71.0,144.0,4.0,0.0,122.0,112.0,117.0,34.0,0.0,1.0
121.0,0.003,0.0,0.007,0.005,0.0,0.0,26.0,1.4,0.0,1.1,73.0,71.0,144.0,6.0,0.0,123.0,112.0,117.0,36.0,0.0,1.0
121.0,0.0,0.0,0.003,0.005,0.0,0.0,24.0,1.5,0.0,0.0,68.0,71.0,139.0,2.0,0.0,123.0,106.0,108.0,53.0,0.0,2.0
121.0,0.0,0.0,0.003,0.005,0.0,0.0,24.0,1.5,0.0,0.0,68.0,71.0,139.0,2.0,0.0,123.0,106.0,108.0,53.0,0.0,1.0
121.0,0.001,0.0,0.008,0.006,0.0,0.0,27.0,1.4,0.0,4.4,69.0,70.0,139.0,4.0,0.0,114.0,110.0,114.0,24.0,0.0,1.0
121.0,0.0,0.0,0.008,0.007500000000000001,0.0,0.0,28.0,1.4,0.0,5.7,67.0,70.0,137.0,2.0,0.5699688092250241,114.0,112.0,116.0,21.0,1.0,1.0
121.0,0.004,0.0,0.009,0.004,0.0,0.0,34.0,1.1,0.0,6.3,83.0,70.0,153.0,5.0,0.5699688092250241,127.0,123.0,126.0,29.0,1.0,1.0
121.0,0.0,0.0,0.007,0.007,0.0,0.0,28.0,1.3,0.0,5.6,67.0,70.0,137.0,3.0,0.5699688092250241,114.0,113.0,117.0,20.0,1.0,1.0
121.0,0.004,0.0,0.009,0.003,0.0,0.0,37.0,1.0,0.0,6.6,71.0,82.0,153.0,6.0,0.0,136.0,126.0,129.0,35.0,1.0,1.0
121.0,0.005,0.0,0.009,0.0,0.0,0.0,39.0,0.9,0.0,8.6,58.0,95.0,153.0,4.0,0.0,150.0,131.0,132.0,47.0,0.0,1.0
121.0,0.005,0.0,0.008,0.002,0.0,0.0,37.0,0.9,0.0,7.5,71.0,82.0,153.0,5.0,0.0,150.0,128.0,130.0,68.0,1.0,1.0
121.0,0.005,0.0,0.01,0.0,0.0,0.0,41.0,0.8,0.0,6.6,48.0,105.0,153.0,3.0,0.0,150.0,135.0,137.0,32.0,1.0,1.0
142.0,0.0,0.0,0.007,0.0,0.0,0.0,60.0,0.4,8.0,7.7,20.0,136.0,156.0,0.0,0.0,147.0,146.0,148.0,1.0,0.0,2.0
142.0,0.0,0.0,0.007,0.0,0.0,0.0,58.0,0.4,9.0,7.9,20.0,136.0,156.0,0.0,0.0,148.0,147.0,149.0,1.0,0.0,1.0
142.0,0.0,0.0,0.007,0.0,0.0,0.0,60.0,0.4,17.0,6.8,21.0,142.0,163.0,0.0,0.0,153.0,152.0,153.0,1.0,0.0,2.0
142.0,0.0,0.0,0.008,0.0,0.0,0.0,58.0,0.4,22.0,6.3,13.0,145.0,158.0,0.0,0.0,153.0,151.0,153.0,0.0,0.0,1.0
142.0,0.0,0.0,0.006,0.0,0.0,0.0,59.0,0.4,32.0,6.3,22.0,141.0,163.0,1.0,0.0,155.0,153.0,155.0,1.0,0.0,2.0
142.0,0.0,0.0,0.006,0.0,0.0,0.0,58.0,0.4,31.0,6.1,22.0,141.0,163.0,2.0,0.0,155.0,153.0,155.0,1.0,0.0,2.0
142.0,0.001,0.0,0.007,0.004,0.0,0.0,49.0,0.9,28.0,5.8,114.0,68.0,182.0,2.0,0.0,153.0,146.0,154.0,37.0,1.0,1.0
142.0,0.001,0.0,0.008,0.007,0.0,0.0,41.0,1.2,22.0,5.3,115.0,67.0,182.0,1.0,0.0,157.0,140.0,149.0,73.0,1.0,1.0
142.0,0.002,0.0,0.008,0.007,0.0,0.0,41.0,1.4,27.0,4.6,115.0,67.0,182.0,4.0,0.0,157.0,140.0,150.0,76.0,1.0,1.0
142.0,0.0,0.0,0.009,0.007,0.0,0.0,44.0,1.5,33.0,5.7,115.0,67.0,182.0,2.0,0.5699688092250241,157.0,141.0,153.0,76.0,1.0,1.0
142.0,0.004,0.0,0.006,0.007500000000000001,0.0,0.0,32.0,1.8,0.0,0.0,115.0,67.0,182.0,2.0,0.0,157.0,133.0,142.0,76.0,1.0,1.0
142.0,0.003,0.0,0.005,0.007500000000000001,0.0,0.0,25.0,2.1,0.0,0.0,115.0,67.0,182.0,2.0,0.0,143.0,128.0,133.0,76.0,0.0,1.0
145.0,0.0,0.0,0.001,0.0,0.0,0.0,50.0,0.7,17.0,7.3,42.0,125.0,167.0,8.0,0.0,153.0,154.0,155.0,2.0,1.0,2.0
145.0,0.002,0.0,0.002,0.0,0.0,0.0,50.0,0.7,12.0,6.5,65.0,103.0,168.0,8.0,0.0,153.0,155.0,156.0,3.0,1.0,2.0
145.0,0.0,0.0,0.003,0.0,0.0,0.0,51.0,0.6,13.0,8.3,24.0,141.0,165.0,1.0,0.0,153.0,152.0,153.0,1.0,0.0,2.0
145.0,0.0,0.0,0.003,0.0,0.0,0.0,51.0,0.7,7.0,8.4,24.0,141.0,165.0,1.0,0.0,153.0,152.0,153.0,1.0,0.0,2.0
145.0,0.005,0.0,0.002,0.0,0.0,0.0,46.0,0.8,0.0,8.6,67.0,104.0,171.0,4.0,0.0,155.0,153.0,154.0,4.0,1.0,1.0
145.0,0.005,0.0,0.003,0.0,0.0,0.0,46.0,0.8,0.0,8.4,31.0,140.0,171.0,2.0,0.0,153.0,152.0,152.0,3.0,0.0,1.0
145.0,0.005,0.0,0.004,0.0,0.0,0.0,51.0,0.7,5.0,7.7,67.0,104.0,171.0,5.0,0.0,149.0,153.0,154.0,5.0,1.0,1.0
145.0,0.004,0.0,0.007,0.0,0.0,0.0,55.0,0.6,8.0,5.9,27.0,138.0,165.0,5.0,0.0,149.0,150.0,151.0,2.0,0.0,1.0
145.0,0.004,0.0,0.006,0.0,0.0,0.0,55.0,0.6,8.0,6.6,73.0,93.0,166.0,5.0,0.0,149.0,150.0,151.0,1.0,1.0,1.0
145.0,0.0,0.0,0.008,0.0,0.0,0.0,57.0,0.6,10.0,8.2,66.0,93.0,159.0,4.0,0.0,149.0,149.0,150.0,1.0,1.0,1.0
142.0,0.002,0.0,0.005,0.0,0.0,0.0,51.0,0.8,9.0,9.5,50.0,112.0,162.0,8.0,0.0,153.0,149.0,151.0,4.0,1.0,2.0
142.0,0.0,0.0,0.003,0.0,0.0,0.0,52.0,0.8,10.0,11.0,71.0,89.0,160.0,6.0,0.0,153.0,149.0,153.0,5.0,1.0,2.0
142.0,0.005,0.0,0.007,0.0,0.0,0.0,43.0,0.9,0.0,6.1,46.0,127.0,173.0,3.0,0.0,149.0,149.0,150.0,4.0,0.0,1.0
142.0,0.005,0.0,0.008,0.0,0.0,0.0,41.0,1.0,0.0,0.7,44.0,134.0,178.0,4.0,0.0,149.0,152.0,152.0,5.0,0.0,1.0
142.0,0.005,0.0,0.007,0.0,0.0,0.0,44.0,0.9,0.0,7.0,46.0,127.0,173.0,2.0,0.0,149.0,149.0,150.0,4.0,0.0,1.0
142.0,0.002,0.0,0.008,0.0,0.0,0.0,48.0,0.7,0.0,8.8,39.0,123.0,162.0,3.0,0.0,149.0,147.0,149.0,2.0,0.0,1.0
142.0,0.005,0.0,0.009,0.0,0.0,0.0,41.0,1.0,0.0,7.2,41.0,132.0,173.0,3.0,0.0,150.0,150.0,151.0,3.0,0.0,1.0
142.0,0.005,0.0,0.006,0.0,0.0,0.0,42.0,1.0,0.0,8.5,61.0,106.0,167.0,2.0,0.0,150.0,149.0,151.0,3.0,1.0,1.0
142.0,0.005,0.0,0.007,0.0,0.0,0.0,42.0,1.0,0.0,11.4,97.0,74.0,171.0,6.0,0.0,148.0,148.0,149.0,5.0,1.0,1.0
142.0,0.002,0.0,0.007,0.0,0.0,0.0,42.0,1.0,0.0,12.2,61.0,130.0,191.0,4.0,0.0,148.0,147.0,149.0,2.0,-1.0,1.0
142.0,0.005,0.0,0.006,0.0,0.0,0.0,41.0,1.0,0.0,10.2,57.0,111.0,168.0,5.0,0.0,147.0,147.0,149.0,4.0,0.0,1.0
142.0,0.005,0.0,0.007,0.0,0.0,0.0,40.0,1.0,0.0,2.1,57.0,111.0,168.0,6.0,0.0,147.0,148.0,149.0,6.0,0.0,1.0
144.0,0.005,0.0,0.005,0.001,0.0,0.0,41.0,0.9,6.0,4.9,63.0,116.0,179.0,6.0,0.5699688092250241,155.0,153.0,154.0,5.0,0.0,1.0
144.0,0.004,0.0,0.001,0.001,0.0,0.0,40.0,0.9,5.0,8.3,97.0,82.0,179.0,7.0,0.5699688092250241,152.0,153.0,154.0,7.0,1.0,1.0
144.0,0.004,0.0,0.005,0.001,0.0,0.0,38.0,1.0,3.0,7.0,63.0,116.0,179.0,3.0,0.0,155.0,153.0,155.0,6.0,0.0,1.0
144.0,0.005,0.0,0.004,0.0,0.0,0.0,39.0,1.0,5.0,2.8,43.0,136.0,179.0,1.0,0.0,157.0,157.0,157.0,4.0,0.0,1.0
144.0,0.001,0.0,0.005,0.0,0.0,0.0,43.0,0.8,1.0,10.2,45.0,129.0,174.0,0.0,0.0,155.0,154.0,156.0,2.0,0.0,1.0
144.0,0.0,0.0,0.005,0.0,0.0,0.0,43.0,0.7,1.0,10.2,40.0,129.0,169.0,1.0,0.0,157.0,154.0,156.0,3.0,0.0,2.0
144.0,0.002,0.0,0.005,0.0,0.0,0.0,42.0,0.7,0.0,10.0,37.0,136.0,173.0,1.0,0.0,155.0,154.0,156.0,2.0,0.0,1.0
144.0,0.0,0.0,0.006,0.0,0.0,0.0,45.0,0.7,0.0,9.8,30.0,139.0,169.0,2.0,0.0,157.0,155.0,157.0,2.0,0.0,2.0
144.0,0.005,0.0,0.006,0.0,0.0,0.0,34.0,1.0,0.0,8.7,48.0,126.0,174.0,1.0,0.0,153.0,153.0,154.0,5.0,0.0,1.0
144.0,0.005,0.0,0.006,0.0,0.0,0.0,33.0,1.1,0.0,5.3,54.0,120.0,174.0,1.0,0.0,155.0,154.0,155.0,5.0,0.0,1.0
144.0,0.005,0.0,0.006,0.0,0.0,0.0,38.0,0.9,0.0,6.0,48.0,126.0,174.0,1.0,0.0,155.0,154.0,155.0,4.0,0.0,1.0
144.0,0.005,0.0,0.006,0.0,0.0,0.0,43.0,0.8,0.0,4.6,40.0,134.0,174.0,2.0,0.0,155.0,154.0,156.0,3.0,0.0,1.0
146.0,0.005,0.0,0.004,0.0,0.0,0.0,38.0,0.9,0.0,8.4,49.0,126.0,175.0,2.0,0.0,157.0,152.0,154.0,6.0,0.0,1.0
146.0,0.005,0.0,0.006,0.0,0.0,0.0,39.0,0.9,0.0,4.4,49.0,126.0,175.0,4.0,0.0,157.0,154.0,156.0,5.0,0.0,1.0
146.0,0.005,0.0,0.005,0.0,0.0,0.0,37.0,0.9,0.0,7.9,49.0,126.0,175.0,2.0,0.0,155.0,152.0,154.0,4.0,0.0,1.0
146.0,0.005,0.0,0.003,0.0,0.0,0.0,38.0,1.0,0.0,8.8,49.0,126.0,175.0,3.0,0.0,150.0,152.0,153.0,5.0,0.0,1.0
146.0,0.005,0.0,0.004,0.0,0.0,0.0,37.0,0.9,0.0,6.9,52.0,126.0,178.0,0.0,0.0,155.0,153.0,155.0,4.0,0.0,1.0
146.0,0.005,0.0,0.004,0.0,0.0,0.0,35.0,1.0,0.0,3.4,52.0,126.0,178.0,2.0,0.0,155.0,154.0,155.0,4.0,0.0,1.0
147.0,0.005,0.0,0.004,0.0,0.0,0.0,44.0,0.7,36.0,3.6,35.0,143.0,178.0,0.0,0.0,157.0,158.0,159.0,1.0,0.0,1.0
147.0,0.005,0.0,0.003,0.0,0.0,0.0,41.0,0.8,15.0,1.8,35.0,140.0,175.0,0.0,0.0,157.0,157.0,158.0,1.0,0.0,1.0
147.0,0.002,0.0,0.006,0.0,0.0,0.0,46.0,0.6,49.0,4.8,24.0,143.0,167.0,1.0,0.0,160.0,157.0,159.0,1.0,0.0,1.0
147.0,0.0,0.0,0.005,0.0,0.0,0.0,48.0,0.6,52.0,5.2,18.0,149.0,167.0,2.0,0.0,160.0,158.0,159.0,0.0,0.0,2.0
147.0,0.003,0.0,0.004,0.0,0.0,0.0,46.0,0.7,46.0,5.2,29.0,144.0,173.0,2.0,0.0,157.0,157.0,159.0,1.0,0.0,1.0
147.0,0.001,0.0,0.002,0.0,0.0,0.0,46.0,0.7,41.0,5.3,23.0,144.0,167.0,1.0,0.0,157.0,157.0,159.0,0.0,0.0,1.0
147.0,0.005,0.0,0.006,0.0,0.0,0.0,42.0,0.9,37.0,4.9,42.0,132.0,174.0,1.0,0.0,157.0,157.0,159.0,1.0,0.0,1.0
147.0,0.005,0.0,0.01,0.0,0.0,0.0,36.0,1.2,0.0,4.8,42.0,132.0,174.0,2.0,0.0,157.0,157.0,158.0,2.0,0.0,1.0
148.0,0.003,0.0,0.004,0.0,0.0,0.0,44.0,0.7,6.0,8.2,28.0,142.0,170.0,1.0,0.0,155.0,155.0,156.0,1.0,0.0,1.0
148.0,0.0,0.0,0.005,0.0,0.0,0.0,49.0,0.6,1.0,9.6,21.0,143.0,164.0,0.0,0.0,155.0,154.0,156.0,0.0,0.0,1.0
148.0,0.004,0.0,0.005,0.0,0.0,0.0,44.0,0.8,8.0,9.4,31.0,142.0,173.0,4.0,0.0,157.0,156.0,158.0,1.0,0.0,1.0
148.0,0.002,0.0,0.008,0.0,0.0,0.0,44.0,0.9,15.0,9.6,60.0,135.0,195.0,5.0,0.0,157.0,158.0,158.0,1.0,0.0,2.0
148.0,0.004,0.0,0.005,0.0,0.0,0.0,40.0,0.9,8.0,11.8,47.0,126.0,173.0,5.0,0.0,157.0,156.0,158.0,3.0,0.0,1.0
148.0,0.0,0.0,0.007,0.0,0.0,0.0,41.0,1.0,5.0,13.4,60.0,135.0,195.0,4.0,0.5699688092250241,157.0,155.0,158.0,2.0,0.0,2.0
148.0,0.003,0.0,0.004,0.0,0.0,0.0,42.0,0.8,20.0,9.3,45.0,126.0,171.0,2.0,0.0,157.0,155.0,158.0,3.0,1.0,1.0
148.0,0.005,0.0,0.002,0.0,0.0,0.0,40.0,0.9,0.0,10.6,35.0,136.0,171.0,1.0,0.0,153.0,155.0,156.0,4.0,0.0,1.0
148.0,0.005,0.0,0.002,0.0,0.0,0.0,40.0,0.9,0.0,10.6,35.0,136.0,171.0,1.0,0.0,153.0,155.0,156.0,4.0,0.0,1.0
148.0,0.001,0.0,0.004,0.0,0.0,0.0,46.0,0.7,54.0,7.1,45.0,126.0,171.0,3.0,0.0,160.0,158.0,160.0,2.0,1.0,1.0
148.0,0.0,0.0,0.007,0.0,0.0,0.0,37.0,1.1,3.0,13.0,42.0,126.0,168.0,2.0,0.0,157.0,153.0,156.0,5.0,1.0,1.0
148.0,0.0,0.0,0.005,0.0,0.0,0.0,50.0,0.5,60.0,4.9,12.0,151.0,163.0,1.0,0.0,160.0,159.0,160.0,0.0,1.0,1.0
148.0,0.0,0.0,0.005,0.0,0.0,0.0,50.0,0.5,62.0,4.7,10.0,153.0,163.0,1.0,0.0,160.0,159.0,161.0,0.0,1.0,2.0
148.0,0.0,0.0,0.006,0.0,0.0,0.0,51.0,0.5,59.0,4.8,11.0,152.0,163.0,1.0,0.0,160.0,159.0,161.0,0.0,1.0,1.0
148.0,0.0,0.0,0.006,0.0,0.0,0.0,51.0,0.5,62.0,4.5,8.0,155.0,163.0,1.0,0.0,160.0,159.0,161.0,0.0,0.0,2.0
148.0,0.0,0.0,0.007,0.0,0.0,0.0,51.0,0.6,56.0,4.4,13.0,152.0,165.0,2.0,0.0,160.0,159.0,161.0,0.0,0.0,1.0
148.0,0.0,0.0,0.007,0.0,0.0,0.0,51.0,0.6,49.0,4.3,13.0,152.0,165.0,1.0,0.0,160.0,159.0,160.0,0.0,0.0,1.0
148.0,0.005,0.0,0.005,0.0,0.0,0.0,27.0,1.5,8.0,13.0,50.0,129.0,179.0,3.0,0.0,157.0,154.0,157.0,6.0,0.0,1.0
148.0,0.005,0.0,0.009,0.0,0.0,0.0,21.0,1.8,0.0,15.5,56.0,129.0,185.0,2.0,0.0,157.0,155.0,156.0,7.0,0.0,1.0
148.0,0.004,0.0,0.005,0.0,0.0,0.0,36.0,0.8,8.0,9.4,45.0,135.0,180.0,3.0,0.0,157.0,157.0,158.0,3.0,0.0,1.0
148.0,0.0,0.0,0.003,0.0,0.0,0.0,38.0,0.9,17.0,12.2,34.0,135.0,169.0,3.0,0.0,157.0,155.0,158.0,3.0,0.0,2.0
148.0,0.002,0.0,0.007,0.0,0.0,0.0,42.0,0.7,12.0,7.1,36.0,144.0,180.0,1.0,0.0,163.0,159.0,161.0,3.0,0.0,1.0
148.0,0.004,0.0,0.005,0.0,0.0,0.0,37.0,0.8,0.0,7.1,39.0,142.0,181.0,1.0,0.0,157.0,157.0,159.0,3.0,0.0,1.0
148.0,0.0,0.0,0.008,0.0,0.0,0.0,44.0,0.6,16.0,7.3,20.0,150.0,170.0,2.0,0.0,163.0,161.0,163.0,0.0,0.0,2.0
148.0,0.0,0.0,0.008,0.0,0.0,0.0,44.0,0.6,19.0,6.9,19.0,150.0,169.0,1.0,0.0,163.0,161.0,163.0,0.0,0.0,2.0
149.0,0.002,0.0,0.009,0.001,0.0,0.0,37.0,1.1,10.0,6.6,71.0,104.0,175.0,6.0,0.0,163.0,159.0,163.0,7.0,1.0,2.0
149.0,0.001,0.0,0.007,0.001,0.0,0.0,36.0,1.4,10.0,6.7,121.0,58.0,179.0,6.0,0.0,163.0,158.0,163.0,11.0,1.0,2.0
149.0,0.005,0.0,0.009,0.001,0.0,0.0,34.0,1.3,1.0,5.3,75.0,104.0,179.0,8.0,0.0,163.0,161.0,164.0,10.0,1.0,1.0
149.0,0.005,0.0,0.01,0.002,0.0,0.0,29.0,1.7,0.0,1.8,121.0,58.0,179.0,7.0,0.0,169.0,161.0,166.0,22.0,1.0,1.0
149.0,0.005,0.0,0.011,0.002,0.0,0.0,30.0,1.5,0.0,1.8,57.0,122.0,179.0,3.0,0.0,169.0,161.0,167.0,19.0,1.0,1.0
149.0,0.005,0.0,0.008,0.0,0.0,0.0,35.0,1.0,0.0,0.5,34.0,145.0,179.0,3.0,0.0,169.0,166.0,169.0,5.0,1.0,1.0
132.0,0.002,0.0,0.008,0.001,0.0,0.0,43.0,0.8,0.0,12.1,55.0,109.0,164.0,3.0,0.0,136.0,135.0,137.0,4.0,0.0,1.0
132.0,0.0,0.0,0.007,0.001,0.0,0.0,47.0,0.7,1.0,11.2,31.0,114.0,145.0,1.0,0.0,136.0,134.0,136.0,2.0,1.0,1.0
132.0,0.0,0.0,0.008,0.0,0.0,0.0,51.0,0.6,2.0,9.6,25.0,116.0,141.0,1.0,0.0,136.0,135.0,137.0,1.0,1.0,1.0
132.0,0.005,0.0,0.009,0.0,0.0,0.0,35.0,1.2,0.0,12.6,55.0,109.0,164.0,3.0,0.0,136.0,139.0,140.0,9.0,0.0,1.0
132.0,0.005,0.0,0.01,0.0,0.0,0.0,30.0,1.3,0.0,11.2,69.0,97.0,166.0,2.0,0.0,145.0,142.0,144.0,8.0,1.0,1.0
132.0,0.005,0.0,0.008,0.001,0.0,0.0,30.0,1.5,0.0,7.9,102.0,61.0,163.0,4.0,0.0,145.0,124.0,131.0,76.0,1.0,1.0
132.0,0.005,0.0,0.011,0.0,0.0,0.0,28.0,1.7,0.0,0.0,104.0,62.0,166.0,7.0,0.5699688092250241,145.0,134.0,145.0,76.0,1.0,1.0
132.0,0.002,0.0,0.008,0.0,0.0,0.0,31.0,1.4,0.0,11.5,102.0,61.0,163.0,5.0,0.0,99.0,121.0,129.0,76.0,1.0,1.0
132.0,0.0,0.0,0.006,0.0,0.0,0.0,32.0,1.3,0.0,13.6,91.0,60.0,151.0,1.0,0.5699688092250241,99.0,116.0,125.0,72.0,1.0,3.0
132.0,0.002,0.0,0.009,0.001,0.0,0.0,34.0,1.2,0.0,12.4,106.0,61.0,167.0,3.0,0.5699688092250241,99.0,124.0,131.0,76.0,1.0,2.0
132.0,0.0,0.0,0.008,0.002,0.0,0.0,30.0,1.7,0.0,0.0,90.0,60.0,150.0,3.0,0.0,99.0,104.0,102.0,33.0,0.0,3.0
132.0,0.0,0.0,0.011,0.001,0.0,0.0,32.0,1.3,0.0,14.2,90.0,60.0,150.0,2.0,0.5699688092250241,99.0,117.0,125.0,61.0,1.0,3.0
132.0,0.0,0.0,0.01,0.0,0.0,0.0,32.0,1.1,0.0,15.5,39.0,111.0,150.0,1.0,0.0,133.0,131.0,132.0,3.0,0.0,1.0
132.0,0.005,0.0,0.01,0.0,0.0,0.0,33.0,1.2,0.0,14.0,64.0,103.0,167.0,5.0,0.0,150.0,141.0,141.0,18.0,0.0,1.0
132.0,0.0,0.0,0.009,0.0,0.0,0.0,33.0,1.0,0.0,14.5,39.0,111.0,150.0,2.0,0.5699688092250241,133.0,132.0,134.0,3.0,0.0,1.0
132.0,0.005,0.0,0.01,0.001,0.0,0.0,32.0,1.2,0.0,13.5,72.0,95.0,167.0,4.0,0.5699688092250241,155.0,142.0,144.0,27.0,1.0,1.0
132.0,0.005,0.0,0.011,0.0,0.0,0.0,32.0,1.3,0.0,12.3,87.0,95.0,182.0,5.0,0.0,155.0,146.0,149.0,15.0,0.0,1.0
132.0,0.002,0.0,0.009,0.0,0.0,0.0,30.0,1.2,0.0,14.7,58.0,95.0,153.0,3.0,0.0,133.0,128.0,132.0,16.0,0.0,1.0
132.0,0.0,0.0,0.009,0.002,0.0,0.0,30.0,1.2,0.0,14.6,55.0,95.0,150.0,1.0,0.5699688092250241,133.0,128.0,132.0,12.0,0.0,1.0
132.0,0.005,0.0,0.01,0.0,0.0,0.0,27.0,1.7,0.0,11.3,122.0,54.0,176.0,8.0,0.0,150.0,146.0,149.0,18.0,1.0,1.0
132.0,0.005,0.0,0.01,0.0,0.0,0.0,29.0,1.6,0.0,7.4,92.0,84.0,176.0,3.0,0.0,155.0,147.0,150.0,17.0,1.0,1.0
130.0,0.004,0.0,0.008,0.001,0.0,0.0,40.0,0.9,17.0,6.5,45.0,110.0,155.0,6.0,0.0,136.0,133.0,135.0,4.0,0.0,1.0
130.0,0.002,0.0,0.009,0.0,0.0,0.0,51.0,0.6,38.0,4.8,23.0,125.0,148.0,1.0,0.0,134.0,135.0,136.0,1.0,0.0,1.0
130.0,0.005,0.0,0.006,0.0,0.0,0.0,38.0,1.0,0.0,8.1,53.0,102.0,155.0,6.0,0.5699688092250241,136.0,135.0,137.0,4.0,0.0,1.0
130.0,0.005,0.0,0.007,0.0,0.0,0.0,36.0,1.1,0.0,8.9,66.0,90.0,156.0,6.0,0.5699688092250241,136.0,135.0,137.0,5.0,1.0,1.0
130.0,0.004,0.0,0.006,0.0,0.0,0.0,48.0,0.7,32.0,6.7,53.0,102.0,155.0,5.0,0.0,137.0,136.0,138.0,2.0,0.0,1.0
130.0,0.0,0.0,0.005,0.0,0.0,0.0,53.0,0.5,45.0,5.9,20.0,123.0,143.0,2.0,0.0,137.0,136.0,138.0,0.0,1.0,1.0
130.0,0.004,0.0,0.007,0.0,0.0,0.0,40.0,0.9,1.0,9.1,53.0,102.0,155.0,6.0,0.5699688092250241,136.0,135.0,137.0,3.0,0.0,1.0
130.0,0.002,0.0,0.006,0.0,0.0,0.0,47.0,0.7,30.0,6.8,39.0,114.0,153.0,4.0,0.0,137.0,136.0,138.0,2.0,0.0,1.0
130.0,0.0,0.0,0.005,0.0,0.0,0.0,52.0,0.6,44.0,5.9,30.0,123.0,153.0,2.0,0.5699688092250241,137.0,136.0,138.0,0.0,0.0,1.0
130.0,0.003,0.0,0.007,0.0,0.0,0.0,37.0,0.9,0.0,13.4,43.0,112.0,155.0,3.0,0.0,136.0,134.0,135.0,3.0,0.0,1.0
130.0,0.003,0.0,0.007,0.0,0.0,0.0,33.0,1.1,0.0,16.4,53.0,103.0,156.0,3.0,0.0,133.0,133.0,134.0,4.0,0.0,1.0
130.0,0.002,0.0,0.006,0.0,0.0,0.0,39.0,0.9,8.0,12.3,43.0,112.0,155.0,3.0,0.0,136.0,134.0,136.0,3.0,0.0,1.0
130.0,0.0,0.0,0.005,0.0,0.0,0.0,31.0,1.1,0.0,17.555315838805065,47.0,103.0,150.0,3.0,0.5699688092250241,131.0,132.0,133.0,2.0,0.0,1.0
130.0,0.0,0.0,0.005,0.0,0.0,0.0,31.0,1.1,0.0,14.3,36.0,114.0,150.0,1.0,0.5699688092250241,131.0,132.0,133.0,1.0,0.0,1.0
130.0,0.0,0.0,0.004,0.0,0.0,0.0,28.0,1.2,0.0,15.0,36.0,114.0,150.0,2.0,0.5699688092250241,131.0,132.0,133.0,2.0,0.0,1.0
130.0,0.001,0.0,0.006,0.0,0.0,0.0,41.0,0.8,13.0,9.9,42.0,114.0,156.0,2.0,0.5699688092250241,136.0,135.0,137.0,2.0,0.0,1.0
130.0,0.0,0.0,0.005,0.0,0.0,0.0,49.0,0.6,25.0,5.4,14.0,129.0,143.0,1.0,0.0,137.0,136.0,138.0,0.0,0.0,1.0
133.0,0.003,0.0,0.007,0.002,0.0,0.0,28.0,1.4,0.0,15.9,54.0,109.0,163.0,3.0,0.0,140.0,138.0,139.0,9.0,0.0,1.0
133.0,0.005,0.0,0.008,0.003,0.0,0.0,31.0,1.3,0.0,12.8,60.0,103.0,163.0,2.0,0.0,140.0,139.0,140.0,10.0,0.0,1.0
133.0,0.005,0.0,0.008,0.004,0.0,0.0,34.0,1.2,0.0,7.1,60.0,103.0,163.0,2.0,0.0,136.0,140.0,141.0,14.0,0.0,1.0
133.0,0.0,0.0,0.007,0.007,0.0,0.0,32.0,1.4,0.0,9.8,43.0,103.0,146.0,1.0,0.0,136.0,132.0,136.0,7.0,1.0,1.0
133.0,0.0,0.0,0.007,0.001,0.0,0.0,27.0,1.4,1.0,17.555315838805065,56.0,96.0,152.0,5.0,0.0,136.0,134.0,137.0,4.0,1.0,1.0
133.0,0.0,0.0,0.007,0.0,0.0,0.0,22.0,1.6,0.0,17.555315838805065,47.0,105.0,152.0,1.0,0.0,138.0,135.0,138.0,5.0,1.0,1.0
133.0,0.002,0.0,0.007,0.002,0.0,0.0,34.0,1.1,7.0,14.3,69.0,91.0,160.0,4.0,0.0,136.0,135.0,137.0,5.0,0.0,1.0
133.0,0.0,0.0,0.007,0.0,0.0,0.0,36.0,1.0,8.0,16.4,59.0,91.0,150.0,3.0,0.0,136.0,134.0,137.0,3.0,1.0,1.0
133.0,0.0,0.0,0.007,0.0,0.0,0.0,43.0,0.8,30.0,11.2,48.0,106.0,154.0,4.0,0.0,145.0,140.0,143.0,4.0,1.0,2.0
133.0,0.0,0.0,0.008,0.0,0.0,0.0,48.0,0.6,46.0,6.8,25.0,125.0,150.0,2.0,0.0,145.0,142.0,144.0,1.0,1.0,2.0
133.0,0.002,0.0,0.006,0.0,0.0,0.0,40.0,0.9,21.0,11.2,50.0,106.0,156.0,3.0,0.0,142.0,140.0,142.0,3.0,1.0,1.0
133.0,0.003,0.0,0.006,0.0,0.0,0.0,34.0,1.1,6.0,14.5,58.0,101.0,159.0,4.0,0.0,142.0,139.0,142.0,4.0,1.0,1.0
133.0,0.003,0.0,0.005,0.001,0.0,0.0,33.0,1.2,5.0,13.7,58.0,101.0,159.0,4.0,0.0,142.0,138.0,141.0,5.0,1.0,1.0
133.0,0.004,0.0,0.006,0.002,0.0,0.0,35.0,1.1,8.0,7.4,48.0,109.0,157.0,2.0,0.5699688092250241,142.0,138.0,141.0,4.0,0.0,1.0
136.0,0.001,0.0,0.007,0.0,0.0,0.0,42.0,0.8,9.0,12.7,45.0,117.0,162.0,2.0,0.0,139.0,138.0,140.0,2.0,0.0,1.0
136.0,0.0,0.0,0.008,0.0,0.0,0.0,36.0,1.0,0.0,16.1,37.0,117.0,154.0,2.0,0.0,139.0,137.0,138.0,3.0,0.0,1.0
136.0,0.0,0.0,0.007,0.0,0.0,0.0,47.0,0.7,22.0,10.0,36.0,117.0,153.0,2.0,0.5699688092250241,144.0,141.0,143.0,2.0,1.0,1.0
136.0,0.0,0.0,0.008,0.0,0.0,0.0,37.0,1.0,0.0,15.7,37.0,117.0,154.0,2.0,0.5699688092250241,138.0,137.0,139.0,2.0,0.0,1.0
136.0,0.0,0.0,0.006,0.0,0.0,0.0,53.0,0.5,37.0,5.9,17.0,134.0,151.0,2.0,0.0,144.0,142.0,144.0,0.0,0.0,1.0
136.0,0.0,0.0,0.007,0.0,0.0,0.0,54.0,0.5,40.0,5.6,17.0,134.0,151.0,2.0,0.0,144.0,143.0,145.0,0.0,0.0,1.0
136.0,0.005,0.0,0.007,0.001,0.0,0.0,42.0,0.7,3.0,4.2,47.0,112.0,159.0,0.0,0.0,145.0,143.0,145.0,3.0,1.0,1.0
136.0,0.005,0.0,0.006,0.0,0.0,0.0,43.0,0.7,1.0,4.6,39.0,120.0,159.0,0.0,0.5699688092250241,145.0,144.0,146.0,2.0,0.0,1.0
136.0,0.005,0.0,0.007,0.001,0.0,0.0,43.0,0.7,4.0,5.1,46.0,112.0,158.0,1.0,0.0,144.0,142.0,144.0,3.0,1.0,1.0
144.0,0.003,0.0,0.008,0.0,0.0,0.0,48.0,0.7,6.0,10.2,47.0,120.0,167.0,3.0,0.0,148.0,149.0,150.0,3.0,0.0,1.0
144.0,0.0,0.0,0.008,0.0,0.0,0.0,48.0,0.6,6.0,11.4,31.0,129.0,160.0,1.0,0.0,148.0,147.0,149.0,1.0,0.0,1.0
149.0,0.0,0.0,0.009,0.007500000000000001,0.0,0.0,42.0,2.5,23.0,8.2,162.0,51.0,206.0,4.0,0.0,156.0,142.0,154.0,76.0,0.0,1.0
149.0,0.0,0.0,0.009,0.007500000000000001,0.0,0.0,39.0,2.5,25.0,5.6,137.0,51.0,188.0,4.0,0.5699688092250241,155.0,139.0,153.0,76.0,1.0,1.0
149.0,0.0,0.0,0.006,0.0,0.0,0.0,61.0,0.4,54.0,5.2,13.0,146.0,159.0,1.0,0.0,154.0,153.0,155.0,0.0,0.0,2.0
149.0,0.0,0.0,0.005,0.0,0.0,0.0,63.0,0.4,65.0,4.6,12.0,146.0,158.0,1.0,0.0,153.0,153.0,155.0,0.0,1.0,2.0
149.0,0.0,0.0,0.007,0.0,0.0,0.0,62.0,0.4,46.0,5.5,14.0,146.0,160.0,1.0,0.0,154.0,153.0,155.0,0.0,0.0,2.0
149.0,0.0,0.0,0.006,0.0,0.0,0.0,61.0,0.4,34.0,5.6,12.0,148.0,160.0,1.0,0.0,154.0,153.0,155.0,0.0,0.0,2.0
149.0,0.001,0.0,0.008,0.0,0.0,0.0,55.0,0.5,19.0,6.4,23.0,147.0,170.0,2.0,0.0,155.0,155.0,156.0,0.0,0.0,1.0
149.0,0.0,0.0,0.008,0.0,0.0,0.0,59.0,0.5,27.0,5.5,15.0,148.0,163.0,1.0,0.0,155.0,154.0,156.0,0.0,0.0,1.0
144.0,0.002,0.0,0.006,0.001,0.0,0.0,51.0,0.6,16.0,6.0,44.0,125.0,169.0,3.0,0.0,157.0,156.0,158.0,3.0,1.0,1.0
144.0,0.002,0.0,0.004,0.002,0.0,0.0,45.0,0.7,13.0,8.8,54.0,122.0,176.0,2.0,0.0,157.0,155.0,156.0,5.0,0.0,1.0
144.0,0.003,0.0,0.006,0.0,0.0,0.0,50.0,0.6,21.0,5.3,27.0,142.0,169.0,2.0,0.0,157.0,157.0,158.0,2.0,0.0,1.0
144.0,0.005,0.0,0.008,0.002,0.0,0.0,32.0,1.2,0.0,8.8,65.0,115.0,180.0,3.0,0.0,153.0,152.0,154.0,12.0,0.0,1.0
144.0,0.005,0.0,0.007,0.003,0.0,0.0,33.0,1.1,0.0,7.7,68.0,113.0,181.0,3.0,0.0,153.0,154.0,155.0,12.0,0.0,1.0
143.0,0.005,0.0,0.008,0.002,0.0,0.0,28.0,1.4,0.0,8.3,80.0,102.0,182.0,3.0,0.0,155.0,152.0,154.0,23.0,0.0,1.0
143.0,0.004,0.0,0.005,0.002,0.0,0.0,22.0,1.8,0.0,11.5,85.0,99.0,184.0,5.0,0.0,151.0,149.0,152.0,29.0,0.0,1.0
144.0,0.002,0.0,0.005,0.001,0.0,0.0,34.0,1.2,5.0,10.2,80.0,102.0,182.0,4.0,0.0,157.0,152.0,155.0,17.0,0.0,1.0
144.0,0.0,0.0,0.004,0.002,0.0,0.0,33.0,1.2,2.0,10.4,61.0,99.0,160.0,2.0,0.0,153.0,147.0,152.0,19.0,1.0,1.0
144.0,0.003,0.0,0.006,0.0,0.0,0.0,40.0,0.8,5.0,11.1,56.0,112.0,168.0,2.0,0.0,157.0,153.0,155.0,5.0,1.0,1.0
144.0,0.003,0.0,0.007,0.0,0.0,0.0,38.0,0.9,5.0,13.4,56.0,112.0,168.0,3.0,0.0,157.0,153.0,156.0,6.0,1.0,1.0
144.0,0.004,0.0,0.006,0.0,0.0,0.0,40.0,0.8,0.0,9.9,59.0,112.0,171.0,3.0,0.0,160.0,154.0,157.0,8.0,1.0,1.0
144.0,0.0,0.0,0.008,0.0,0.0,0.0,26.0,1.3,0.0,17.0,52.0,112.0,164.0,2.0,0.0,150.0,146.0,148.0,6.0,1.0,1.0
145.0,0.004,0.0,0.004,0.0,0.0,0.0,45.0,0.7,1.0,7.4,38.0,133.0,171.0,2.0,0.0,160.0,158.0,159.0,2.0,0.0,1.0
145.0,0.003,0.0,0.006,0.0,0.0,0.0,48.0,0.7,2.0,6.3,38.0,133.0,171.0,2.0,0.0,160.0,159.0,160.0,2.0,1.0,1.0
130.0,0.005,0.0,0.011,0.004,0.0,0.0,24.0,1.6,0.0,0.0,106.0,76.0,182.0,3.0,0.5699688092250241,155.0,140.0,148.0,76.0,1.0,1.0
130.0,0.005,0.0,0.012,0.0,0.0,0.0,24.0,1.4,0.0,0.0,74.0,117.0,191.0,3.0,0.5699688092250241,155.0,154.0,157.0,14.0,0.0,1.0
130.0,0.004,0.0,0.009,0.007500000000000001,0.0,0.0,25.0,1.7,0.0,0.0,94.0,76.0,170.0,6.0,0.0,133.0,119.0,121.0,73.0,0.0,1.0
133.0,0.002,0.0,0.009,0.007500000000000001,0.0,0.0,25.0,1.7,0.0,0.0,94.0,76.0,170.0,6.0,0.0,133.0,117.0,117.0,76.0,0.0,1.0
132.0,0.005,0.0,0.012,0.005,0.0,0.0,25.0,1.5,0.0,0.0,115.0,76.0,191.0,3.0,0.5699688092250241,160.0,138.0,149.0,76.0,1.0,1.0
132.0,0.0,0.0,0.004,0.007500000000000001,0.0,0.0,26.0,2.1,0.0,0.0,81.0,76.0,157.0,4.0,0.0,89.06103488156756,109.0,106.0,76.0,-1.0,1.0
132.0,0.001,0.0,0.007,0.004,0.0,0.0,28.0,1.6,4.0,13.5,92.0,68.0,160.0,6.0,0.5699688092250241,136.0,132.0,136.0,13.0,1.0,1.0
132.0,0.002,0.0,0.008,0.003,0.0,0.0,22.0,2.1,0.0,17.555315838805065,105.0,55.0,160.0,4.0,0.5699688092250241,131.0,131.0,134.0,15.0,1.0,1.0
132.0,0.0,0.0,0.003,0.003,0.0,0.0,34.0,1.0,7.0,9.4,66.0,83.0,149.0,7.0,0.5699688092250241,136.0,133.0,137.0,7.0,1.0,1.0
132.0,0.0,0.0,0.004,0.007,0.0,0.0,35.0,1.2,10.0,4.8,72.0,71.0,143.0,7.0,0.5699688092250241,136.0,131.0,136.0,11.0,1.0,1.0
132.0,0.001,0.0,0.004,0.004,0.0,0.0,28.0,1.6,4.0,17.555315838805065,97.0,56.0,153.0,9.0,0.5699688092250241,136.0,130.0,135.0,25.0,1.0,1.0
132.0,0.0,0.0,0.003,0.0,0.0,0.0,30.0,1.1,0.0,13.7,52.0,97.0,149.0,4.0,0.5699688092250241,133.0,133.0,135.0,3.0,1.0,1.0
132.0,0.001,0.0,0.005,0.004,0.0,0.0,25.0,1.9,0.0,17.555315838805065,99.0,54.0,153.0,6.0,0.0,133.0,127.0,133.0,34.0,1.0,1.0
132.0,0.0,0.0,0.01,0.0,0.0,0.0,16.0,2.5,0.0,17.555315838805065,105.0,54.0,159.0,9.0,0.5699688092250241,136.0,131.0,134.0,15.0,1.0,1.0
132.0,0.001,0.0,0.005,0.004,0.0,0.0,29.0,1.5,1.0,16.0,92.0,61.0,153.0,4.0,0.5699688092250241,133.0,129.0,134.0,23.0,1.0,1.0
132.0,0.0,0.0,0.006,0.006,0.0,0.0,26.0,1.8,0.0,15.0,97.0,53.0,150.0,3.0,0.5699688092250241,133.0,126.0,132.0,35.0,1.0,1.0
132.0,0.001,0.0,0.005,0.005,0.0,0.0,30.0,1.8,5.0,17.555315838805065,99.0,52.0,151.0,7.0,0.0,139.0,130.0,137.0,31.0,1.0,1.0
132.0,0.0,0.0,0.006,0.0,0.0,0.0,35.0,1.3,0.0,17.555315838805065,71.0,79.0,150.0,4.0,0.0,133.0,135.0,137.0,9.0,1.0,1.0
132.0,0.001,0.0,0.006,0.006,0.0,0.0,28.0,2.1,6.0,16.2,101.0,50.0,151.0,11.0,0.5699688092250241,143.0,129.0,136.0,42.0,1.0,1.0
132.0,0.0,0.0,0.006,0.007500000000000001,0.0,0.0,15.0,3.2,0.0,16.9,100.0,50.0,150.0,10.0,0.5699688092250241,133.0,122.0,130.0,41.0,1.0,1.0
134.0,0.0,0.0,0.005,0.006,0.0,0.0,32.0,1.2,20.0,6.4,102.0,53.0,155.0,5.0,0.5699688092250241,136.0,128.0,135.0,30.0,1.0,1.0
134.0,0.0,0.0,0.004,0.005,0.0,0.0,27.0,1.4,18.0,9.1,89.0,66.0,155.0,6.0,0.5699688092250241,136.0,128.0,135.0,31.0,1.0,1.0
134.0,0.0,0.0,0.005,0.005,0.0,0.0,33.0,1.4,20.0,9.9,110.0,53.0,163.0,3.0,0.5699688092250241,136.0,129.0,136.0,27.0,1.0,1.0
134.0,0.0,0.0,0.004,0.007,0.0,0.0,37.0,1.1,22.0,2.9,93.0,50.0,143.0,5.0,0.0,138.0,129.0,136.0,31.0,1.0,1.0
134.0,0.0,0.0,0.007,0.007,0.0,0.0,20.0,2.2,3.0,15.1,113.0,50.0,163.0,7.0,0.5699688092250241,126.0,120.0,127.0,51.0,1.0,1.0
134.0,0.0,0.0,0.01,0.0,0.0,0.0,27.0,2.8,8.0,17.555315838805065,74.0,89.0,163.0,7.0,0.5699688092250241,138.0,134.0,138.0,13.0,0.0,1.0
134.0,0.0,0.0,0.007,0.007500000000000001,0.0,0.0,20.0,2.1,0.0,8.2,115.0,50.0,165.0,7.0,0.5699688092250241,126.0,117.0,126.0,63.0,0.0,1.0
134.0,0.0,0.0,0.005,0.007,0.0,0.0,21.0,1.9,0.0,8.6,104.0,50.0,154.0,9.0,0.5699688092250241,126.0,117.0,127.0,64.0,1.0,1.0
134.0,0.0,0.0,0.005,0.007500000000000001,0.0,0.0,22.0,2.1,0.0,8.0,111.0,54.0,165.0,5.0,0.5699688092250241,126.0,118.0,127.0,59.0,0.0,1.0
138.0,0.005,0.0,0.003,0.004,0.0,0.0,33.0,3.1,0.0,7.9,59.0,110.0,169.0,3.0,0.0,136.0,145.0,146.0,22.0,0.0,1.0
138.0,0.0,0.0,0.003,0.003,0.0,0.0,31.0,3.8,0.0,6.6,45.0,107.0,152.0,5.0,0.5699688092250241,138.0,137.0,139.0,3.0,1.0,1.0
138.0,0.005,0.0,0.007,0.0,0.0,0.0,37.0,1.5,0.0,12.3,55.0,114.0,169.0,3.0,0.0,150.0,150.0,152.0,8.0,1.0,1.0
138.0,0.005,0.0,0.009,0.0,0.0,0.0,42.0,1.4,0.0,0.0,51.0,120.0,171.0,0.0,0.5699688092250241,157.0,153.0,155.0,8.0,1.0,1.0
138.0,0.0,0.0,0.005,0.0,0.0,0.0,36.0,2.4,0.0,16.0,78.0,114.0,192.0,6.0,0.5699688092250241,160.0,157.0,160.0,14.0,0.0,2.0
138.0,0.0,0.0,0.004,0.0,0.0,0.0,19.0,2.2,0.0,17.555315838805065,45.0,110.0,155.0,3.0,0.0,144.0,141.0,143.0,6.0,1.0,1.0
138.0,0.001,0.0,0.003,0.0,0.0,0.0,32.0,3.2,0.0,15.2,68.0,124.0,192.0,4.0,0.5699688092250241,160.0,158.0,159.0,11.0,0.0,2.0
138.0,0.005,0.0,0.002,0.0,0.0,0.0,18.0,3.8999999999999995,0.0,17.2,62.0,114.0,176.0,4.0,0.0,157.0,149.0,151.0,13.0,0.0,1.0
140.0,0.0,0.0,0.006,0.0,0.0,0.0,42.0,1.4,16.0,11.1,48.0,124.0,172.0,1.0,0.0,151.0,150.0,151.0,4.0,0.0,2.0
140.0,0.0,0.0,0.004,0.0,0.0,0.0,48.0,0.9,21.0,9.5,37.0,135.0,172.0,2.0,0.5699688092250241,151.0,152.0,152.0,3.0,0.0,2.0
137.0,0.002,0.01,0.004,0.004,0.0,0.0,62.0,2.6,0.0,3.2,91.0,81.0,172.0,7.0,0.0,140.0,122.0,142.0,8.0,0.0,1.0
133.0,0.005,0.01,0.003,0.001,0.0,0.0,64.0,2.0,0.0,4.5,64.0,96.0,160.0,3.0,0.0,142.0,130.0,142.0,3.0,1.0,1.0
134.0,0.004,0.01,0.004,0.001,0.0,0.0,65.0,2.3,0.0,1.3,34.0,127.0,161.0,1.0,0.0,138.0,129.0,140.0,3.0,-1.0,1.0
144.0,0.0,0.01,0.001,0.007,0.0,0.0,65.0,3.3,0.0,2.7,89.0,74.0,163.0,3.0,0.0,147.0,109.0,149.0,17.0,1.0,1.0
136.0,0.004,0.01,0.004,0.002,0.0,0.0,63.0,1.8,0.0,6.4,76.0,96.0,172.0,8.0,0.0,142.0,132.0,143.0,5.0,0.0,1.0
133.0,0.005,0.01,0.004,0.001,0.0,0.0,65.0,2.5,0.0,1.6,34.0,127.0,161.0,1.0,0.0,138.0,127.0,140.0,3.0,-1.0,1.0
135.0,0.002,0.01,0.003,0.001,0.0,0.0,65.0,2.0,0.0,5.2,65.0,96.0,161.0,3.0,0.0,138.0,130.0,141.0,3.0,1.0,1.0
137.0,0.002,0.01,0.001,0.002,0.0,0.0,64.0,1.9,0.0,6.9,76.0,96.0,172.0,4.0,0.0,142.0,130.0,143.0,5.0,0.0,1.0
133.0,0.005,0.01,0.003,0.001,0.0,0.0,65.0,2.7,0.0,1.1,35.0,126.0,161.0,2.0,0.0,138.0,126.0,140.0,3.0,0.0,1.0
144.0,0.001,0.01,0.001,0.007500000000000001,0.0,0.0,65.0,3.6,0.0,1.7,143.0,67.0,206.0,7.0,0.5699688092250241,145.0,108.0,149.0,38.0,0.0,1.0
144.0,0.003,0.01,0.002,0.006,0.0,0.0,66.0,3.4,0.0,0.3,113.0,67.0,180.0,7.0,0.0,141.0,110.0,147.0,76.0,1.0,1.0
142.0,0.004,0.01,0.003,0.004,0.0,0.0,66.0,3.2,0.0,0.5,106.0,69.0,175.0,10.0,0.0,138.0,112.0,146.0,76.0,1.0,1.0
142.0,0.003,0.01,0.002,0.006,0.0,0.0,66.0,3.3,0.0,0.3,113.0,67.0,180.0,7.0,0.0,141.0,111.0,147.0,76.0,1.0,1.0
142.0,0.003,0.01,0.003,0.006,0.0,0.0,66.0,3.5,0.0,0.3,143.0,67.0,206.0,7.0,0.0,142.0,108.0,147.0,76.0,0.0,1.0
142.0,0.002,0.01,0.001,0.007,0.0,0.0,64.0,3.8999999999999995,0.0,0.4,143.0,67.0,206.0,9.0,0.5699688092250241,142.0,109.0,150.0,54.0,0.0,1.0
143.0,0.002,0.01,0.001,0.007500000000000001,0.0,0.0,64.0,3.8,0.0,1.3,143.0,67.0,206.0,10.0,0.5699688092250241,145.0,111.0,149.0,49.0,0.0,1.0
134.0,0.001,0.002,0.006,0.006,0.0,0.0,65.0,1.5,5.0,6.9,95.0,65.0,160.0,5.0,0.0,135.0,128.0,137.0,33.0,1.0,1.0
126.0,0.005,0.002,0.007,0.001,0.0,0.0,53.0,2.5,0.0,0.3,85.0,84.0,169.0,3.0,0.0,135.0,133.0,140.0,13.0,0.0,1.0
126.0,0.005,0.002,0.007,0.001,0.0,0.0,53.0,2.6,0.0,0.2,86.0,84.0,170.0,5.0,0.0,135.0,134.0,140.0,12.0,0.0,1.0
127.0,0.005,0.0,0.007,0.001,0.0,0.0,53.0,2.7,0.0,4.3,111.0,71.0,182.0,6.0,0.5699688092250241,139.0,124.0,139.0,15.0,0.0,1.0
123.0,0.005,0.003,0.006,0.0,0.0,0.0,55.0,2.2,0.0,2.4,75.0,85.0,160.0,8.0,0.0,135.0,132.0,136.0,8.0,1.0,1.0
123.0,0.005,0.002,0.003,0.0,0.0,0.0,55.0,2.1,0.0,1.1,75.0,85.0,160.0,6.0,0.0,133.0,133.0,136.0,8.0,1.0,1.0
123.0,0.005,0.001,0.004,0.0,0.0,0.0,55.0,2.1,0.0,0.0,77.0,85.0,162.0,4.0,0.0,140.0,134.0,139.0,10.0,1.0,1.0
123.0,0.005,0.002,0.007,0.0,0.0,0.0,53.0,3.4,0.0,0.0,109.0,84.0,193.0,6.0,0.5699688092250241,146.0,129.0,146.0,15.0,0.0,1.0
123.0,0.005,0.001,0.003,0.0,0.0,0.0,55.0,2.0,0.0,1.1,75.0,85.0,160.0,6.0,0.0,140.0,134.0,138.0,10.0,1.0,1.0
130.0,0.004,0.0,0.011,0.002,0.0,0.0,52.0,2.7,0.0,2.2,89.0,76.0,165.0,5.0,0.0,139.0,129.0,135.0,20.0,0.0,1.0
130.0,0.002,0.001,0.009,0.001,0.0,0.0,52.0,2.7,0.0,4.6,88.0,77.0,165.0,6.0,0.0,139.0,130.0,136.0,15.0,0.0,1.0
130.0,0.001,0.002,0.008,0.002,0.0,0.0,53.0,2.8,0.0,7.1,62.0,95.0,157.0,5.0,0.0,138.0,131.0,136.0,9.0,0.0,1.0
130.0,0.002,0.004,0.007,0.003,0.0,0.0,52.0,3.0,0.0,5.6,69.0,87.0,156.0,4.0,0.0,139.0,129.0,135.0,15.0,1.0,1.0
130.0,0.003,0.005,0.006,0.003,0.0,0.0,52.0,3.0,0.0,3.3,76.0,87.0,163.0,6.0,0.0,139.0,130.0,136.0,15.0,0.0,1.0
130.0,0.004,0.006,0.005,0.002,0.0,0.0,51.0,2.8,0.0,4.2,76.0,87.0,163.0,5.0,0.0,135.0,131.0,136.0,11.0,0.0,1.0
130.0,0.005,0.0,0.007,0.0,0.0,0.0,50.0,1.4,0.0,2.8,68.0,104.0,172.0,4.0,0.5699688092250241,144.0,142.0,144.0,10.0,0.0,1.0
130.0,0.005,0.001,0.004,0.001,0.0,0.0,52.0,1.3,0.0,2.4,99.0,73.0,172.0,6.0,0.0,144.0,141.0,144.0,16.0,1.0,1.0
130.0,0.005,0.001,0.002,0.004,0.0,0.0,52.0,1.6,0.0,4.2,106.0,73.0,179.0,7.0,0.0,144.0,138.0,143.0,29.0,0.0,1.0
130.0,0.005,0.002,0.002,0.004,0.0,0.0,53.0,1.7,0.0,2.0,106.0,73.0,179.0,7.0,0.0,144.0,137.0,141.0,31.0,0.0,1.0
130.0,0.005,0.002,0.002,0.005,0.0,0.0,51.0,1.9,0.0,5.8,125.0,73.0,198.0,5.0,0.0,131.0,137.0,140.0,51.0,0.0,1.0
130.0,0.005,0.001,0.003,0.006,0.0,0.0,51.0,1.9,0.0,4.9,125.0,73.0,198.0,6.0,0.0,131.0,137.0,140.0,56.0,0.0,1.0
130.0,0.005,0.001,0.002,0.004,0.0,0.0,51.0,1.8,0.0,6.5,118.0,77.0,195.0,7.0,0.0,131.0,137.0,141.0,47.0,0.0,1.0
130.0,0.005,0.0,0.009,0.004,0.0,0.0,49.0,1.5,0.0,10.3,114.0,84.0,198.0,7.0,0.0,150.0,141.0,145.0,50.0,0.0,1.0
130.0,0.005,0.0,0.005,0.005,0.0,0.0,51.0,1.5,0.0,5.0,101.0,77.0,178.0,7.0,0.0,130.0,135.0,137.0,39.0,0.0,1.0
130.0,0.005,0.001,0.006,0.005,0.0,0.0,52.0,1.7,0.0,0.3,101.0,77.0,178.0,3.0,0.0,135.0,134.0,137.0,48.0,0.0,1.0
130.0,0.005,0.001,0.004,0.004,0.0,0.0,51.0,1.6,0.0,4.2,109.0,77.0,186.0,4.0,0.0,144.0,138.0,143.0,38.0,0.0,1.0
132.0,0.005,0.0,0.009,0.007500000000000001,0.0,0.0,55.0,2.7,0.0,0.0,123.0,60.0,183.0,5.0,0.0,144.0,118.0,142.0,76.0,1.0,1.0
132.0,0.005,0.0,0.01,0.007500000000000001,0.0,0.0,56.0,2.9,0.0,0.0,126.0,60.0,186.0,7.0,0.0,144.0,114.0,139.0,76.0,0.0,1.0
132.0,0.005,0.0,0.008,0.007500000000000001,0.0,0.0,55.0,2.7,0.0,0.0,116.0,70.0,186.0,3.0,0.0,144.0,116.0,137.0,76.0,0.0,1.0
132.0,0.005,0.0,0.01,0.007500000000000001,0.0,0.0,56.0,2.8,0.0,0.0,116.0,70.0,186.0,5.0,0.0,106.0,115.0,133.0,76.0,-1.0,1.0
132.0,0.005,0.0,0.011,0.007500000000000001,0.0,0.0,58.0,2.9,0.0,0.0,115.0,63.0,178.0,4.0,0.0,112.0,110.0,121.0,64.0,0.0,1.0
114.0,0.0,0.0,0.008,0.0,0.0,0.0,65.0,0.4,0.0,11.5,22.0,104.0,126.0,1.0,0.0,115.0,115.0,116.0,0.0,0.0,1.0
114.0,0.0,0.0,0.009,0.0,0.0,0.0,65.0,0.5,0.0,12.0,24.0,102.0,126.0,1.0,0.0,115.0,115.0,116.0,1.0,0.0,1.0
114.0,0.0,0.0,0.008,0.0,0.0,0.0,64.0,0.5,0.0,12.2,25.0,100.0,125.0,1.0,0.0,115.0,114.0,116.0,1.0,0.0,1.0
114.0,0.0,0.0,0.008,0.0,0.0,0.0,64.0,0.5,0.0,12.4,26.0,100.0,126.0,1.0,0.0,115.0,114.0,116.0,1.0,0.0,1.0
114.0,0.0,0.0,0.008,0.0,0.0,0.0,65.0,0.5,0.0,11.6,23.0,102.0,125.0,1.0,0.0,115.0,115.0,116.0,0.0,0.0,1.0
114.0,0.003,0.0,0.007,0.0,0.0,0.0,61.0,1.3,0.0,16.2,57.0,91.0,148.0,2.0,0.0,113.0,113.0,114.0,10.0,0.0,1.0
107.87891524765111,0.005,0.0,0.009,0.0,0.0,0.0,62.0,1.4,0.0,12.7,54.0,94.0,148.0,5.0,0.0,107.0,117.0,116.0,32.0,-1.0,1.0
107.87891524765111,0.0,0.0,0.01,0.0,0.0,0.0,63.0,0.6,0.0,14.1,28.0,95.0,123.0,1.0,0.0,110.0,109.0,111.0,2.0,0.0,1.0
107.87891524765111,0.0,0.0,0.01,0.0,0.0,0.0,63.0,0.6,0.0,13.5,28.0,95.0,123.0,1.0,0.0,112.0,109.0,111.0,2.0,0.0,1.0
107.87891524765111,0.001,0.0,0.011,0.0,0.0,0.0,63.0,0.6,0.0,11.5,30.0,95.0,125.0,1.0,0.0,112.0,110.0,112.0,1.0,0.0,1.0
107.87891524765111,0.0,0.0,0.01,0.0,0.0,0.0,63.0,0.6,0.0,12.4,27.0,95.0,122.0,1.0,0.0,112.0,110.0,112.0,1.0,0.0,1.0
107.87891524765111,0.0,0.0,0.009,0.0,0.0,0.0,64.0,0.6,0.0,10.4,20.0,102.0,122.0,1.0,0.0,111.0,111.0,112.0,0.0,0.0,1.0
107.87891524765111,0.005,0.0,0.006,0.0,0.0,0.0,64.0,0.7,0.0,12.6,54.0,100.0,154.0,3.0,0.0,112.0,116.0,114.0,14.0,-1.0,1.0
110.0,0.002,0.0,0.007,0.001,0.0,0.0,62.0,0.9,0.0,11.8,64.0,92.0,156.0,5.0,0.0,112.0,113.0,113.0,12.0,-1.0,1.0
110.0,0.003,0.0,0.006,0.001,0.0,0.0,61.0,0.9,0.0,10.8,64.0,92.0,156.0,3.0,0.0,112.0,112.0,111.0,16.0,-1.0,1.0
110.0,0.002,0.0,0.007,0.001,0.0,0.0,63.0,0.8,0.0,10.9,64.0,92.0,156.0,3.0,0.0,112.0,113.0,113.0,14.0,-1.0,1.0
110.0,0.003,0.001,0.005,0.001,0.0,0.0,64.0,0.9,0.0,10.6,65.0,92.0,157.0,6.0,0.0,110.0,114.0,113.0,21.0,-1.0,1.0
110.0,0.0,0.0,0.005,0.0,0.0,0.0,64.0,0.6,0.0,12.0,30.0,98.0,128.0,1.0,0.0,110.0,111.0,112.0,1.0,0.0,1.0
110.0,0.004,0.001,0.002,0.001,0.0,0.0,65.0,1.1,0.0,9.3,88.0,90.0,178.0,5.0,0.0,109.0,113.0,112.0,24.0,-1.0,1.0
110.0,0.005,0.001,0.008,0.001,0.0,0.0,63.0,1.6,0.0,8.5,88.0,90.0,178.0,3.0,0.0,109.0,114.0,112.0,34.0,-1.0,1.0
110.0,0.005,0.001,0.009,0.001,0.0,0.0,63.0,1.9,0.0,7.2,88.0,90.0,178.0,4.0,0.0,107.0,115.0,114.0,48.0,-1.0,1.0
110.0,0.003,0.0,0.006,0.004,0.0,0.0,64.0,1.7,0.0,6.3,176.0,62.0,206.0,13.0,0.5699688092250241,107.0,103.0,107.0,35.0,-1.0,1.0
110.0,0.003,0.0,0.003,0.001,0.0,0.0,64.0,1.6,0.0,6.8,116.0,62.0,178.0,12.0,0.5699688092250241,107.0,105.0,108.0,37.0,0.0,1.0
110.0,0.003,0.0,0.007,0.004,0.0,0.0,63.0,2.4,0.0,1.8,176.0,62.0,206.0,10.0,0.5699688092250241,98.0,101.0,105.0,59.0,-1.0,1.0
110.0,0.004,0.0,0.009,0.005,0.0,0.0,63.0,2.7,0.0,1.8,176.0,62.0,206.0,9.0,0.0,95.0,98.0,106.0,61.0,-1.0,1.0
110.0,0.003,0.0,0.008,0.004,0.0,0.0,64.0,2.1,0.0,5.6,176.0,62.0,206.0,10.0,0.0,107.0,101.0,108.0,33.0,-1.0,1.0
110.0,0.004,0.001,0.009,0.004,0.0,0.0,64.0,2.2,0.0,5.3,176.0,62.0,206.0,7.0,0.0,107.0,103.0,109.0,42.0,-1.0,1.0
110.0,0.004,0.001,0.009,0.003,0.0,0.0,64.0,1.8,0.0,6.8,176.0,62.0,206.0,7.0,0.0,110.0,106.0,110.0,36.0,-1.0,1.0
110.0,0.003,0.002,0.006,0.007,0.0,0.0,68.0,3.1,0.0,0.0,133.0,60.0,193.0,8.0,0.0,91.0,83.0,95.0,42.0,-1.0,3.0
110.0,0.004,0.0,0.009,0.007,0.0,0.0,68.0,3.0,0.0,0.0,133.0,60.0,193.0,7.0,0.0,91.0,87.0,95.0,41.0,-1.0,3.0
110.0,0.003,0.002,0.007,0.007,0.0,0.0,68.0,3.0,0.0,0.0,133.0,60.0,193.0,6.0,0.0,91.0,84.0,94.0,45.0,-1.0,3.0
110.0,0.002,0.003,0.002,0.007500000000000001,0.0,0.0,68.0,3.2,0.0,0.0,124.0,63.0,187.0,6.0,0.5699688092250241,91.0,80.78463193847622,94.0,39.0,-1.0,3.0
110.0,0.004,0.002,0.005,0.007500000000000001,0.0,0.0,67.0,3.3,0.0,0.0,130.0,63.0,193.0,5.0,0.0,89.06103488156756,85.0,97.0,59.0,-1.0,3.0
110.0,0.003,0.002,0.006,0.006,0.0,0.0,68.0,3.1,0.0,0.0,133.0,60.0,193.0,8.0,0.0,91.0,82.0,95.0,42.0,-1.0,3.0
137.0,0.005,0.0,0.007,0.003,0.0,0.0,53.0,2.7,0.0,0.3,136.0,52.0,188.0,9.0,0.5699688092250241,160.0,142.0,163.0,42.0,1.0,1.0
137.0,0.005,0.0,0.007,0.003,0.0,0.0,54.0,2.8,0.0,4.8,136.0,52.0,188.0,9.0,0.5699688092250241,164.0,141.0,165.0,48.0,1.0,1.0
137.0,0.005,0.0,0.006,0.004,0.0,0.0,56.0,2.4,0.0,0.4,136.0,52.0,188.0,5.0,0.0,160.0,141.0,161.0,51.0,1.0,1.0
137.0,0.005,0.0,0.003,0.004,0.0,0.0,56.0,2.1,0.0,0.2,136.0,52.0,188.0,3.0,0.0,160.0,144.0,161.0,39.0,1.0,1.0
137.0,0.005,0.0,0.003,0.004,0.0,0.0,57.0,1.8,0.0,0.2,136.0,52.0,188.0,7.0,0.0,146.0,145.0,161.0,46.0,1.0,1.0
137.0,0.005,0.0,0.003,0.005,0.0,0.0,57.0,1.8,0.0,0.4,136.0,52.0,188.0,7.0,0.5699688092250241,146.0,142.0,157.0,53.0,1.0,1.0
137.0,0.005,0.0,0.003,0.004,0.0,0.0,56.0,2.2,0.0,0.4,136.0,52.0,188.0,4.0,0.0,160.0,141.0,159.0,59.0,1.0,1.0
137.0,0.005,0.0,0.003,0.004,0.0,0.0,58.0,1.7,0.0,1.7,136.0,52.0,188.0,7.0,0.5699688092250241,149.0,145.0,158.0,44.0,1.0,1.0
137.0,0.005,0.0,0.006,0.004,0.0,0.0,57.0,1.6,0.0,7.6,136.0,52.0,188.0,5.0,0.5699688092250241,148.0,146.0,158.0,42.0,1.0,1.0
137.0,0.005,0.0,0.006,0.004,0.0,0.0,56.0,1.6,0.0,7.1,136.0,52.0,188.0,5.0,0.0,148.0,143.0,157.0,59.0,1.0,1.0
137.0,0.005,0.001,0.005,0.003,0.0,0.0,58.0,1.5,0.0,5.4,109.0,69.0,178.0,2.0,0.0,146.0,143.0,150.0,52.0,1.0,1.0
137.0,0.005,0.001,0.005,0.003,0.0,0.0,58.0,1.6,0.0,5.6,109.0,69.0,178.0,5.0,0.0,148.0,143.0,151.0,55.0,1.0,1.0
137.0,0.005,0.002,0.005,0.003,0.0,0.0,58.0,1.5,0.0,5.2,109.0,69.0,178.0,5.0,0.5699688092250241,148.0,143.0,150.0,49.0,1.0,1.0
137.0,0.005,0.001,0.005,0.003,0.0,0.0,58.0,1.4,0.0,4.7,109.0,69.0,178.0,2.0,0.0,146.0,143.0,150.0,47.0,1.0,1.0
137.0,0.005,0.001,0.004,0.003,0.0,0.0,57.0,1.4,0.0,6.2,109.0,69.0,178.0,4.0,0.0,146.0,143.0,149.0,43.0,1.0,1.0
137.0,0.005,0.002,0.005,0.002,0.0,0.0,57.0,1.4,0.0,6.8,109.0,69.0,178.0,3.0,0.5699688092250241,148.0,143.0,149.0,43.0,1.0,1.0
137.0,0.005,0.005,0.005,0.001,0.0,0.0,59.0,1.4,0.0,7.0,48.0,122.0,170.0,2.0,0.0,146.0,141.0,143.0,8.0,0.0,1.0
137.0,0.005,0.003,0.004,0.001,0.0,0.0,58.0,1.2,0.0,6.4,48.0,122.0,170.0,1.0,0.0,146.0,144.0,146.0,8.0,0.0,1.0
137.0,0.005,0.004,0.004,0.001,0.0,0.0,56.0,1.1,0.0,5.2,48.0,122.0,170.0,1.0,0.0,146.0,144.0,146.0,8.0,0.0,1.0
137.0,0.005,0.003,0.004,0.001,0.0,0.0,57.0,1.2,0.0,5.9,48.0,122.0,170.0,1.0,0.0,146.0,144.0,145.0,8.0,0.0,1.0
137.0,0.005,0.002,0.005,0.0,0.0,0.0,56.0,0.9,0.0,4.1,48.0,122.0,170.0,3.0,0.0,147.0,146.0,147.0,7.0,0.0,1.0
131.0,0.0,0.003,0.003,0.007500000000000001,0.0,0.0,67.0,1.7,0.0,0.0,68.0,78.0,146.0,7.0,0.0,121.0,116.0,120.0,15.0,0.0,3.0
131.0,0.004,0.003,0.004,0.005,0.0,0.0,60.0,2.1,0.0,0.9,90.0,78.0,168.0,8.0,0.0,133.0,127.0,132.0,21.0,0.0,1.0
131.0,0.005,0.003,0.004,0.004,0.0,0.0,57.0,2.0,0.0,1.2,69.0,100.0,169.0,6.0,0.5699688092250241,133.0,133.0,134.0,15.0,0.0,1.0
131.0,0.005,0.003,0.002,0.0,0.0,0.0,53.0,1.8,0.0,3.2,60.0,109.0,169.0,7.0,0.0,150.0,143.0,147.0,14.0,0.0,1.0
131.0,0.005,0.004,0.003,0.0,0.0,0.0,53.0,2.4,0.0,0.0,56.0,109.0,165.0,4.0,0.0,131.0,140.0,143.0,25.0,0.0,1.0
131.0,0.005,0.004,0.004,0.001,0.0,0.0,55.0,2.3,0.0,0.0,56.0,109.0,165.0,3.0,0.0,130.0,138.0,141.0,25.0,0.0,1.0
131.0,0.005,0.002,0.004,0.002,0.0,0.0,55.0,1.9,0.0,2.4,85.0,84.0,169.0,6.0,0.0,150.0,139.0,144.0,25.0,1.0,1.0
131.0,0.005,0.003,0.004,0.001,0.0,0.0,55.0,1.9,0.0,2.8,85.0,84.0,169.0,6.0,0.0,150.0,140.0,145.0,22.0,1.0,1.0
131.0,0.005,0.001,0.004,0.001,0.0,0.0,55.0,2.0,0.0,2.7,85.0,84.0,169.0,6.0,0.0,132.0,140.0,145.0,26.0,1.0,1.0
131.0,0.005,0.0,0.003,0.001,0.0,0.0,54.0,1.4,0.0,3.3,85.0,84.0,169.0,7.0,0.0,151.0,143.0,147.0,20.0,1.0,1.0
131.0,0.005,0.0,0.002,0.001,0.0,0.0,54.0,1.5,0.0,5.3,86.0,83.0,169.0,7.0,0.0,151.0,142.0,147.0,22.0,1.0,1.0
131.0,0.005,0.0,0.004,0.001,0.0,0.0,54.0,1.5,0.0,4.0,85.0,84.0,169.0,6.0,0.0,151.0,141.0,144.0,22.0,1.0,1.0
131.0,0.005,0.0,0.005,0.001,0.0,0.0,54.0,1.6,0.0,2.7,56.0,111.0,167.0,2.0,0.0,138.0,139.0,141.0,8.0,0.0,1.0
131.0,0.005,0.0,0.006,0.001,0.0,0.0,52.0,1.3,0.0,2.8,56.0,111.0,167.0,2.0,0.0,138.0,140.0,142.0,8.0,0.0,1.0
131.0,0.005,0.0,0.007,0.002,0.0,0.0,52.0,1.4,0.0,2.4,68.0,99.0,167.0,3.0,0.0,140.0,139.0,141.0,8.0,0.0,1.0
134.0,0.005,0.001,0.006,0.004,0.0,0.0,53.0,1.8,0.0,0.9,83.0,83.0,166.0,5.0,0.0,143.0,133.0,140.0,29.0,1.0,1.0
134.0,0.005,0.001,0.006,0.005,0.0,0.0,56.0,1.6,0.0,1.0,83.0,83.0,166.0,7.0,0.0,135.0,133.0,138.0,23.0,0.0,1.0
134.0,0.004,0.001,0.006,0.006,0.0,0.0,57.0,1.5,0.0,1.8,78.0,83.0,161.0,5.0,0.0,137.0,132.0,138.0,21.0,1.0,1.0
134.0,0.003,0.001,0.007,0.005,0.0,0.0,59.0,1.4,0.0,2.7,72.0,83.0,155.0,7.0,0.5699688092250241,137.0,127.0,136.0,35.0,1.0,1.0
134.0,0.0,0.0,0.009,0.006,0.0,0.0,64.0,1.5,0.0,3.8,70.0,83.0,153.0,5.0,0.0,137.0,119.0,124.0,50.0,1.0,3.0
134.0,0.005,0.0,0.012,0.006,0.0,0.0,60.0,1.3,0.0,0.0,109.0,80.0,189.0,7.0,0.0,156.0,138.0,151.0,76.0,1.0,1.0
134.0,0.005,0.0,0.01,0.005,0.0,0.0,60.0,1.1,0.0,9.3,109.0,80.0,189.0,8.0,0.0,156.0,145.0,154.0,70.0,1.0,1.0
134.0,0.005,0.001,0.01,0.006,0.0,0.0,60.0,1.2,0.0,0.0,109.0,80.0,189.0,8.0,0.0,156.0,145.0,154.0,69.0,1.0,1.0
134.0,0.005,0.001,0.01,0.006,0.0,0.0,61.0,1.1,0.0,3.7,109.0,80.0,189.0,10.0,0.0,156.0,144.0,151.0,61.0,0.0,1.0
134.0,0.005,0.001,0.011,0.005,0.0,0.0,62.0,1.2,0.0,4.5,109.0,80.0,189.0,9.0,0.0,156.0,145.0,152.0,49.0,0.0,1.0
134.0,0.005,0.001,0.009,0.004,0.0,0.0,60.0,1.2,0.0,4.9,109.0,80.0,189.0,4.0,0.5699688092250241,156.0,147.0,151.0,40.0,0.0,1.0
134.0,0.005,0.001,0.007,0.004,0.0,0.0,59.0,1.2,0.0,5.2,109.0,80.0,189.0,6.0,0.0,150.0,146.0,150.0,33.0,0.0,1.0
134.0,0.005,0.0,0.0,0.0,0.0,0.0,55.0,1.2,0.0,1.8,83.0,90.0,173.0,4.0,0.0,150.0,147.0,151.0,22.0,1.0,1.0
134.0,0.005,0.001,0.007,0.004,0.0,0.0,61.0,1.2,0.0,5.9,83.0,90.0,173.0,4.0,0.0,150.0,143.0,148.0,19.0,1.0,1.0
134.0,0.005,0.001,0.007,0.005,0.0,0.0,61.0,1.1,0.0,6.0,83.0,90.0,173.0,5.0,0.0,142.0,143.0,147.0,17.0,1.0,1.0
134.0,0.005,0.001,0.007,0.004,0.0,0.0,62.0,1.1,0.0,4.9,83.0,90.0,173.0,5.0,0.0,148.0,142.0,147.0,17.0,1.0,1.0
134.0,0.005,0.0,0.006,0.004,0.0,0.0,62.0,1.1,0.0,4.9,83.0,90.0,173.0,5.0,0.0,142.0,142.0,146.0,15.0,0.0,1.0
134.0,0.005,0.0,0.006,0.002,0.0,0.0,63.0,1.0,0.0,3.8,83.0,90.0,173.0,3.0,0.0,149.0,144.0,147.0,15.0,1.0,1.0
134.0,0.005,0.002,0.003,0.005,0.0,0.0,63.0,0.9,0.0,2.5,100.0,88.0,188.0,8.0,0.0,151.0,140.0,146.0,36.0,0.0,1.0
134.0,0.005,0.001,0.006,0.005,0.0,0.0,60.0,1.1,0.0,0.5,99.0,88.0,187.0,6.0,0.0,151.0,145.0,151.0,38.0,0.0,1.0
134.0,0.005,0.001,0.006,0.005,0.0,0.0,59.0,1.2,0.0,0.6,99.0,88.0,187.0,5.0,0.0,151.0,145.0,151.0,42.0,0.0,1.0
134.0,0.005,0.002,0.008,0.005,0.0,0.0,59.0,1.1,0.0,0.0,99.0,88.0,187.0,5.0,0.0,151.0,145.0,152.0,44.0,0.0,1.0
134.0,0.005,0.001,0.009,0.005,0.0,0.0,57.0,1.2,0.0,0.0,95.0,92.0,187.0,4.0,0.0,151.0,147.0,154.0,44.0,0.0,1.0
134.0,0.005,0.0,0.01,0.005,0.0,0.0,57.0,1.2,0.0,0.0,101.0,86.0,187.0,3.0,0.0,151.0,148.0,155.0,47.0,1.0,1.0
134.0,0.005,0.0,0.01,0.004,0.0,0.0,56.0,1.4,0.0,0.0,101.0,86.0,187.0,5.0,0.0,151.0,152.0,160.0,44.0,1.0,1.0
134.0,0.005,0.001,0.008,0.005,0.0,0.0,55.0,1.5,0.0,0.0,101.0,86.0,187.0,5.0,0.0,151.0,149.0,157.0,49.0,1.0,1.0
134.0,0.002,0.002,0.0,0.002,0.0,0.0,63.0,1.5,0.0,0.0,100.0,71.0,171.0,4.0,0.5699688092250241,89.06103488156756,105.0,105.0,72.0,-1.0,3.0
134.0,0.005,0.002,0.002,0.003,0.0,0.0,62.0,1.5,0.0,0.0,113.0,71.0,184.0,4.0,0.0,89.06103488156756,113.0,110.0,76.0,-1.0,3.0
134.0,0.004,0.001,0.001,0.004,0.0,0.0,60.0,1.6,0.0,0.0,113.0,71.0,184.0,7.0,0.0,89.06103488156756,118.0,113.0,76.0,-1.0,3.0
134.0,0.004,0.001,0.001,0.003,0.0,0.0,61.0,1.8,0.0,0.0,118.0,66.0,184.0,6.0,0.0,89.06103488156756,112.0,111.0,76.0,-1.0,3.0
134.0,0.004,0.001,0.001,0.003,0.0,0.0,62.0,1.8,0.0,0.0,118.0,66.0,184.0,5.0,0.0,89.06103488156756,106.0,107.0,76.0,-1.0,3.0
134.0,0.003,0.0,0.0,0.0,0.0,0.0,64.0,1.7,0.0,0.0,114.0,66.0,180.0,6.0,0.5699688092250241,89.06103488156756,101.0,102.0,76.0,-1.0,3.0
134.0,0.003,0.0,0.0,0.0,0.0,0.0,65.0,1.8,0.0,0.0,114.0,66.0,180.0,8.0,0.5699688092250241,89.06103488156756,100.0,101.0,76.0,-1.0,3.0
134.0,0.004,0.0,0.0,0.001,0.0,0.0,64.0,1.9,0.0,0.0,120.0,66.0,186.0,9.0,0.0,89.06103488156756,104.0,106.0,76.0,-1.0,3.0
160.0,0.005,0.0,0.008,0.0,0.0,0.0,58.0,0.8,0.0,8.2,74.0,131.0,205.0,7.0,0.0,179.0,170.0,174.0,14.0,0.0,1.0
120.0,0.002,0.0,0.001,0.007500000000000001,0.0,0.0,57.0,1.3,0.0,7.5,78.0,79.0,157.0,4.0,0.0,113.0,115.0,119.0,25.0,0.0,1.0
120.0,0.003,0.0,0.001,0.007500000000000001,0.0,0.0,58.0,1.2,0.0,7.3,78.0,79.0,157.0,3.0,0.0,128.0,114.0,118.0,39.0,0.0,1.0
120.0,0.003,0.0,0.001,0.007500000000000001,0.0,0.0,57.0,1.5,0.0,8.0,78.0,79.0,157.0,5.0,0.5699688092250241,113.0,115.0,119.0,28.0,0.0,1.0
120.0,0.0,0.0,0.003,0.007500000000000001,0.0,0.0,59.0,1.6,0.0,9.8,85.0,69.0,154.0,4.0,0.5699688092250241,91.0,107.0,107.0,62.0,0.0,3.0
120.0,0.0,0.0,0.004,0.007500000000000001,0.0,0.0,59.0,1.6,0.0,11.1,83.0,69.0,152.0,4.0,0.5699688092250241,91.0,106.0,106.0,56.0,0.0,3.0
120.0,0.0,0.0,0.004,0.007500000000000001,0.0,0.0,59.0,1.6,0.0,10.8,83.0,69.0,152.0,4.0,0.5699688092250241,105.0,106.0,107.0,31.0,0.0,3.0
120.0,0.0,0.0,0.005,0.007500000000000001,0.0,0.0,60.0,1.6,0.0,9.0,85.0,69.0,154.0,4.0,0.5699688092250241,89.06103488156756,105.0,105.0,75.0,0.0,3.0
120.0,0.0,0.0,0.005,0.007500000000000001,0.0,0.0,62.0,1.5,0.0,8.8,85.0,69.0,154.0,5.0,0.5699688092250241,89.06103488156756,102.0,101.0,64.0,-1.0,3.0
120.0,0.0,0.0,0.005,0.006,0.0,0.0,62.0,1.5,0.0,9.3,85.0,69.0,154.0,4.0,0.5699688092250241,89.06103488156756,101.0,98.0,64.0,-1.0,3.0
120.0,0.0,0.0,0.004,0.007,0.0,0.0,64.0,1.3,0.0,8.4,85.0,69.0,154.0,3.0,0.5699688092250241,89.06103488156756,97.0,93.0,48.0,-1.0,3.0
120.0,0.0,0.0,0.005,0.006,0.0,0.0,64.0,1.1,0.0,8.1,85.0,69.0,154.0,2.0,0.5699688092250241,89.06103488156756,98.0,95.0,44.0,-1.0,3.0
120.0,0.0,0.0,0.003,0.006,0.0,0.0,62.0,1.3,0.0,9.4,83.0,69.0,152.0,6.0,0.5699688092250241,89.06103488156756,101.0,101.0,56.0,0.0,3.0
120.0,0.0,0.0,0.001,0.007,0.0,0.0,64.0,1.1,0.0,0.0,80.0,74.0,154.0,3.0,0.0,89.06103488156756,99.0,99.0,40.0,-1.0,3.0
120.0,0.0,0.0,0.002,0.007500000000000001,0.0,0.0,63.0,1.3,0.0,0.0,83.0,69.0,152.0,6.0,0.0,107.0,100.0,101.0,26.0,0.0,3.0
120.0,0.0,0.0,0.002,0.007500000000000001,0.0,0.0,64.0,1.3,0.0,0.0,77.0,69.0,146.0,8.0,0.0,89.06103488156756,98.0,100.0,38.0,0.0,3.0
120.0,0.0,0.0,0.005,0.007500000000000001,0.0,0.0,64.0,1.7,0.0,0.0,111.0,63.0,174.0,10.0,0.5699688092250241,89.06103488156756,92.0,102.0,43.0,-1.0,3.0
120.0,0.0,0.0,0.004,0.007500000000000001,0.0,0.0,63.0,2.0,0.0,0.0,128.0,63.0,191.0,12.0,0.5699688092250241,107.0,93.0,106.0,36.0,-1.0,3.0
120.0,0.0,0.0,0.004,0.007500000000000001,0.0,0.0,62.0,1.9,0.0,3.9,128.0,63.0,191.0,10.0,0.5699688092250241,107.0,95.0,105.0,37.0,-1.0,3.0
120.0,0.0,0.0,0.005,0.007500000000000001,0.0,0.0,64.0,1.7,0.0,0.0,111.0,63.0,174.0,10.0,0.5699688092250241,89.06103488156756,93.0,101.0,42.0,-1.0,3.0
121.0,0.003,0.002,0.003,0.005,0.0,0.0,58.0,1.5,0.0,8.9,96.0,67.0,163.0,7.0,0.5699688092250241,122.0,116.0,120.0,25.0,0.0,1.0
121.0,0.004,0.002,0.004,0.006,0.0,0.0,58.0,1.7,0.0,8.4,96.0,67.0,163.0,6.0,0.5699688092250241,122.0,115.0,120.0,31.0,0.0,1.0
121.0,0.003,0.002,0.002,0.004,0.0,0.0,57.0,1.6,0.0,13.6,99.0,67.0,166.0,7.0,0.5699688092250241,122.0,119.0,123.0,24.0,0.0,1.0
121.0,0.005,0.002,0.004,0.002,0.0,0.0,57.0,1.3,0.0,14.1,76.0,90.0,166.0,3.0,0.0,124.0,126.0,126.0,17.0,0.0,1.0
121.0,0.005,0.002,0.001,0.0,0.0,0.0,55.0,1.4,0.0,13.7,73.0,96.0,169.0,6.0,0.0,124.0,127.0,127.0,19.0,0.0,1.0
121.0,0.005,0.003,0.001,0.0,0.0,0.0,54.0,1.7,0.0,9.9,73.0,96.0,169.0,7.0,0.0,124.0,129.0,130.0,24.0,0.0,1.0
121.0,0.005,0.002,0.004,0.002,0.0,0.0,56.0,1.4,0.0,12.3,79.0,90.0,169.0,3.0,0.0,124.0,126.0,127.0,19.0,0.0,1.0
121.0,0.004,0.002,0.002,0.003,0.0,0.0,56.0,1.4,0.0,14.0,88.0,81.0,169.0,4.0,0.0,124.0,123.0,125.0,23.0,0.0,1.0
121.0,0.004,0.002,0.002,0.005,0.0,0.0,56.0,1.6,0.0,13.6,99.0,70.0,169.0,5.0,0.5699688092250241,124.0,121.0,124.0,28.0,0.0,1.0
121.0,0.005,0.003,0.005,0.004,0.0,0.0,55.0,1.8,0.0,10.6,99.0,70.0,169.0,9.0,0.5699688092250241,124.0,122.0,126.0,33.0,0.0,1.0
121.0,0.005,0.004,0.004,0.006,0.0,0.0,56.0,1.9,0.0,3.0,99.0,70.0,169.0,5.0,0.5699688092250241,124.0,121.0,127.0,38.0,0.0,1.0
121.0,0.005,0.004,0.005,0.006,0.0,0.0,56.0,1.8,0.0,2.6,99.0,70.0,169.0,6.0,0.0,124.0,120.0,125.0,37.0,0.0,1.0
121.0,0.004,0.003,0.006,0.007500000000000001,0.0,0.0,58.0,1.8,0.0,2.4,107.0,62.0,169.0,8.0,0.0,114.0,113.0,120.0,55.0,0.0,1.0
121.0,0.0,0.002,0.002,0.007500000000000001,0.0,0.0,61.0,2.0,0.0,4.9,98.0,62.0,160.0,8.0,0.0,114.0,100.0,106.0,59.0,0.0,3.0
121.0,0.0,0.001,0.004,0.007500000000000001,0.0,0.0,66.0,2.1,0.0,6.4,105.0,55.0,160.0,7.0,0.0,89.06103488156756,85.0,92.0,76.0,-1.0,3.0
121.0,0.0,0.001,0.003,0.007500000000000001,0.0,0.0,67.0,2.1,0.0,0.0,102.0,55.0,157.0,4.0,0.5699688092250241,89.06103488156756,81.0,87.0,76.0,-1.0,3.0
121.0,0.0,0.001,0.005,0.007500000000000001,0.0,0.0,66.0,2.1,0.0,0.0,102.0,55.0,157.0,5.0,0.5699688092250241,89.06103488156756,83.0,90.0,76.0,-1.0,3.0
121.0,0.0,0.001,0.003,0.007500000000000001,0.0,0.0,68.0,2.1,0.0,0.0,102.0,55.0,157.0,3.0,0.5699688092250241,89.06103488156756,80.78463193847622,86.5,76.0,-1.0,3.0
121.0,0.0,0.0,0.004,0.007500000000000001,0.0,0.0,70.0,1.9,0.0,0.0,102.0,55.0,157.0,6.0,0.5699688092250241,89.06103488156756,80.78463193847622,86.5,68.0,-1.0,3.0
143.0,0.005,0.0,0.001,0.0,0.0,0.0,59.0,0.8,0.0,7.2,72.0,96.0,168.0,3.0,0.0,152.0,146.0,150.0,8.0,1.0,1.0
143.0,0.005,0.0,0.003,0.002,0.0,0.0,60.0,2.0,0.0,3.6,79.0,101.0,180.0,9.0,0.0,146.0,144.0,151.0,18.0,0.0,1.0
143.0,0.005,0.0,0.002,0.0,0.0,0.0,60.0,2.2,0.0,3.9,79.0,101.0,180.0,8.0,0.0,150.0,132.0,153.0,14.0,0.0,1.0
143.0,0.0,0.0,0.004,0.0,0.0,0.0,66.0,0.4,4.0,10.2,22.0,132.0,154.0,1.0,0.0,144.0,143.0,145.0,1.0,0.0,1.0
143.0,0.0,0.0,0.004,0.0,0.0,0.0,66.0,0.4,5.0,10.0,24.0,134.0,158.0,1.0,0.0,144.0,144.0,145.0,1.0,0.0,1.0
143.0,0.0,0.0,0.004,0.0,0.0,0.0,66.0,0.4,4.0,9.9,22.0,132.0,154.0,0.0,0.0,144.0,143.0,145.0,1.0,0.0,1.0
143.0,0.0,0.0,0.003,0.0,0.0,0.0,67.0,0.4,6.0,9.6,26.0,133.0,159.0,1.0,0.0,144.0,144.0,145.0,1.0,0.0,1.0
143.0,0.0,0.0,0.003,0.0,0.0,0.0,67.0,0.3,6.0,9.6,24.0,134.0,158.0,1.0,0.0,144.0,144.0,146.0,1.0,0.0,1.0
143.0,0.0,0.0,0.002,0.0,0.0,0.0,68.0,0.3,5.0,9.4,23.0,135.0,158.0,1.0,0.0,144.0,144.0,145.0,1.0,0.0,1.0
143.0,0.0,0.0,0.001,0.0,0.0,0.0,68.0,0.3,5.0,9.4,26.0,133.0,159.0,1.0,0.0,144.0,144.0,145.0,1.0,0.0,1.0
143.0,0.0,0.0,0.001,0.0,0.0,0.0,68.0,0.3,6.0,9.6,27.0,132.0,159.0,1.0,0.0,144.0,144.0,146.0,1.0,0.0,1.0
143.0,0.0,0.0,0.001,0.0,0.0,0.0,69.0,0.3,6.0,9.7,25.0,133.0,158.0,1.0,0.0,145.0,144.0,146.0,1.0,0.0,1.0
143.0,0.0,0.0,0.001,0.0,0.0,0.0,69.0,0.3,6.0,9.4,27.0,132.0,159.0,1.0,0.0,145.0,144.0,146.0,1.0,0.0,1.0
143.0,0.0,0.0,0.001,0.0,0.0,0.0,69.0,0.3,8.0,9.9,27.0,132.0,159.0,1.0,0.0,146.0,145.0,146.0,1.0,0.0,1.0
143.0,0.0,0.0,0.003,0.0,0.0,0.0,67.0,0.3,4.0,10.5,25.0,133.0,158.0,1.0,0.0,146.0,145.0,147.0,1.0,0.0,1.0
143.0,0.0,0.0,0.006,0.0,0.0,0.0,67.0,0.4,4.0,13.3,56.0,106.0,162.0,3.0,0.5699688092250241,146.0,145.0,147.0,2.0,1.0,1.0
143.0,0.0,0.0,0.003,0.0,0.0,0.0,68.0,0.3,5.0,10.3,27.0,132.0,159.0,1.0,0.0,146.0,145.0,147.0,1.0,0.0,1.0
143.0,0.0,0.0,0.007,0.0,0.0,0.0,66.0,0.4,4.0,13.6,56.0,106.0,162.0,4.0,0.5699688092250241,146.0,145.0,147.0,2.0,1.0,1.0
143.0,0.0,0.0,0.003,0.0,0.0,0.0,66.0,0.4,4.0,12.4,56.0,106.0,162.0,4.0,0.5699688092250241,145.0,144.0,146.0,1.0,1.0,1.0
139.0,0.005,0.001,0.006,0.0,0.0,0.0,53.0,1.4,0.0,17.555315838805065,108.0,96.0,204.0,5.0,0.0,144.0,153.0,152.0,47.0,0.0,1.0
139.0,0.005,0.0,0.007,0.0,0.0,0.0,54.0,1.0,0.0,17.555315838805065,85.0,96.0,181.0,5.0,0.0,148.0,147.0,148.0,12.0,0.0,1.0
139.0,0.005,0.0,0.006,0.0,0.0,0.0,54.0,1.0,0.0,17.555315838805065,93.0,96.0,189.0,6.0,0.0,144.0,150.0,150.0,25.0,0.0,1.0
139.0,0.005,0.001,0.007,0.0,0.0,0.0,53.0,1.5,0.0,17.555315838805065,107.0,97.0,204.0,7.0,0.0,152.0,155.0,153.0,39.0,0.0,1.0
139.0,0.005,0.001,0.005,0.0,0.0,0.0,52.0,1.6,0.0,17.555315838805065,107.0,97.0,204.0,8.0,0.0,138.0,155.0,153.0,76.0,0.0,1.0
141.0,0.005,0.0,0.006,0.0,0.0,0.0,58.0,1.3,0.0,5.7,78.0,94.0,172.0,6.0,0.5699688092250241,142.0,142.0,147.0,8.0,0.0,1.0
141.0,0.001,0.0,0.007,0.0,0.0,0.0,65.0,0.5,1.0,11.7,24.0,133.0,157.0,1.0,0.0,150.0,147.0,149.0,2.0,1.0,1.0
141.0,0.001,0.0,0.008,0.0,0.0,0.0,67.0,0.4,0.0,11.2,24.0,133.0,157.0,0.0,0.0,150.0,147.0,149.0,1.0,1.0,1.0
133.0,0.002,0.001,0.009,0.003,0.0,0.0,56.0,2.2,0.0,7.2,90.0,71.0,161.0,2.0,0.5699688092250241,139.0,120.0,139.0,19.0,1.0,1.0
133.0,0.003,0.001,0.01,0.004,0.0,0.0,57.0,1.9,0.0,6.2,90.0,71.0,161.0,7.0,0.5699688092250241,140.0,124.0,140.0,20.0,1.0,1.0
140.0,0.0,0.002,0.004,0.007500000000000001,0.0,0.0,62.0,1.4,0.0,4.9,93.0,66.0,159.0,5.0,0.5699688092250241,142.0,134.0,144.0,30.0,1.0,1.0
140.0,0.0,0.001,0.003,0.007,0.0,0.0,62.0,1.2,0.0,3.9,93.0,66.0,159.0,5.0,0.5699688092250241,142.0,136.0,144.0,26.0,1.0,1.0
140.0,0.0,0.001,0.002,0.007500000000000001,0.0,0.0,61.0,1.3,0.0,3.9,93.0,66.0,159.0,7.0,0.5699688092250241,142.0,135.0,144.0,24.0,1.0,1.0
140.0,0.0,0.001,0.003,0.007500000000000001,0.0,0.0,61.0,1.3,0.0,4.0,94.0,65.0,159.0,6.0,0.5699688092250241,142.0,134.0,143.0,25.0,1.0,1.0
140.0,0.0,0.002,0.002,0.007500000000000001,0.0,0.0,61.0,1.4,0.0,4.8,96.0,63.0,159.0,6.0,0.0,142.0,133.0,143.0,29.0,1.0,1.0
140.0,0.0,0.001,0.002,0.007500000000000001,0.0,0.0,60.0,1.3,0.0,3.9,94.0,65.0,159.0,7.0,0.5699688092250241,142.0,134.0,143.0,27.0,1.0,1.0
140.0,0.0,0.002,0.002,0.007500000000000001,0.0,0.0,60.0,1.4,0.0,4.7,96.0,63.0,159.0,8.0,0.5699688092250241,142.0,133.0,143.0,29.0,1.0,1.0
140.0,0.0,0.002,0.003,0.007500000000000001,0.0,0.0,60.0,1.5,0.0,6.2,105.0,63.0,168.0,8.0,0.5699688092250241,142.0,125.0,143.0,26.0,1.0,1.0
140.0,0.0,0.001,0.003,0.007500000000000001,0.0,0.0,60.0,1.5,0.0,6.5,105.0,63.0,168.0,8.0,0.0,142.0,124.0,142.0,25.0,1.0,1.0
140.0,0.0,0.001,0.003,0.007,0.0,0.0,61.0,1.4,0.0,10.0,105.0,63.0,168.0,8.0,0.0,142.0,125.0,143.0,23.0,1.0,1.0
140.0,0.0,0.003,0.003,0.007500000000000001,0.0,0.0,60.0,1.8,0.0,8.4,107.0,52.0,159.0,7.0,0.0,142.0,124.0,141.0,34.0,1.0,1.0
140.0,0.0,0.004,0.002,0.007,0.0,0.0,59.0,1.8,0.0,8.8,102.0,52.0,154.0,5.0,0.0,142.0,122.0,141.0,34.0,1.0,1.0
137.0,0.0,0.004,0.002,0.006,0.0,0.0,59.0,2.0,0.0,9.8,116.0,52.0,168.0,6.0,0.5699688092250241,142.0,121.0,141.0,34.0,1.0,1.0
137.0,0.0,0.004,0.002,0.007,0.0,0.0,59.0,1.8,0.0,8.6,102.0,52.0,154.0,10.0,0.5699688092250241,142.0,123.0,141.0,35.0,1.0,1.0
137.0,0.002,0.005,0.003,0.006,0.0,0.0,58.0,1.9,0.0,7.8,116.0,52.0,168.0,9.0,0.5699688092250241,142.0,130.0,139.0,38.0,1.0,1.0
137.0,0.002,0.004,0.01,0.007,0.0,0.0,58.0,1.8,0.0,5.5,116.0,52.0,168.0,7.0,0.5699688092250241,139.0,130.0,139.0,32.0,1.0,1.0
137.0,0.002,0.004,0.007,0.006,0.0,0.0,58.0,1.9,0.0,3.9,109.0,52.0,161.0,8.0,0.5699688092250241,139.0,132.0,140.0,28.0,1.0,1.0
137.0,0.002,0.002,0.007,0.006,0.0,0.0,58.0,1.8,0.0,5.9,106.0,60.0,166.0,6.0,0.0,139.0,133.0,141.0,22.0,1.0,1.0
137.0,0.0,0.001,0.006,0.004,0.0,0.0,59.0,1.9,0.0,6.5,102.0,64.0,166.0,5.0,0.5699688092250241,139.0,133.0,140.0,14.0,1.0,1.0
137.0,0.0,0.001,0.007,0.004,0.0,0.0,59.0,1.8,0.0,6.4,102.0,64.0,166.0,5.0,0.5699688092250241,139.0,133.0,140.0,13.0,1.0,1.0
137.0,0.0,0.0,0.008,0.005,0.0,0.0,59.0,1.8,0.0,7.2,102.0,64.0,166.0,7.0,0.5699688092250241,142.0,133.0,140.0,18.0,1.0,1.0
137.0,0.0,0.0,0.007,0.004,0.0,0.0,59.0,1.8,0.0,6.6,102.0,64.0,166.0,8.0,0.5699688092250241,142.0,134.0,140.0,16.0,1.0,1.0
137.0,0.0,0.0,0.007,0.003,0.0,0.0,58.0,1.9,0.0,6.5,102.0,64.0,166.0,10.0,0.5699688092250241,142.0,134.0,141.0,14.0,1.0,1.0
137.0,0.0,0.001,0.006,0.003,0.0,0.0,59.0,1.8,0.0,6.5,102.0,64.0,166.0,5.0,0.5699688092250241,142.0,134.0,140.0,14.0,1.0,1.0
138.0,0.005,0.0,0.004,0.001,0.0,0.0,51.0,1.2,0.0,1.8,98.0,73.0,171.0,9.0,0.0,148.0,145.0,147.0,14.0,1.0,1.0
138.0,0.005,0.0,0.003,0.001,0.0,0.0,51.0,1.3,0.0,2.0,98.0,73.0,171.0,8.0,0.0,148.0,145.0,147.0,16.0,1.0,1.0
138.0,0.005,0.0,0.008,0.001,0.0,0.0,51.0,1.2,0.0,3.1,98.0,73.0,171.0,9.0,0.0,148.0,145.0,148.0,14.0,1.0,1.0
138.0,0.005,0.0,0.007,0.001,0.0,0.0,50.0,1.2,0.0,1.4,98.0,73.0,171.0,7.0,0.0,148.0,146.0,148.0,11.0,1.0,1.0
138.0,0.005,0.0,0.007,0.001,0.0,0.0,50.0,1.2,0.0,1.6,98.0,73.0,171.0,7.0,0.0,148.0,146.0,148.0,12.0,1.0,1.0
138.0,0.005,0.0,0.006,0.001,0.0,0.0,51.0,1.2,0.0,1.6,98.0,73.0,171.0,8.0,0.0,148.0,147.0,149.0,12.0,1.0,1.0
138.0,0.005,0.0,0.007,0.001,0.0,0.0,51.0,1.2,0.0,1.7,98.0,73.0,171.0,7.0,0.0,148.0,147.0,149.0,12.0,1.0,1.0
138.0,0.005,0.0,0.004,0.0,0.0,0.0,51.0,1.1,0.0,2.1,49.0,122.0,171.0,3.0,0.0,148.0,148.0,149.0,6.0,0.0,1.0
138.0,0.005,0.0,0.006,0.0,0.0,0.0,51.0,0.9,0.0,0.6,49.0,122.0,171.0,2.0,0.0,147.0,149.0,149.0,5.0,0.0,1.0
138.0,0.005,0.0,0.005,0.0,0.0,0.0,51.0,0.9,0.0,0.1,49.0,122.0,171.0,3.0,0.0,147.0,149.0,150.0,6.0,0.0,1.0
138.0,0.005,0.0,0.004,0.0,0.0,0.0,51.0,0.9,0.0,0.2,49.0,122.0,171.0,4.0,0.0,147.0,149.0,150.0,5.0,0.0,1.0
138.0,0.005,0.0,0.004,0.0,0.0,0.0,51.0,0.9,0.0,1.9,49.0,122.0,171.0,2.0,0.0,147.0,148.0,149.0,5.0,0.0,1.0
138.0,0.005,0.0,0.004,0.0,0.0,0.0,51.0,0.9,0.0,2.2,49.0,122.0,171.0,3.0,0.0,147.0,148.0,149.0,5.0,0.0,1.0
138.0,0.005,0.0,0.0,0.0,0.0,0.0,51.0,1.0,0.0,2.4,64.0,107.0,171.0,2.0,0.5699688092250241,147.0,148.0,149.0,7.0,0.0,1.0
138.0,0.005,0.0,0.003,0.0,0.0,0.0,51.0,1.0,0.0,2.7,64.0,107.0,171.0,3.0,0.5699688092250241,147.0,148.0,149.0,6.0,0.0,1.0
138.0,0.005,0.0,0.003,0.001,0.0,0.0,50.0,1.1,0.0,2.9,87.0,84.0,171.0,4.0,0.5699688092250241,147.0,147.0,148.0,10.0,1.0,1.0
138.0,0.005,0.0,0.003,0.001,0.0,0.0,50.0,1.3,0.0,1.9,87.0,84.0,171.0,5.0,0.5699688092250241,147.0,146.0,148.0,11.0,1.0,1.0
138.0,0.005,0.0,0.003,0.0,0.0,0.0,50.0,1.0,0.0,2.2,72.0,99.0,171.0,5.0,0.5699688092250241,147.0,147.0,148.0,7.0,1.0,1.0
138.0,0.005,0.0,0.0,0.003,0.0,0.0,49.0,1.6,0.0,4.7,92.0,80.0,172.0,4.0,0.5699688092250241,142.0,142.0,145.0,21.0,1.0,1.0
138.0,0.005,0.0,0.002,0.004,0.0,0.0,49.0,1.6,0.0,6.0,92.0,80.0,172.0,5.0,0.5699688092250241,142.0,141.0,145.0,23.0,1.0,1.0
138.0,0.005,0.0,0.003,0.004,0.0,0.0,49.0,1.6,0.0,5.7,92.0,80.0,172.0,5.0,0.0,142.0,140.0,144.0,22.0,1.0,1.0
138.0,0.005,0.002,0.002,0.005,0.0,0.0,50.0,1.7,0.0,5.6,102.0,70.0,172.0,6.0,0.0,142.0,139.0,144.0,26.0,1.0,1.0
138.0,0.004,0.002,0.004,0.006,0.0,0.0,50.0,1.9,0.0,5.6,102.0,70.0,172.0,8.0,0.0,142.0,137.0,142.0,32.0,1.0,1.0
138.0,0.003,0.002,0.006,0.007,0.0,0.0,50.0,2.3,0.0,4.6,102.0,70.0,172.0,7.0,0.0,138.0,135.0,140.0,26.0,1.0,1.0
138.0,0.003,0.002,0.007,0.007500000000000001,0.0,0.0,51.0,2.3,0.0,4.5,112.0,60.0,172.0,6.0,0.0,138.0,131.0,139.0,41.0,1.0,1.0
138.0,0.002,0.002,0.004,0.007500000000000001,0.0,0.0,51.0,2.5,0.0,5.2,112.0,60.0,172.0,4.0,0.0,138.0,129.0,138.0,46.0,1.0,1.0
138.0,0.002,0.002,0.004,0.007500000000000001,0.0,0.0,51.0,2.4,0.0,5.8,102.0,70.0,172.0,9.0,0.5699688092250241,135.0,132.0,138.0,32.0,1.0,1.0
138.0,0.003,0.003,0.005,0.007500000000000001,0.0,0.0,50.0,2.4,0.0,6.0,102.0,70.0,172.0,6.0,0.0,138.0,132.0,138.0,30.0,1.0,1.0
138.0,0.001,0.003,0.006,0.007500000000000001,0.0,0.0,52.0,2.6,0.0,2.4,104.0,60.0,164.0,4.0,0.0,135.0,124.0,135.0,48.0,1.0,1.0
138.0,0.0,0.002,0.009,0.007500000000000001,0.0,0.0,60.0,2.6,0.0,0.0,106.0,55.0,161.0,8.0,0.5699688092250241,117.0,99.0,117.0,76.0,0.0,3.0
138.0,0.0,0.002,0.009,0.007500000000000001,0.0,0.0,57.0,2.6,0.0,0.7,106.0,55.0,161.0,6.0,0.5699688092250241,135.0,107.0,122.0,76.0,1.0,3.0
138.0,0.0,0.0,0.009,0.007500000000000001,0.0,0.0,57.0,2.5,0.0,0.7,106.0,55.0,161.0,6.0,0.5699688092250241,135.0,109.0,123.0,76.0,1.0,3.0
138.0,0.0,0.002,0.01,0.007500000000000001,0.0,0.0,58.0,2.5,0.0,1.2,106.0,55.0,161.0,8.0,0.5699688092250241,117.0,103.0,119.0,76.0,0.0,3.0
139.0,0.002,0.0,0.006,0.0,0.0,0.0,58.0,0.7,2.0,11.5,51.0,112.0,163.0,3.0,0.0,150.0,147.0,150.0,4.0,1.0,1.0
139.0,0.004,0.0,0.007,0.0,0.0,0.0,58.0,0.5,0.0,8.1,61.0,107.0,168.0,3.0,0.0,153.0,152.0,154.0,3.0,1.0,1.0
139.0,0.004,0.0,0.005,0.0,0.0,0.0,58.0,0.6,0.0,8.5,56.0,112.0,168.0,2.0,0.0,153.0,152.0,154.0,3.0,1.0,1.0
141.0,0.005,0.0,0.007,0.0,0.0,0.0,58.0,0.6,0.0,8.1,39.0,132.0,171.0,0.0,0.0,153.0,153.0,155.0,3.0,0.0,1.0
141.0,0.005,0.0,0.006,0.0,0.0,0.0,58.0,0.5,0.0,7.8,37.0,131.0,168.0,0.0,0.0,153.0,153.0,154.0,2.0,0.0,1.0
141.0,0.004,0.0,0.008,0.0,0.0,0.0,58.0,0.6,0.0,7.9,63.0,108.0,171.0,3.0,0.5699688092250241,153.0,153.0,155.0,4.0,1.0,1.0
141.0,0.004,0.0,0.008,0.0,0.0,0.0,58.0,0.6,1.0,8.5,60.0,111.0,171.0,3.0,0.5699688092250241,153.0,154.0,156.0,4.0,1.0,1.0
141.0,0.005,0.0,0.007,0.0,0.0,0.0,58.0,0.6,3.0,9.6,63.0,108.0,171.0,3.0,0.5699688092250241,156.0,154.0,157.0,5.0,1.0,1.0
141.0,0.005,0.0,0.008,0.0,0.0,0.0,58.0,0.6,1.0,9.1,63.0,108.0,171.0,3.0,0.5699688092250241,160.0,154.0,157.0,9.0,1.0,1.0
141.0,0.004,0.0,0.008,0.001,0.0,0.0,57.0,0.7,1.0,8.5,75.0,96.0,171.0,3.0,0.0,160.0,152.0,156.0,14.0,1.0,1.0
141.0,0.005,0.0,0.008,0.001,0.0,0.0,57.0,0.7,1.0,8.1,69.0,102.0,171.0,4.0,0.0,160.0,152.0,156.0,13.0,1.0,1.0
139.0,0.005,0.002,0.011,0.007,0.0,0.0,55.0,1.4,0.0,3.6,71.0,95.0,166.0,5.0,0.0,161.0,140.0,147.0,72.0,1.0,1.0
139.0,0.005,0.002,0.01,0.006,0.0,0.0,54.0,1.6,0.0,2.2,96.0,76.0,172.0,4.0,0.5699688092250241,161.0,139.0,145.0,76.0,1.0,1.0
139.0,0.005,0.001,0.009,0.005,0.0,0.0,52.0,1.5,4.0,10.2,96.0,76.0,172.0,5.0,0.0,158.0,140.0,145.0,57.0,1.0,1.0
139.0,0.005,0.001,0.009,0.006,0.0,0.0,53.0,1.6,6.0,7.0,96.0,76.0,172.0,4.0,0.0,158.0,140.0,146.0,61.0,1.0,1.0
139.0,0.005,0.002,0.01,0.007500000000000001,0.0,0.0,51.0,1.9,0.0,0.0,96.0,76.0,172.0,5.0,0.0,147.0,136.0,141.0,42.0,1.0,1.0
139.0,0.005,0.001,0.008,0.007,0.0,0.0,50.0,1.5,0.0,10.0,99.0,76.0,175.0,6.0,0.0,147.0,138.0,143.0,37.0,1.0,1.0
139.0,0.005,0.001,0.008,0.006,0.0,0.0,50.0,1.4,0.0,14.5,102.0,76.0,178.0,8.0,0.0,162.0,142.0,147.0,71.0,1.0,1.0
139.0,0.005,0.001,0.008,0.004,0.0,0.0,50.0,1.4,0.0,15.0,102.0,76.0,178.0,10.0,0.0,162.0,144.0,149.0,57.0,1.0,1.0
139.0,0.005,0.0,0.009,0.0,0.0,0.0,50.0,0.9,0.0,13.4,71.0,107.0,178.0,4.0,0.0,162.0,153.0,158.0,25.0,1.0,1.0
130.0,0.005,0.0,0.013762257940890619,0.007500000000000001,0.0,0.0,57.0,2.0,0.0,0.0,125.0,54.0,179.0,4.0,0.5699688092250241,121.0,115.0,122.0,76.0,0.0,1.0
130.0,0.002,0.0,0.013762257940890619,0.007500000000000001,0.0,0.0,59.0,2.1,0.0,0.0,127.0,50.0,177.0,8.0,0.5699688092250241,121.0,101.0,115.0,76.0,0.0,3.0
130.0,0.002,0.0,0.012,0.007500000000000001,0.0,0.0,61.0,2.0,0.0,0.0,127.0,50.0,177.0,5.0,0.0,121.0,98.0,115.0,76.0,0.0,3.0
130.0,0.001,0.0,0.012,0.007500000000000001,0.0,0.0,62.0,2.0,0.0,0.0,127.0,50.0,177.0,7.0,0.0,89.06103488156756,95.0,112.0,76.0,0.0,3.0
130.0,0.001,0.001,0.012,0.007500000000000001,0.0,0.0,62.0,2.2,0.0,0.0,161.0,50.0,206.0,9.0,0.0,89.06103488156756,89.0,113.0,76.0,0.0,3.0
130.0,0.002,0.002,0.009,0.007500000000000001,0.0,0.0,63.0,2.3,0.0,0.0,161.0,50.0,206.0,5.0,0.0,89.06103488156756,88.0,113.0,76.0,-1.0,3.0
130.0,0.002,0.002,0.008,0.007500000000000001,0.0,0.0,64.0,2.4,0.0,0.0,161.0,50.0,206.0,8.0,0.0,89.06103488156756,85.0,112.0,76.0,-1.0,3.0
130.0,0.002,0.002,0.008,0.007500000000000001,0.0,0.0,64.0,2.5,0.0,0.0,161.0,50.0,206.0,7.0,0.0,89.06103488156756,83.0,114.0,76.0,-1.0,3.0
130.0,0.0,0.002,0.007,0.007,0.0,0.0,66.0,2.4,0.0,0.0,161.0,50.0,206.0,7.0,0.0,89.06103488156756,80.78463193847622,108.0,76.0,-1.0,3.0
140.0,0.003,0.001,0.007,0.004,0.0,0.0,64.0,1.2,0.0,5.9,74.0,95.0,169.0,6.0,0.0,142.0,137.0,142.0,18.0,0.0,1.0
140.0,0.004,0.001,0.007,0.005,0.0,0.0,64.0,1.1,0.0,3.8,73.0,96.0,169.0,5.0,0.0,146.0,140.0,144.0,16.0,0.0,1.0
140.0,0.004,0.0,0.006,0.004,0.0,0.0,65.0,0.9,0.0,5.5,73.0,96.0,169.0,4.0,0.0,145.0,141.0,145.0,13.0,0.0,1.0
140.0,0.004,0.001,0.007,0.004,0.0,0.0,64.0,1.0,0.0,5.7,69.0,96.0,165.0,4.0,0.0,145.0,139.0,144.0,17.0,1.0,1.0
140.0,0.004,0.001,0.008,0.005,0.0,0.0,63.0,1.2,0.0,6.2,70.0,95.0,165.0,6.0,0.0,147.0,137.0,143.0,25.0,1.0,1.0
140.0,0.003,0.001,0.007,0.004,0.0,0.0,63.0,1.2,0.0,5.3,68.0,93.0,161.0,4.0,0.0,143.0,136.0,143.0,19.0,1.0,1.0
140.0,0.002,0.001,0.007,0.004,0.0,0.0,64.0,1.2,0.0,5.9,68.0,93.0,161.0,2.0,0.0,143.0,135.0,142.0,19.0,1.0,1.0
140.0,0.002,0.001,0.007,0.005,0.0,0.0,64.0,1.2,0.0,6.5,66.0,95.0,161.0,5.0,0.0,143.0,134.0,141.0,21.0,1.0,1.0
140.0,0.002,0.001,0.008,0.004,0.0,0.0,63.0,1.4,0.0,6.6,70.0,93.0,163.0,7.0,0.0,142.0,134.0,141.0,22.0,1.0,1.0
140.0,0.003,0.001,0.007,0.005,0.0,0.0,63.0,1.5,0.0,7.2,153.0,75.0,206.0,9.0,0.0,142.0,120.0,142.0,22.0,0.0,1.0
140.0,0.002,0.003,0.006,0.006,0.0,0.0,62.0,1.6,0.0,9.1,153.0,75.0,206.0,9.0,0.0,142.0,118.0,142.0,20.0,0.0,1.0
140.0,0.002,0.002,0.004,0.005,0.0,0.0,63.0,1.3,1.0,9.1,153.0,75.0,206.0,7.0,0.0,142.0,121.0,143.0,17.0,0.0,1.0
140.0,0.001,0.002,0.006,0.006,0.0,0.0,63.0,1.5,1.0,9.5,163.0,65.0,206.0,5.0,0.5699688092250241,142.0,118.0,141.0,27.0,0.0,1.0
140.0,0.001,0.003,0.005,0.006,0.0,0.0,62.0,1.5,1.0,7.5,163.0,65.0,206.0,5.0,0.5699688092250241,142.0,118.0,142.0,27.0,0.0,1.0
140.0,0.0,0.003,0.005,0.004,0.0,0.0,63.0,1.2,3.0,8.1,94.0,65.0,159.0,3.0,0.5699688092250241,140.0,131.0,139.0,28.0,1.0,1.0
140.0,0.0,0.004,0.005,0.004,0.0,0.0,63.0,1.2,3.0,8.1,94.0,65.0,159.0,2.0,0.5699688092250241,140.0,133.0,140.0,22.0,1.0,1.0
140.0,0.0,0.008,0.006,0.002,0.0,0.0,62.0,2.4,2.0,0.3,56.0,85.0,141.0,3.0,0.0,131.0,123.0,130.0,11.0,1.0,3.0
140.0,0.0,0.003,0.005,0.003,0.0,0.0,63.0,1.7,5.0,4.0,83.0,65.0,148.0,4.0,0.5699688092250241,140.0,127.0,133.0,32.0,1.0,1.0
140.0,0.0,0.004,0.008,0.004,0.0,0.0,64.0,1.3,0.0,6.4,60.0,91.0,151.0,4.0,0.0,139.0,128.0,133.0,21.0,1.0,1.0
133.0,0.001,0.001,0.005,0.005,0.0,0.0,57.0,2.6,0.0,1.5,81.0,83.0,164.0,6.0,0.0,132.0,125.0,132.0,21.0,0.0,1.0
133.0,0.0,0.001,0.009,0.005,0.0,0.0,58.0,2.6,0.0,1.2,66.0,83.0,149.0,4.0,0.0,135.0,123.0,132.0,21.0,1.0,1.0
133.0,0.0,0.002,0.007,0.004,0.0,0.0,60.0,2.2,0.0,1.1,65.0,83.0,148.0,1.0,0.0,135.0,124.0,132.0,19.0,1.0,1.0
133.0,0.0,0.004,0.006,0.004,0.0,0.0,60.0,2.5,0.0,0.0,65.0,83.0,148.0,2.0,0.0,131.0,122.0,130.0,14.0,1.0,1.0
133.0,0.0,0.003,0.009,0.004,0.0,0.0,61.0,2.5,0.0,0.1,62.0,86.0,148.0,2.0,0.0,133.0,123.0,130.0,14.0,1.0,1.0
133.0,0.0,0.004,0.008,0.003,0.0,0.0,61.0,2.9,0.0,0.1,49.0,93.0,142.0,3.0,0.0,133.0,124.0,132.0,9.0,1.0,1.0
133.0,0.0,0.003,0.009,0.003,0.0,0.0,63.0,2.4,0.0,0.1,39.0,103.0,142.0,2.0,0.0,133.0,125.0,131.0,8.0,1.0,1.0
133.0,0.0,0.003,0.009,0.003,0.0,0.0,63.0,2.3,0.0,0.5,36.0,103.0,139.0,2.0,0.0,133.0,124.0,130.0,8.0,1.0,1.0
133.0,0.0,0.003,0.009,0.003,0.0,0.0,63.0,2.2,0.0,0.5,36.0,103.0,139.0,1.0,0.0,133.0,124.0,130.0,8.0,1.0,1.0
133.0,0.0,0.004,0.008,0.004,0.0,0.0,62.0,2.2,0.0,0.5,48.0,97.0,145.0,2.0,0.0,133.0,123.0,129.0,11.0,1.0,1.0
133.0,0.0,0.003,0.007,0.003,0.0,0.0,62.0,2.1,0.0,2.3,74.0,88.0,162.0,4.0,0.0,133.0,124.0,130.0,12.0,0.0,1.0
133.0,0.0,0.004,0.006,0.004,0.0,0.0,62.0,2.1,0.0,1.6,98.0,64.0,162.0,2.0,0.0,133.0,122.0,129.0,25.0,0.0,1.0
133.0,0.0,0.003,0.005,0.004,0.0,0.0,62.0,2.0,0.0,1.6,100.0,62.0,162.0,3.0,0.0,133.0,119.0,128.0,44.0,0.0,1.0
133.0,0.0,0.004,0.005,0.004,0.0,0.0,62.0,2.2,0.0,2.0,103.0,62.0,165.0,3.0,0.0,129.0,117.0,128.0,44.0,0.0,1.0
133.0,0.0,0.001,0.006,0.003,0.0,0.0,60.0,2.2,0.0,5.0,105.0,60.0,165.0,5.0,0.0,100.0,104.0,108.0,52.0,0.0,3.0
133.0,0.0,0.001,0.006,0.003,0.0,0.0,62.0,1.9,0.0,4.2,105.0,60.0,165.0,4.0,0.0,128.0,108.0,116.0,71.0,0.0,3.0
133.0,0.0,0.001,0.005,0.003,0.0,0.0,61.0,2.3,0.0,5.0,105.0,60.0,165.0,4.0,0.0,128.0,103.0,116.0,70.0,0.0,3.0
133.0,0.0,0.001,0.005,0.003,0.0,0.0,60.0,2.8,0.0,8.1,105.0,60.0,165.0,5.0,0.0,100.0,98.0,107.0,45.0,0.0,3.0
133.0,0.0,0.001,0.006,0.002,0.0,0.0,60.0,2.7,0.0,8.2,105.0,60.0,165.0,5.0,0.0,119.0,100.0,112.0,53.0,0.0,3.0
133.0,0.0,0.001,0.006,0.002,0.0,0.0,60.0,2.8,0.0,7.7,105.0,60.0,165.0,5.0,0.0,119.0,100.0,111.0,53.0,0.0,3.0
133.0,0.0,0.001,0.006,0.001,0.0,0.0,60.0,3.1,0.0,9.5,105.0,60.0,165.0,7.0,0.0,93.0,98.0,107.0,57.0,0.0,3.0
133.0,0.0,0.0,0.007,0.001,0.0,0.0,60.0,3.2,0.0,0.0,105.0,60.0,165.0,6.0,0.0,93.0,94.0,102.0,42.0,0.0,3.0
133.0,0.0,0.0,0.01,0.002,0.0,0.0,60.0,3.0,0.0,0.0,105.0,60.0,165.0,5.0,0.0,125.0,97.0,105.0,76.0,0.0,3.0
133.0,0.0,0.0,0.012,0.001,0.0,0.0,60.0,3.0,0.0,0.0,97.0,58.0,155.0,4.0,0.0,125.0,96.0,105.0,76.0,0.0,3.0
133.0,0.0,0.0,0.01,0.003,0.0,0.0,60.0,3.3,0.0,0.0,81.0,58.0,139.0,2.0,0.0,125.0,96.0,111.0,75.0,1.0,3.0
133.0,0.0,0.0,0.01,0.003,0.0,0.0,60.0,3.0,0.0,0.0,104.0,58.0,162.0,5.0,0.0,125.0,95.0,103.0,76.0,0.0,3.0
133.0,0.0,0.0,0.01,0.003,0.0,0.0,61.0,2.8,0.0,0.0,105.0,57.0,162.0,6.0,0.0,125.0,96.0,103.0,76.0,0.0,3.0
133.0,0.001,0.0,0.009,0.004,0.0,0.0,60.0,2.8,0.0,0.0,127.0,57.0,184.0,8.0,0.0,125.0,98.0,104.0,76.0,0.0,3.0
133.0,0.001,0.0,0.009,0.003,0.0,0.0,61.0,2.6,0.0,0.0,132.0,52.0,184.0,7.0,0.0,125.0,96.0,102.0,76.0,0.0,3.0
133.0,0.0,0.0,0.004,0.004,0.0,0.0,63.0,1.9,0.0,0.0,104.0,62.0,166.0,5.0,0.0,89.06103488156756,93.0,92.0,74.0,-1.0,3.0
133.0,0.001,0.0,0.009,0.004,0.0,0.0,63.0,2.1,0.0,0.0,133.0,52.0,185.0,4.0,0.0,125.0,94.0,97.0,76.0,-1.0,3.0
133.0,0.001,0.0,0.008,0.004,0.0,0.0,62.0,2.2,0.0,0.0,133.0,52.0,185.0,5.0,0.0,125.0,100.0,108.0,76.0,0.0,3.0
133.0,0.001,0.0,0.01,0.004,0.0,0.0,61.0,2.7,0.0,0.0,132.0,52.0,184.0,5.0,0.0,125.0,96.0,110.0,76.0,0.0,3.0
133.0,0.0,0.0,0.01,0.003,0.0,0.0,61.0,2.8,0.0,0.0,98.0,57.0,155.0,4.0,0.0,125.0,95.0,103.0,76.0,0.0,3.0
138.0,0.005,0.0,0.006,0.0,0.0,0.0,58.0,0.6,0.0,14.4,50.0,133.0,183.0,1.0,0.0,152.0,157.0,155.0,17.0,0.0,1.0
138.0,0.005,0.0,0.005,0.0,0.0,0.0,58.0,0.6,0.0,17.555315838805065,46.0,137.0,183.0,3.0,0.0,149.0,160.0,161.0,27.0,1.0,1.0
138.0,0.005,0.0,0.005,0.0,0.0,0.0,57.0,0.7,0.0,3.7,48.0,135.0,183.0,3.0,0.0,152.0,160.0,161.0,21.0,1.0,1.0
138.0,0.005,0.0,0.006,0.0,0.0,0.0,57.0,0.8,0.0,3.8,51.0,127.0,178.0,3.0,0.0,149.0,150.0,150.0,10.0,0.0,1.0
138.0,0.005,0.0,0.005,0.0,0.0,0.0,57.0,0.8,0.0,7.3,41.0,127.0,168.0,2.0,0.0,148.0,145.0,148.0,6.0,0.0,1.0
138.0,0.005,0.0,0.004,0.0,0.0,0.0,59.0,0.7,0.0,8.5,43.0,125.0,168.0,1.0,0.0,148.0,145.0,147.0,6.0,0.0,1.0
138.0,0.005,0.0,0.005,0.0,0.0,0.0,59.0,0.8,0.0,8.0,43.0,125.0,168.0,2.0,0.0,148.0,143.0,145.0,7.0,0.0,1.0
138.0,0.005,0.0,0.005,0.0,0.0,0.0,59.0,0.8,0.0,7.7,43.0,125.0,168.0,3.0,0.0,148.0,144.0,146.0,6.0,0.0,1.0
138.0,0.005,0.0,0.004,0.0,0.0,0.0,60.0,0.7,0.0,7.7,43.0,125.0,168.0,1.0,0.0,148.0,145.0,146.0,6.0,0.0,1.0
138.0,0.005,0.002,0.003,0.0,0.0,0.0,60.0,0.8,0.0,7.4,43.0,125.0,168.0,1.0,0.0,148.0,144.0,147.0,6.0,0.0,1.0
135.0,0.005,0.002,0.004,0.0,0.0,0.0,60.0,0.9,0.0,0.5,44.0,124.0,168.0,3.0,0.0,148.0,144.0,147.0,6.0,0.0,1.0
135.0,0.005,0.002,0.004,0.0,0.0,0.0,60.0,0.9,0.0,0.4,44.0,124.0,168.0,3.0,0.0,148.0,144.0,146.0,6.0,0.0,1.0
135.0,0.005,0.002,0.002,0.0,0.0,0.0,59.0,1.0,0.0,0.5,39.0,124.0,163.0,1.0,0.0,148.0,143.0,146.0,6.0,0.0,1.0
135.0,0.005,0.002,0.004,0.0,0.0,0.0,60.0,0.9,0.0,0.5,39.0,124.0,163.0,1.0,0.0,148.0,143.0,146.0,6.0,0.0,1.0
135.0,0.005,0.002,0.006,0.0,0.0,0.0,60.0,0.9,0.0,3.8,39.0,124.0,163.0,2.0,0.0,148.0,143.0,146.0,6.0,0.0,1.0
135.0,0.005,0.002,0.006,0.0,0.0,0.0,60.0,1.0,0.0,5.2,40.0,123.0,163.0,0.0,0.0,148.0,142.0,145.0,7.0,0.0,1.0
135.0,0.005,0.002,0.006,0.0,0.0,0.0,62.0,0.9,1.0,8.2,41.0,119.0,160.0,1.0,0.0,148.0,142.0,146.0,8.0,0.0,1.0
135.0,0.005,0.002,0.008,0.0,0.0,0.0,63.0,0.8,0.0,9.5,40.0,120.0,160.0,1.0,0.0,147.0,141.0,145.0,6.0,0.0,1.0
135.0,0.005,0.0,0.002,0.0,0.0,0.0,63.0,0.8,0.0,9.9,41.0,119.0,160.0,1.0,0.0,147.0,141.0,143.0,7.0,0.0,1.0
135.0,0.003,0.0,0.002,0.0,0.0,0.0,64.0,0.7,0.0,9.5,41.0,119.0,160.0,2.0,0.0,147.0,141.0,143.0,7.0,0.0,1.0
135.0,0.002,0.0,0.003,0.0,0.0,0.0,64.0,0.6,0.0,10.2,41.0,119.0,160.0,3.0,0.0,147.0,141.0,143.0,7.0,0.0,1.0
135.0,0.001,0.0,0.003,0.0,0.0,0.0,65.0,0.6,0.0,10.3,38.0,119.0,157.0,4.0,0.0,147.0,141.0,143.0,6.0,0.0,1.0
135.0,0.005,0.001,0.004,0.0,0.0,0.0,61.0,0.8,0.0,6.7,48.0,120.0,168.0,2.0,0.0,148.0,143.0,145.0,6.0,0.0,1.0
135.0,0.005,0.0,0.004,0.0,0.0,0.0,58.0,0.8,0.0,7.5,50.0,121.0,171.0,3.0,0.0,147.0,146.0,147.0,8.0,0.0,1.0
135.0,0.005,0.0,0.005,0.0,0.0,0.0,58.0,0.8,0.0,6.9,50.0,121.0,171.0,2.0,0.0,148.0,146.0,147.0,8.0,0.0,1.0
135.0,0.005,0.0,0.004,0.0,0.0,0.0,58.0,1.0,0.0,5.6,43.0,121.0,164.0,3.0,0.0,147.0,144.0,146.0,6.0,0.0,1.0
135.0,0.005,0.0,0.001,0.0,0.0,0.0,58.0,1.1,0.0,4.3,53.0,111.0,164.0,3.0,0.0,141.0,143.0,145.0,8.0,0.0,1.0
135.0,0.005,0.0,0.0,0.0,0.0,0.0,58.0,1.2,0.0,5.2,51.0,111.0,162.0,2.0,0.0,141.0,141.0,143.0,6.0,0.0,1.0
135.0,0.005,0.0,0.005,0.0,0.0,0.0,58.0,1.0,0.0,4.7,58.0,113.0,171.0,3.0,0.0,141.0,144.0,146.0,10.0,0.0,1.0
125.0,0.0,0.0,0.007,0.007500000000000001,0.0,0.0,62.0,1.6,0.0,1.5,73.0,68.0,141.0,7.0,0.0,129.0,117.0,125.0,32.0,1.0,1.0
125.0,0.0,0.0,0.007,0.007500000000000001,0.0,0.0,62.0,1.7,0.0,1.2,73.0,68.0,141.0,9.0,0.0,128.0,117.0,126.0,29.0,1.0,1.0
125.0,0.0,0.0,0.007,0.007500000000000001,0.0,0.0,62.0,1.4,0.0,1.4,73.0,68.0,141.0,8.0,0.0,128.0,117.0,125.0,30.0,1.0,1.0
125.0,0.0,0.0,0.008,0.007500000000000001,0.0,0.0,62.0,1.3,0.0,1.3,70.0,68.0,138.0,6.0,0.0,128.0,117.0,124.0,25.0,1.0,1.0
125.0,0.0,0.001,0.007,0.007,0.0,0.0,62.0,1.9,0.0,1.6,70.0,68.0,138.0,6.0,0.0,130.0,118.0,127.0,25.0,1.0,1.0
125.0,0.0,0.001,0.009,0.007500000000000001,0.0,0.0,63.0,1.6,0.0,1.7,70.0,68.0,138.0,4.0,0.0,130.0,116.0,124.0,32.0,1.0,1.0
125.0,0.0,0.001,0.009,0.007500000000000001,0.0,0.0,62.0,1.7,0.0,1.1,72.0,68.0,140.0,5.0,0.0,130.0,116.0,125.0,29.0,1.0,1.0
125.0,0.0,0.001,0.008,0.007500000000000001,0.0,0.0,62.0,1.7,0.0,1.3,69.0,71.0,140.0,8.0,0.0,130.0,117.0,125.0,30.0,1.0,1.0
125.0,0.001,0.001,0.008,0.007,0.0,0.0,62.0,1.6,0.0,4.8,82.0,71.0,153.0,5.0,0.0,130.0,118.0,125.0,30.0,0.0,1.0
125.0,0.0,0.001,0.007,0.007,0.0,0.0,61.0,1.8,0.0,5.1,73.0,74.0,147.0,4.0,0.0,130.0,117.0,125.0,26.0,1.0,1.0
125.0,0.005,0.002,0.009,0.004,0.0,0.0,59.0,2.1,0.0,7.8,90.0,74.0,164.0,8.0,0.5699688092250241,131.0,122.0,126.0,27.0,0.0,1.0
125.0,0.005,0.002,0.006,0.006,0.0,0.0,60.0,1.9,0.0,6.7,90.0,74.0,164.0,6.0,0.5699688092250241,130.0,121.0,124.0,26.0,0.0,1.0
125.0,0.005,0.002,0.006,0.007500000000000001,0.0,0.0,60.0,1.3,0.0,7.5,96.0,68.0,164.0,6.0,0.5699688092250241,110.0,120.0,120.0,34.0,0.0,1.0
125.0,0.004,0.001,0.006,0.007500000000000001,0.0,0.0,61.0,1.2,0.0,6.9,96.0,68.0,164.0,5.0,0.5699688092250241,110.0,118.0,119.0,30.0,0.0,1.0
125.0,0.002,0.002,0.009,0.007500000000000001,0.0,0.0,63.0,1.2,0.0,0.8,100.0,64.0,164.0,8.0,0.5699688092250241,114.0,114.0,117.0,15.0,0.0,1.0
125.0,0.001,0.001,0.008,0.007500000000000001,0.0,0.0,63.0,1.1,0.0,4.1,100.0,64.0,164.0,5.0,0.5699688092250241,116.0,114.0,117.0,13.0,0.0,1.0
125.0,0.0,0.001,0.008,0.007500000000000001,0.0,0.0,65.0,1.1,0.0,5.5,76.0,64.0,140.0,5.0,0.5699688092250241,116.0,111.0,115.0,9.0,1.0,1.0
125.0,0.0,0.001,0.008,0.007500000000000001,0.0,0.0,65.0,1.0,0.0,5.2,76.0,64.0,140.0,4.0,0.5699688092250241,116.0,111.0,115.0,10.0,0.0,1.0
125.0,0.0,0.001,0.009,0.007500000000000001,0.0,0.0,64.0,1.1,0.0,5.0,82.0,64.0,146.0,5.0,0.5699688092250241,116.0,110.0,115.0,10.0,0.0,1.0
125.0,0.0,0.0,0.009,0.006,0.0,0.0,65.0,1.0,0.0,5.6,82.0,64.0,146.0,6.0,0.5699688092250241,116.0,110.0,115.0,9.0,0.0,1.0
125.0,0.0,0.0,0.008,0.007,0.0,0.0,65.0,1.0,0.0,5.8,82.0,64.0,146.0,7.0,0.5699688092250241,117.0,111.0,116.0,9.0,0.0,1.0
125.0,0.0,0.0,0.009,0.006,0.0,0.0,65.0,1.1,0.0,7.3,82.0,64.0,146.0,5.0,0.5699688092250241,116.0,111.0,116.0,9.0,0.0,1.0
125.0,0.0,0.0,0.009,0.007,0.0,0.0,65.0,1.3,0.0,6.5,82.0,64.0,146.0,5.0,0.5699688092250241,116.0,111.0,116.0,8.0,0.0,1.0
125.0,0.0,0.0,0.01,0.005,0.0,0.0,65.0,1.2,0.0,6.3,70.0,76.0,146.0,3.0,0.0,116.0,111.0,114.0,8.0,0.0,1.0
125.0,0.0,0.0,0.006,0.006,0.0,0.0,65.0,1.3,0.0,3.0,77.0,78.0,155.0,4.0,0.0,110.0,111.0,113.0,8.0,0.0,1.0
125.0,0.0,0.0,0.008,0.007,0.0,0.0,64.0,1.3,0.0,2.6,77.0,78.0,155.0,4.0,0.0,114.0,111.0,114.0,7.0,0.0,1.0
125.0,0.0,0.0,0.008,0.007,0.0,0.0,64.0,1.4,0.0,2.7,77.0,78.0,155.0,4.0,0.0,107.0,111.0,113.0,11.0,0.0,1.0
125.0,0.0,0.0,0.007,0.007500000000000001,0.0,0.0,64.0,1.4,0.0,2.4,90.0,65.0,155.0,6.0,0.0,111.0,111.0,114.0,8.0,0.0,1.0
125.0,0.0,0.0,0.007,0.007500000000000001,0.0,0.0,64.0,1.3,0.0,1.9,90.0,65.0,155.0,5.0,0.0,111.0,111.0,113.0,7.0,0.0,1.0
125.0,0.0,0.0,0.008,0.007500000000000001,0.0,0.0,65.0,1.3,0.0,1.7,90.0,65.0,155.0,5.0,0.0,111.0,111.0,113.0,7.0,0.0,1.0
129.0,0.0,0.002,0.005,0.007500000000000001,0.0,0.0,58.0,3.8999999999999995,0.0,0.0,158.0,72.0,206.0,10.0,0.5699688092250241,111.0,88.0,126.0,33.0,-1.0,1.0
129.0,0.0,0.002,0.005,0.007500000000000001,0.0,0.0,58.0,3.8999999999999995,0.0,0.0,158.0,72.0,206.0,10.0,0.5699688092250241,113.0,90.0,124.0,28.0,-1.0,1.0
129.0,0.0,0.0,0.006,0.007500000000000001,0.0,0.0,65.0,2.6,0.0,0.0,101.0,50.0,151.0,9.0,0.5699688092250241,105.0,91.0,113.0,13.0,0.0,3.0
129.0,0.0,0.001,0.006,0.007500000000000001,0.0,0.0,65.0,2.8,0.0,0.0,101.0,50.0,151.0,7.0,0.5699688092250241,105.0,88.0,112.0,13.0,0.0,3.0
129.0,0.0,0.001,0.006,0.007500000000000001,0.0,0.0,65.0,2.8,0.0,0.0,101.0,50.0,151.0,7.0,0.5699688092250241,105.0,86.0,112.0,13.0,0.0,3.0
129.0,0.0,0.001,0.005,0.007500000000000001,0.0,0.0,65.0,2.9,0.0,0.0,101.0,50.0,151.0,6.0,0.5699688092250241,105.0,84.0,111.0,12.0,0.0,3.0
129.0,0.0,0.001,0.007,0.007,0.0,0.0,65.0,3.1,0.0,0.0,180.0,50.0,206.0,10.0,0.5699688092250241,105.0,83.0,112.0,14.0,-1.0,3.0
129.0,0.0,0.001,0.006,0.006,0.0,0.0,66.0,2.9,0.0,0.0,94.0,50.0,144.0,8.0,0.0,105.0,85.0,109.0,11.0,0.0,3.0
129.0,0.0,0.001,0.006,0.005,0.0,0.0,66.0,2.8,0.0,0.0,94.0,50.0,144.0,6.0,0.0,105.0,85.0,110.0,11.0,0.0,3.0
129.0,0.0,0.001,0.006,0.006,0.0,0.0,66.0,3.2,0.0,0.0,96.0,50.0,146.0,8.0,0.0,105.0,82.0,108.0,10.0,0.0,3.0
129.0,0.0,0.001,0.007,0.006,0.0,0.0,67.0,3.2,0.0,0.0,80.0,66.0,146.0,7.0,0.0,105.0,80.78463193847622,107.0,9.0,0.0,3.0
129.0,0.0,0.001,0.006,0.005,0.0,0.0,67.0,3.3,0.0,0.0,129.0,63.0,192.0,7.0,0.0,105.0,80.78463193847622,107.0,14.0,-1.0,3.0
128.0,0.0,0.001,0.008,0.005,0.0,0.0,66.0,2.9,0.0,0.0,129.0,63.0,192.0,6.0,0.5699688092250241,103.0,84.0,110.0,20.0,-1.0,3.0
128.0,0.0,0.002,0.007,0.005,0.0,0.0,65.0,2.6,0.0,0.0,129.0,63.0,192.0,6.0,0.0,103.0,92.0,114.0,28.0,0.0,3.0
128.0,0.0,0.002,0.007,0.005,0.0,0.0,66.0,2.7,0.0,0.0,129.0,63.0,192.0,4.0,0.0,105.0,89.0,112.0,21.0,0.0,3.0
128.0,0.0,0.002,0.007,0.006,0.0,0.0,65.0,2.5,0.0,0.0,129.0,63.0,192.0,6.0,0.0,104.0,94.0,115.0,28.0,0.0,3.0
128.0,0.0,0.003,0.007,0.006,0.0,0.0,65.0,2.5,0.0,0.0,129.0,63.0,192.0,5.0,0.0,114.0,97.0,116.0,25.0,0.0,3.0
128.0,0.0,0.004,0.008,0.007500000000000001,0.0,0.0,64.0,2.0,0.0,0.0,100.0,71.0,171.0,4.0,0.5699688092250241,122.0,112.0,123.0,20.0,0.0,1.0
128.0,0.0,0.007,0.007,0.007,0.0,0.0,64.0,2.2,0.0,0.0,84.0,87.0,171.0,5.0,0.5699688092250241,129.0,118.0,125.0,13.0,0.0,1.0
128.0,0.0,0.007,0.007,0.007,0.0,0.0,65.0,2.0,0.0,1.1,84.0,87.0,171.0,3.0,0.5699688092250241,129.0,119.0,127.0,13.0,0.0,1.0
128.0,0.0,0.005,0.008,0.007500000000000001,0.0,0.0,63.0,2.4,0.0,1.1,107.0,64.0,171.0,6.0,0.0,129.0,114.0,127.0,18.0,0.0,1.0
128.0,0.0,0.006,0.009,0.007500000000000001,0.0,0.0,63.0,2.5,0.0,1.2,107.0,64.0,171.0,4.0,0.5699688092250241,129.0,115.0,128.0,17.0,0.0,1.0
128.0,0.0,0.006,0.009,0.007500000000000001,0.0,0.0,63.0,2.7,0.0,1.3,96.0,64.0,160.0,6.0,0.5699688092250241,129.0,111.0,128.0,21.0,0.0,1.0
128.0,0.0,0.007,0.008,0.007500000000000001,0.0,0.0,63.0,3.0,0.0,1.5,96.0,64.0,160.0,5.0,0.5699688092250241,127.0,109.0,128.0,24.0,0.0,1.0
128.0,0.0,0.008,0.007,0.007500000000000001,0.0,0.0,63.0,2.8,0.0,1.4,96.0,64.0,160.0,3.0,0.0,127.0,114.0,129.0,16.0,0.0,1.0
128.0,0.0,0.0,0.008,0.007500000000000001,0.0,0.0,63.0,3.8999999999999995,0.0,0.0,90.0,66.0,156.0,5.0,0.0,89.06103488156756,80.78463193847622,118.0,76.0,0.0,3.0
125.0,0.005,0.01,0.007,0.0,0.0,0.0,66.0,3.8999999999999995,5.0,0.3,23.0,123.0,146.0,0.0,0.0,133.0,126.0,134.0,1.0,0.0,1.0
128.0,0.0,0.002,0.002,0.0,0.0,0.0,70.0,1.9,16.0,4.1,20.0,119.0,139.0,2.0,0.0,130.0,127.0,131.0,1.0,0.0,1.0
127.0,0.003,0.01,0.005,0.0,0.0,0.0,66.0,3.8999999999999995,5.0,0.3,23.0,123.0,146.0,0.0,0.0,133.0,126.0,134.0,0.0,0.0,1.0
127.0,0.003,0.003,0.007,0.0,0.0,0.0,65.0,1.2,44.0,3.0,26.0,120.0,146.0,2.0,0.0,126.0,126.0,128.0,1.0,-1.0,1.0
127.0,0.003,0.003,0.007,0.0,0.0,0.0,65.0,1.2,46.0,3.0,26.0,120.0,146.0,2.0,0.0,126.0,126.0,128.0,1.0,-1.0,1.0
127.0,0.0,0.0,0.005,0.0,0.0,0.0,65.0,0.7,55.0,3.5,13.0,120.0,133.0,1.0,0.0,126.0,126.0,127.0,0.0,0.0,1.0
127.0,0.0,0.001,0.005,0.0,0.0,0.0,62.0,0.7,58.0,4.1,20.0,120.0,140.0,1.0,0.0,126.0,125.0,126.0,0.0,-1.0,1.0
127.0,0.0,0.001,0.005,0.0,0.0,0.0,63.0,0.7,59.0,4.0,20.0,120.0,140.0,2.0,0.0,126.0,125.0,127.0,0.0,-1.0,1.0
127.0,0.0,0.001,0.006,0.0,0.0,0.0,62.0,0.7,64.0,4.1,20.0,120.0,140.0,1.0,0.0,124.0,125.0,126.0,1.0,-1.0,1.0
127.0,0.0,0.001,0.006,0.0,0.0,0.0,60.0,0.7,60.0,4.1,20.0,120.0,140.0,2.0,0.0,122.0,124.0,125.0,1.0,-1.0,1.0
127.0,0.0,0.001,0.006,0.0,0.0,0.0,60.0,0.6,61.0,4.2,20.0,120.0,140.0,2.0,0.0,123.0,124.0,125.0,0.0,-1.0,1.0
127.0,0.0,0.0,0.006,0.0,0.0,0.0,62.0,0.5,73.0,4.0,12.0,119.0,131.0,1.0,0.0,123.0,124.0,125.0,0.0,0.0,1.0
127.0,0.0,0.0,0.005,0.0,0.0,0.0,63.0,0.5,71.0,4.0,12.0,119.0,131.0,1.0,0.0,123.0,123.0,124.0,0.0,0.0,1.0
127.0,0.0,0.0,0.006,0.0,0.0,0.0,65.0,0.4,67.0,4.3,12.0,119.0,131.0,1.0,0.0,123.0,124.0,125.0,0.0,0.0,1.0
127.0,0.0,0.0,0.006,0.0,0.0,0.0,70.0,0.4,63.0,4.1,18.0,119.0,137.0,2.0,0.0,123.0,125.0,126.0,1.0,0.0,1.0
127.0,0.0,0.001,0.006,0.0,0.0,0.0,71.0,0.9,52.0,3.8,18.0,119.0,137.0,2.0,0.0,129.0,125.0,128.0,1.0,0.0,1.0
127.0,0.0,0.001,0.005,0.0,0.0,0.0,66.0,0.8,58.0,4.1,19.0,120.0,139.0,1.0,0.0,123.0,125.0,127.0,1.0,-1.0,1.0
130.0,0.005,0.003,0.008,0.0,0.0,0.0,65.0,1.7,0.0,1.3,45.0,112.0,157.0,4.0,0.0,136.0,135.0,138.0,3.0,0.0,1.0
130.0,0.005,0.0,0.004,0.0,0.0,0.0,67.0,1.1,0.0,1.0,45.0,112.0,157.0,5.0,0.0,137.0,136.0,138.0,2.0,0.0,1.0
130.0,0.005,0.001,0.002,0.0,0.0,0.0,66.0,1.2,0.0,1.0,45.0,112.0,157.0,6.0,0.0,137.0,136.0,138.0,2.0,0.0,1.0
130.0,0.005,0.001,0.0,0.0,0.0,0.0,67.0,0.9,0.0,1.2,45.0,112.0,157.0,4.0,0.0,137.0,137.0,139.0,3.0,0.0,1.0
130.0,0.005,0.001,0.0,0.0,0.0,0.0,67.0,0.9,0.0,2.8,46.0,112.0,158.0,4.0,0.0,137.0,138.0,139.0,4.0,0.0,1.0
130.0,0.005,0.001,0.005,0.0,0.0,0.0,69.0,0.7,5.0,4.2,46.0,112.0,158.0,4.0,0.0,139.0,139.0,140.0,3.0,0.0,1.0
130.0,0.005,0.001,0.001,0.0,0.0,0.0,70.0,0.7,6.0,4.4,31.0,127.0,158.0,1.0,0.0,139.0,140.0,141.0,3.0,0.0,1.0
130.0,0.005,0.001,0.001,0.0,0.0,0.0,71.0,0.7,5.0,3.8,31.0,127.0,158.0,1.0,0.0,139.0,139.0,140.0,3.0,0.0,1.0
130.0,0.005,0.001,0.005,0.0,0.0,0.0,70.0,0.7,6.0,4.3,31.0,127.0,158.0,1.0,0.0,139.0,140.0,141.0,3.0,0.0,1.0
130.0,0.005,0.001,0.001,0.0,0.0,0.0,71.0,0.7,10.0,4.0,31.0,127.0,158.0,1.0,0.0,139.0,140.0,141.0,3.0,0.0,1.0
130.0,0.005,0.001,0.001,0.0,0.0,0.0,72.0,0.9,9.0,4.8,31.0,127.0,158.0,1.0,0.0,139.0,139.0,141.0,3.0,0.0,1.0
130.0,0.005,0.001,0.001,0.0,0.0,0.0,72.0,0.9,8.0,4.4,31.0,127.0,158.0,2.0,0.0,139.0,139.0,140.0,3.0,0.0,1.0
130.0,0.005,0.0,0.001,0.0,0.0,0.0,73.0,0.6,9.0,5.0,32.0,126.0,158.0,2.0,0.0,139.0,140.0,141.0,3.0,0.0,1.0
130.0,0.004,0.0,0.001,0.0,0.0,0.0,75.0,0.6,10.0,5.4,32.0,126.0,158.0,3.0,0.0,139.0,139.0,140.0,3.0,0.0,1.0
130.0,0.003,0.002,0.001,0.0,0.0,0.0,74.0,1.3,8.0,5.0,32.0,126.0,158.0,3.0,0.0,139.0,137.0,140.0,3.0,0.0,1.0
130.0,0.0,0.008,0.005,0.0,0.0,0.0,73.0,2.9,0.0,2.2,27.0,124.0,151.0,2.0,0.0,132.0,127.0,133.0,1.0,-1.0,1.0
130.0,0.0,0.009,0.006,0.0,0.0,0.0,72.0,2.6,5.0,1.5,27.0,124.0,151.0,1.0,0.0,130.0,127.0,131.0,1.0,-1.0,1.0
130.0,0.0,0.009,0.008,0.0,0.0,0.0,73.0,2.1,12.0,1.4,27.0,124.0,151.0,2.0,0.0,128.0,127.0,130.0,1.0,-1.0,1.0
128.0,0.001,0.006,0.006,0.0,0.0,0.0,76.0,1.7,25.0,1.9,22.0,124.0,146.0,2.0,0.0,128.0,127.0,130.0,1.0,-1.0,1.0
128.0,0.001,0.003,0.006,0.0,0.0,0.0,78.0,1.2,35.0,2.4,27.0,124.0,151.0,2.0,0.0,128.0,127.0,130.0,1.0,-1.0,1.0
133.0,0.0,0.003,0.006,0.0,0.0,0.0,74.0,1.3,28.0,3.9,31.0,119.0,150.0,7.0,0.0,136.0,134.0,137.0,1.0,0.0,2.0
133.0,0.0,0.001,0.006,0.0,0.0,0.0,78.0,0.3,73.0,3.5,22.0,132.0,154.0,2.0,0.0,136.0,136.0,138.0,0.0,-1.0,1.0
133.0,0.0,0.001,0.006,0.0,0.0,0.0,79.0,0.5,70.0,3.1,10.0,131.0,141.0,1.0,0.0,136.0,135.0,137.0,0.0,0.0,1.0
133.0,0.0,0.001,0.005,0.0,0.0,0.0,78.0,0.8,59.0,2.6,13.0,131.0,144.0,1.0,0.0,136.0,134.0,136.0,0.0,-1.0,1.0
133.0,0.0,0.001,0.005,0.0,0.0,0.0,78.0,0.8,44.0,3.6,14.0,130.0,144.0,1.0,0.0,136.0,134.0,137.0,0.0,0.0,1.0
133.0,0.0,0.001,0.005,0.0,0.0,0.0,77.0,0.9,34.0,4.4,17.0,130.0,147.0,1.0,0.0,136.0,135.0,137.0,0.0,0.0,1.0
133.0,0.0,0.001,0.004,0.0,0.0,0.0,76.0,0.8,29.0,5.3,17.0,130.0,147.0,1.0,0.0,136.0,135.0,137.0,0.0,0.0,1.0
133.0,0.0,0.001,0.003,0.0,0.0,0.0,77.0,0.8,16.0,5.8,17.0,130.0,147.0,1.0,0.0,135.0,135.0,137.0,1.0,0.0,1.0
133.0,0.0,0.001,0.004,0.0,0.0,0.0,76.0,0.6,12.0,6.8,17.0,130.0,147.0,0.0,0.0,136.0,136.0,138.0,1.0,0.0,1.0
133.0,0.0,0.0,0.004,0.0,0.0,0.0,75.0,0.4,13.0,7.2,26.0,129.0,155.0,1.0,0.0,136.0,137.0,139.0,1.0,0.0,1.0
133.0,0.0,0.0,0.007,0.0,0.0,0.0,75.0,0.4,15.0,6.7,26.0,129.0,155.0,2.0,0.0,136.0,137.0,139.0,1.0,0.0,1.0
133.0,0.0,0.0,0.005,0.0,0.0,0.0,75.0,0.6,20.0,4.7,26.0,129.0,155.0,2.0,0.0,136.0,136.0,138.0,0.0,-1.0,1.0
133.0,0.0,0.004,0.006,0.0,0.0,0.0,73.0,1.6,14.0,3.2,32.0,123.0,155.0,3.0,0.0,136.0,133.0,137.0,1.0,0.0,1.0
133.0,0.0,0.009,0.005,0.0,0.0,0.0,72.0,2.1,11.0,2.5,60.0,91.0,151.0,10.0,0.0,136.0,132.0,136.0,1.0,1.0,1.0
133.0,0.0,0.01,0.005,0.0,0.0,0.0,70.0,2.7,4.0,1.5,60.0,91.0,151.0,8.0,0.5699688092250241,134.0,130.0,135.0,1.0,1.0,1.0
133.0,0.0,0.009,0.008,0.0,0.0,0.0,69.0,3.0,1.0,1.2,57.0,91.0,148.0,8.0,0.0,134.0,128.0,134.0,2.0,1.0,1.0
133.0,0.0,0.006,0.007,0.0,0.0,0.0,68.0,3.0,1.0,1.3,57.0,91.0,148.0,8.0,0.0,133.0,129.0,134.0,2.0,1.0,1.0
133.0,0.0,0.001,0.008,0.0,0.0,0.0,70.0,2.0,6.0,2.5,68.0,91.0,159.0,7.0,0.5699688092250241,133.0,132.0,135.0,3.0,0.0,1.0
136.0,0.0,0.0,0.009,0.0,0.0,0.0,78.0,0.4,27.0,4.6,43.0,112.0,155.0,4.0,0.0,138.0,137.0,139.0,0.0,0.0,1.0
136.0,0.0,0.0,0.009,0.0,0.0,0.0,79.0,0.2,40.0,5.1,20.0,129.0,149.0,2.0,0.0,138.0,138.0,139.0,0.0,0.0,1.0
136.0,0.0,0.001,0.008,0.0,0.0,0.0,78.0,0.4,36.0,7.1,36.0,113.0,149.0,3.0,0.0,139.0,137.0,139.0,1.0,1.0,1.0
136.0,0.0,0.001,0.006,0.0,0.0,0.0,74.0,1.0,21.0,7.0,42.0,107.0,149.0,2.0,0.0,137.0,135.0,138.0,1.0,1.0,1.0
136.0,0.0,0.003,0.008,0.001,0.0,0.0,67.0,2.2,0.0,4.4,45.0,100.0,145.0,3.0,0.0,133.0,131.0,136.0,2.0,1.0,1.0
136.0,0.0,0.001,0.008,0.001,0.0,0.0,67.0,1.9,0.0,5.3,45.0,100.0,145.0,2.0,0.0,135.0,132.0,136.0,2.0,1.0,1.0
136.0,0.0,0.004,0.008,0.007,0.0,0.0,64.0,2.2,0.0,3.0,85.0,67.0,152.0,5.0,0.0,134.0,119.0,131.0,45.0,1.0,1.0
136.0,0.0,0.004,0.009,0.007500000000000001,0.0,0.0,63.0,2.2,0.0,1.9,86.0,67.0,153.0,6.0,0.0,134.0,112.0,123.0,71.0,1.0,1.0
136.0,0.0,0.005,0.006,0.007500000000000001,0.0,0.0,63.0,2.2,0.0,5.0,85.0,67.0,152.0,6.0,0.0,134.0,116.0,128.0,53.0,1.0,1.0
136.0,0.0,0.002,0.008,0.0,0.0,0.0,67.0,1.5,11.0,4.7,38.0,115.0,153.0,4.0,0.0,140.0,133.0,138.0,4.0,0.0,1.0
137.0,0.0,0.0,0.007,0.0,0.0,0.0,81.0,0.4,33.0,6.3,31.0,121.0,152.0,2.0,0.0,146.0,143.0,145.0,1.0,1.0,1.0
140.0,0.0,0.0,0.006,0.0,0.0,0.0,83.0,0.2,48.0,5.4,20.0,132.0,152.0,2.0,0.0,145.0,145.0,146.0,0.0,0.0,1.0
140.0,0.004,0.0,0.004,0.0,0.0,0.0,80.0,0.2,36.0,2.2,18.0,140.0,158.0,1.0,0.0,147.0,148.0,149.0,1.0,0.0,1.0
140.0,0.0,0.0,0.008,0.0,0.0,0.0,79.0,0.3,20.0,8.5,26.0,124.0,150.0,1.0,0.0,144.0,143.0,145.0,1.0,1.0,1.0
140.0,0.0,0.0,0.006,0.001,0.0,0.0,79.0,0.5,26.0,7.0,21.0,129.0,150.0,1.0,0.0,145.0,142.0,145.0,2.0,1.0,1.0
140.0,0.0,0.0,0.007,0.001,0.0,0.0,79.0,0.6,27.0,6.4,26.0,124.0,150.0,1.0,0.0,144.0,141.0,145.0,1.0,1.0,1.0
140.0,0.0,0.0,0.005,0.001,0.0,0.0,77.0,0.7,17.0,6.0,31.0,124.0,155.0,2.0,0.0,145.0,143.0,145.0,2.0,0.0,1.0
140.0,0.0,0.0,0.007,0.0,0.0,0.0,79.0,0.2,25.0,7.2,40.0,137.0,177.0,4.0,0.0,153.0,150.0,152.0,2.0,0.0,2.0
140.0,0.001,0.0,0.007,0.0,0.0,0.0,78.0,0.4,22.0,7.1,66.0,103.0,169.0,6.0,0.0,152.0,148.0,151.0,3.0,1.0,2.0
140.0,0.001,0.0,0.007,0.0,0.0,0.0,79.0,0.4,20.0,6.1,67.0,103.0,170.0,5.0,0.0,153.0,148.0,152.0,4.0,1.0,2.0
140.0,0.001,0.0,0.006,0.0,0.0,0.0,78.0,0.4,27.0,7.0,66.0,103.0,169.0,6.0,0.0,152.0,147.0,151.0,4.0,1.0,2.0
142.0,0.002,0.002,0.008,0.0,0.0,0.0,74.0,0.4,36.0,5.0,42.0,117.0,159.0,2.0,0.5699688092250241,145.0,143.0,145.0,1.0,0.0,1.0
146.0,0.0,0.0,0.003,0.0,0.0,0.0,65.01559781929645,0.4,38.90641308422131,7.0,19.0,137.01559781929646,156.01559781929646,1.0,0.0,150.0,148.9688043614071,150.98440218070354,1.0,0.9844021807035521,2.0
142.62845091151343,0.0,0.009462423281448345,0.0033201687238811994,0.0,0.0,0.0,76.89723927078926,0.25256901823026856,32.3596625522376,7.515414109381611,47.3596625522376,133.84585890618388,181.2055214584215,3.474309817697314,0.0,148.7944785415785,146.84585890618388,148.84585890618388,0.9486196353946283,-0.5256901823026858,2.0
144.4849621424551,0.0,0.001030075715089821,0.0016566414283033931,0.0,0.0,0.0,69.8283207141517,0.3,39.828320714151694,5.506015143017964,14.0,138.6566414283034,152.6566414283034,1.0,0.0,145.31328285660678,145.31328285660678,146.31328285660678,0.0,0.0,2.0
144.17845861215494,0.0,0.0,0.006727692673480631,0.0,0.0,0.0,58.91077069392252,0.4272307326519369,17.54461465303874,7.099538059171306,20.45538534696126,143.6338439591162,164.08922930607747,0.5446146530387379,0.0,153.0,153.36153663259685,154.36153663259685,1.544614653038738,0.0,2.0
146.0,0.0,0.0,0.003,0.0,0.0,0.0,65.0,0.4,39.0,7.0,19.0,137.0,156.0,1.0,0.0,150.0,149.0,151.0,1.0,1.0,2.0
128.0,0.0,0.004085701193439501,0.0,0.0,0.0,0.0,73.0,0.2085701193439501,32.51420716063701,7.2828597613121,22.0,122.0,144.0,1.0,0.0,129.0,131.828597613121,132.828597613121,2.828597613120998,0.0,2.0
129.94200866312113,0.0,0.004001768409132399,0.0,0.0,0.0,0.0,68.4112445855493,0.3117751082890141,13.764497834219718,7.717751082890141,24.646746751329577,127.47100433156056,152.11775108289015,0.11775108289014113,0.0,139.70650649734085,135.94200866312113,137.05975974601128,3.6467467513295766,-0.8822489171098589,2.0
159.0,0.0,0.0,0.005540901146914478,0.0,0.0,0.0,65.42348352448575,0.4,13.117417622428732,6.969393409794298,18.38786819588597,150.45909885308552,168.8469670489715,0.0,0.0,163.8469670489715,162.8469670489715,164.8469670489715,0.0,1.0,2.0
140.4518895586256,0.0,0.009177834337938381,0.000725944779312794,0.0,0.0,0.0,78.0,0.2,60.45188955862559,4.562972389656397,12.451889558625588,133.0,145.4518895586256,1.0,0.0,142.17783433793838,140.4518895586256,142.4518895586256,0.0,0.725944779312794,2.0
143.0,0.0,0.0,0.003229109987421033,0.0,0.0,0.0,63.0,0.5,35.0,8.384205208553698,35.216712010063176,123.56657597987365,158.78328798993684,4.554178002515793,0.5541780025157934,146.44582199748422,145.44582199748422,146.8916439949684,1.1083560050315868,0.5541780025157934,2.0
142.95426116505558,0.0,0.01,0.0,0.0,0.0,0.0,74.25710194175932,0.4,63.09147766988882,10.669715922329628,79.9542611650556,70.30284077670373,150.25710194175932,2.6514203883518643,0.0,144.65142038835185,143.30284077670373,145.30284077670373,2.0,1.0,2.0
146.34051639258558,0.0,0.00017025819629279838,0.00497845082224321,0.00017025819629279838,0.0,0.0,64.3189672148288,0.41702581962927987,34.02154917775679,7.2127159840779225,30.1702581962928,133.3189672148288,163.4892254111216,1.1702581962927985,0.0,150.6810327851712,149.5107745888784,151.5107745888784,1.0,0.17025819629279837,2.0
132.2064212717606,0.0024128425435212065,0.01,0.007967893641196983,0.0014128425435212064,0.0,0.0,31.31652346711216,1.4270633989366635,0.0,13.08119019680999,106.2064212717606,62.23852763056362,168.44494890232423,3.825685087042413,0.5699688092250241,108.08253595746655,124.2064212717606,131.82568508704242,76.0,0.7935787282393968,2.0
146.0,0.0,0.00023091240182809004,0.003956016685366078,0.0,0.0,0.0,64.04398331463392,0.398900417134152,30.912033370732157,7.2,19.01099582865848,136.98900417134152,156.0,1.9890041713415196,0.0,149.96701251402456,147.0,149.97800834268304,1.0,0.0,2.0
136.90491495944954,0.0,0.01,0.0043155718496559635,0.0017262287398623856,0.0,0.0,59.0,0.5,24.49425806924312,5.570739587337156,53.863114369931196,99.31557184965597,153.17868621958715,4.863114369931193,0.0,146.31557184965595,144.04180058951835,147.17868621958715,3.1368856300688073,1.0,2.0
159.0,0.001099981358151895,0.0,0.008099981358151894,0.0,0.0,0.0,57.099981358151894,0.5,8.499906790759475,8.990020506032915,40.19996271630379,147.8000372836962,188.0,0.1999627163037898,0.0,167.0,169.29994407445568,170.39992543260757,5.299944074455684,0.0,2.0
142.87389007756252,0.0,0.0017477801551250304,0.0012522198448749696,0.0,0.0,0.0,59.86501069806263,0.6252219844874969,16.117230542937605,13.971226263712552,82.3605710083127,75.89164883656227,158.25221984487496,9.495560310250061,0.5699688092250241,146.0088793794999,144.63054961218742,146.88276945706238,3.2522198448749693,1.0,2.0
125.37671791953278,0.0,0.0008051737956593834,0.0,0.0,0.0,0.0,67.20776069348908,0.3597413102170308,9.649151058764142,8.254567514557648,19.597413102170307,118.77930481736247,138.37671791953278,0.8051737956593834,0.0,127.1689572260437,127.1689572260437,128.1689572260437,0.5974131021703083,-0.4025868978296917,2.0
148.4020674417346,0.0,0.01,0.0,0.0,0.0,0.0,74.7989662791327,0.3,56.79896627913269,5.601033720867307,22.203618023035574,132.5979325582654,154.80155058130097,3.201033720867307,0.0,150.0,149.60051686043366,151.0,0.0,1.0,2.0
144.65036674546255,0.00033496332545374455,0.0,0.0056601466981850215,0.0,0.0,0.0,37.9853300709163,1.736919315998238,3.3251833727312774,14.00293398581674,62.67970660362995,131.3154034200088,193.99511002363877,4.0,0.5699688092250241,158.00488997636123,156.00488997636123,158.33496332545374,5.0146699290837,0.0,2.0
139.87685639311724,0.0008246287213765504,0.009597029771012403,0.0,0.0001753712786234496,0.0,0.0,55.052227671740695,0.8473886164129651,3.7014851144937984,9.242165849238896,119.07091593514205,55.350742557246896,174.42165849238896,5.4738861641296515,0.5699688092250241,152.2462872137655,147.3507425572469,148.17537127862346,9.17537127862345,1.0,2.0
139.5720597296248,0.00017117610815008035,0.007684704432600321,0.0,0.004572059729624799,0.0,0.0,60.40088362147472,0.908558805407504,15.486471675549758,12.768028632522674,129.25676416222512,64.17117610815008,193.4279402703752,9.08558805407504,0.5699688092250241,142.6847044326003,138.4279402703752,141.4279402703752,11.08558805407504,0.0,2.0
135.90614737553963,0.0,0.0,0.0062563115746762194,0.0,0.0,0.0,46.25631157467622,0.6581229475107927,55.29967160172683,6.741877052489207,33.13721265151098,118.02524629870487,151.16245895021586,2.5812294751079268,0.0,142.6750820995683,140.25631157467623,142.25631157467623,1.0,1.0,2.0
138.0,0.0,0.0018505844152515076,0.003766277056498995,0.0,0.0,0.0,60.383138528249496,1.0,9.532554112997989,8.457846320623744,118.0,69.0,187.0,10.766277056498994,0.5699688092250241,141.233722943501,130.0,140.0,58.701168830503015,0.0,2.0
146.0,0.0,0.01,0.0,0.0,0.0,0.0,70.15134164226271,0.5,48.897271810939586,13.111350623169702,112.44324688415149,74.0,186.44324688415148,4.962164589434325,0.0,147.0,146.51891770528283,148.0,2.0,0.0,2.0
151.71820419934966,0.0,0.0,0.002953034033224945,0.0,0.0,0.0,61.0,0.4,63.4833743654744,6.132876176742538,34.5166256345256,128.4833743654744,163.0,3.09393193355011,0.5699688092250241,159.85910209967483,156.85910209967483,159.85910209967483,1.046965966775055,1.0,2.0
139.33256673751217,0.0,0.007166283368756079,0.0,0.0,0.0,0.0,76.66743326248785,0.21662833687560795,54.00229978746352,4.349885010626823,10.66743326248784,133.49885010626824,144.16628336875607,1.0,0.0,140.49885010626824,139.33256673751217,141.33256673751217,0.0,0.1662833687560794,2.0
144.0,0.0007380336164263705,0.0,0.005,0.0,0.0,0.0,45.21410084927911,0.7738033616426371,1.7380336164263706,11.15944370135428,33.35769745216267,135.64230254783735,169.0,2.476067232852741,0.0,160.69016808213186,156.95213446570548,159.69016808213186,4.476067232852741,0.7380336164263704,2.0
132.49679200755077,0.0,0.01,0.001331194671700506,0.007420409324524115,0.0,0.0,31.318362701903542,3.8999999999999995,0.8279866792512647,10.367522131319797,140.25481198867385,50.82798667925127,191.08279866792512,7.1655973358502525,0.5699688092250241,133.74518801132615,119.66238934340102,129.74518801132615,73.16559733585025,0.0,2.0
144.80945632839916,0.0,0.0032063042189327765,0.0,0.0,0.0,0.0,75.20630421893277,0.3,56.41260843786555,4.5984239452668065,19.98423945266806,133.41260843786554,153.39684789053362,2.396847890533612,0.0,150.39684789053362,149.39684789053362,151.0,0.0,1.0,2.0
144.2453491096813,0.0,0.0022639526709560373,0.0007360473290439628,0.0,0.0,0.0,56.28255623223075,0.5245349109681321,6.962792877450568,7.92267455484066,25.509301780637358,141.0,166.50930178063737,1.0,0.0,148.47209465808794,151.2453491096813,151.49069821936263,4.773254451593395,-0.754650890318679,2.0
144.22140877191606,0.0,0.0015571824561679062,0.0,0.0006107043859580235,0.0,0.0,66.38929561404197,0.4,32.16788684212593,7.438929561404198,28.83211315787407,125.94647807020988,154.77859122808394,3.6107043859580235,0.0,147.94647807020988,145.38929561404197,147.77859122808394,1.778591228083953,1.0,2.0
142.4434686838535,0.0,0.01,0.0014226125264586004,0.0,0.0,0.0,78.0,0.2,51.3095498941656,4.65565313161465,10.5773874735414,136.2886937367707,146.8660812103121,1.0,0.0,142.5773874735414,141.5773874735414,143.5773874735414,0.0,0.0,2.0
137.0,0.0,0.003644327283535051,0.001,0.0,0.0,0.0,75.7113454329299,0.2,34.84538173171959,6.85773091341402,25.778363582324747,127.0,152.77836358232474,2.0,0.0,138.0,139.7113454329299,140.35567271646494,1.7113454329298983,0.0,2.0
133.0,0.0,0.00956190818963151,0.0032809540948157546,0.0,0.0,0.0,65.40477047407877,0.37190459051842456,26.12381637926302,6.175236724147396,14.157137715552736,129.0,143.15713771555275,1.7190459051842455,0.0,136.28095409481574,135.0,137.0,0.0,0.0,2.0
143.59424343124635,0.0,0.0,0.0014057565687536498,0.0,0.0,0.0,65.29712171562318,0.4702878284376825,2.6740954406085753,8.754317426565237,22.702878284376826,130.78273029373906,153.4856085781159,1.7028782843768249,0.5699688092250241,144.4856085781159,144.4856085781159,146.1884868624927,0.702878284376825,0.0,2.0
138.0,0.0,0.0,0.005433595359703103,0.0008671907194062057,0.0,0.0,59.69921392089069,1.0433595359703103,13.300786079109308,8.655854384920382,124.07033503584344,65.09764176267207,189.16797679851553,10.265618561187589,0.5699688092250241,140.4335953597031,130.8671907194062,140.4335953597031,51.531237122375174,0.0,2.0
126.0478991956018,0.0,0.005,0.00047605040219909965,0.00047605040219909965,0.0,0.0,66.3323528153937,0.45239495978009003,15.901260054977492,9.300588310763782,85.1915967824072,57.239495978009,142.43109276041622,4.4760504021991,0.0,127.0957983912036,125.61974798900451,127.61974798900451,1.4760504021990997,1.0,2.0
138.0,0.0,0.0010089865039120557,0.004327342330725297,0.0006636711653626482,0.0,0.0,58.008986503912055,1.1991013496087946,9.991013496087945,9.291912146479149,127.29139631507708,63.026959511736166,190.31835582681325,10.663671165362649,0.5699688092250241,140.6726576692747,127.34531533854941,138.00898650391207,70.29139631507708,0.0,2.0
143.93682973932476,0.0,0.006557808175273306,0.00018951078202572623,0.0,0.0,0.0,61.25268104270097,0.5063170260675242,7.442191824726694,9.740046990565919,38.93682973932476,124.6841486966238,163.62097843594856,3.126340521350484,0.0,144.06317026067524,143.12634052135047,144.12634052135047,1.063170260675242,0.0,2.0
138.0,0.0,0.0008022837083692491,0.0044651441944205,0.0007325720972102503,0.0,0.0,57.80228370836925,1.2197716291630751,10.197716291630751,9.477944662467674,128.2560093609435,62.40685112510775,190.66286048605124,10.73257209721025,0.5699688092250241,140.5348558055795,127.069711611159,137.80228370836926,71.25600936094351,0.0,2.0
138.0,0.0,0.01,0.0026448211357722705,0.002,0.0,0.0,59.785059621409246,0.5,12.653986436042866,7.883226561355124,48.5045826501353,102.35517886422772,150.85976151436302,3.4298807571815138,0.0,144.64482113577228,141.07470189295378,144.85976151436302,3.785059621409243,1.0,2.0
128.12473254024513,0.002906450594816146,0.01,0.002937633729877431,0.003155915675306423,0.0,0.0,29.968816864938717,2.0748395241470834,0.0,6.140324107775781,111.93549405183855,53.87526745975486,165.8107615115934,13.246502024899133,0.031183135061284672,129.12473254024513,112.218281945429,129.0,76.0,0.9688168649387153,2.0
138.57358426579896,0.0,0.0002622640442998251,0.0,0.0,0.0,0.0,63.52452808859965,0.5262264044299825,33.9018876456014,9.440753927818706,95.21320786710052,71.26226404429983,166.47547191140035,3.262264044299825,0.0,143.26226404429983,141.78679213289948,143.78679213289948,1.5245280885996502,1.0,2.0
146.0,0.0,0.004165545514901784,0.002024610346498726,0.00040492206929974514,0.0,0.0,65.0,0.4595077930700255,35.64429862369771,8.487694826750637,30.975389653501274,133.40492206929974,164.38031172280103,4.0,0.0,152.59507793070026,150.59507793070026,153.1901558614005,1.0,0.0,2.0
149.794296746063,0.0,0.0,0.0002571290674212517,0.0,0.0,0.0,77.53716767864175,0.20514258134842506,50.25712906742125,4.7897148373031495,11.94857418651575,145.94857418651574,157.8971483730315,0.0,0.0,153.8971483730315,153.794296746063,154.84572255954726,0.0,0.9485741865157497,2.0
134.97819748320742,0.0,0.01,0.0029854649888049456,0.004525436269591346,0.0,0.0,42.89825492163462,2.8612646336761673,5.4600287192136,10.35109012583963,136.53270377518888,54.963662472012366,191.49636624720122,8.985464988804946,0.5699688092250241,136.47456373040865,122.47456373040865,132.9709299776099,73.99273249440247,0.0,2.0
143.0,0.0,0.0005968428489168892,0.0,0.0,0.0,0.0,65.40315715108311,0.5596842848916889,28.0,14.335579988483644,93.0,72.0,165.0,4.0,0.0,144.0,144.0,146.0,2.5968428489168893,1.0,2.0
144.33424389081696,0.0006657561091830391,0.0,0.003997268327549118,0.0,0.0,0.0,47.002731672450885,0.7331512218366079,2.334243890816961,11.533424389081697,29.663024436732158,138.66848778163393,168.33151221836607,1.9972683275491177,0.0,160.9972683275491,157.33151221836607,159.9972683275491,4.331512218366078,1.0,2.0
145.0836488149833,0.0,0.0,0.0021454389812708904,0.0,0.0,0.0,54.37452677752507,0.4770912203745822,32.0,7.764733187117061,25.85456101872911,137.1454389812709,163.0,1.770912203745822,0.5699688092250241,158.8545610187291,155.31273661123745,157.31273661123745,1.770912203745822,0.7709122037458219,2.0
136.59897379700658,0.0017868034937324564,0.01,0.00010659825313377181,0.00010659825313377181,0.0,0.0,55.06598253133772,1.1065982531337717,9.786803493732457,17.555315838805065,131.78680349373246,64.93401746866228,196.72082096239473,9.467008734331142,0.0,150.0,143.53299126566887,146.53299126566887,11.786803493732457,0.1065982531337718,2.0
148.0,0.0,0.0,0.0,0.0,0.0,0.0,65.0,0.4,20.92486221826419,6.515027556347162,17.300551126943233,144.69944887305675,162.0,0.07513778173580876,0.0,156.0751377817358,155.0,157.0,0.07513778173580876,0.07513778173580876,2.0
145.0,0.0,0.01,0.0,0.0,0.0,0.0,74.72818875620361,0.3,36.55369880583243,7.990267870657478,54.0,131.0,185.0,2.728188756203603,0.0,145.0,144.0,146.0,0.27181124379639665,-1.0,2.0
144.54959552173182,0.0004954913162061985,0.005450404478268183,0.0005045086837938015,0.0005045086837938015,0.0,0.0,59.045086837938015,1.4549595521731815,5.522543418969008,17.555315838805065,125.54057815414421,55.5045086837938,181.04508683793802,5.4954913162061985,0.49549131620619846,151.9819652648248,147.5045086837938,149.5135260513814,9.504508683793802,1.0,2.0
134.88402396427736,0.0006884023964277361,0.0,0.003934792810716792,0.0,0.0,0.0,31.376804792855474,2.576804792855472,0.0,14.888402396427736,70.80437843215037,122.44201198213868,193.24639041428907,3.688402396427736,0.5699688092250241,156.26082875713283,156.75360958571093,157.75360958571093,11.623195207144528,0.0,2.0
145.8696546772075,0.0,0.0,0.001,0.0005651726613962538,0.0,0.0,63.739309354414985,0.4565172661396254,11.47861870882997,8.925966185769886,83.95620862977378,71.73930935441498,155.69551798418877,1.0,0.5651726613962538,148.0,145.43482733860375,148.0,2.6955179841887613,1.0,2.0
148.98560813295643,0.0,0.0,0.005507195933521786,0.0,0.0,0.0,53.71042236563017,0.4753597966760893,63.232010166195536,4.352158780056536,8.492804066478215,154.2607939002827,162.7535979667609,1.0,0.0,160.0,158.7535979667609,160.7535979667609,0.0,0.2464020332391068,2.0
135.5426930469774,0.0,0.006542693046977401,0.0028191023176742,0.0003617953646516006,0.0,0.0,60.8191023176742,0.5,18.829227812090394,9.35528185413936,37.9898745055838,107.095511588371,145.0853860939548,4.6382046353484,0.0,139.0853860939548,135.904488411629,138.2662837762806,3.1808976823258,1.0,2.0
148.0,0.0,0.003200584121031021,0.004,0.0,0.0,0.0,78.19766351587592,0.4401168242062041,3.197663515875917,10.140408884721715,22.40700945237225,140.0,162.40700945237225,1.0,0.0,150.0,150.79941587896897,152.59883175793797,0.7994158789689793,-0.20058412103102075,2.0
150.7787858834177,0.0,0.0,0.005,0.0,0.0,0.0,56.94696470854427,0.4305303529145573,62.0,4.2137124704019016,12.08408941256328,150.9159105874367,163.0,1.0,0.0,160.0,158.30530352914556,160.30530352914556,0.0,1.0,2.0
124.08858054891985,0.0,0.0013607256861498135,0.005094984039390261,0.003639274313850187,0.0,0.0,36.98078952858877,1.1822838902160298,1.0885805489198508,6.405015960609739,80.26574164675955,61.27214513722996,141.5378867839895,3.2721451372299626,0.5699688092250241,118.62646733290937,116.62646733290937,119.3543221956794,11.462113216010485,1.0,2.0
143.09769333130913,0.001,0.006492537335559958,0.0028683853319163904,0.00040976933313091287,0.0,0.0,46.624152003643566,1.1048846665654564,5.86838533191639,8.293622800546535,121.0,56.22930799939274,177.22930799939274,6.0,0.5699688092250241,157.6879239981782,151.50746266444006,154.1465399969637,9.819538666261826,1.0,2.0
138.0,0.0,0.0019170783091799197,0.0037219477938800535,0.0,0.0,0.0,60.360973896940024,1.0,9.443895587760107,8.402434742350067,118.0,69.0,187.0,10.721947793880053,0.5699688092250241,141.27805220611995,130.0,140.0,58.83415661835984,0.0,2.0
133.36632829330654,0.0,0.003091582073326634,0.0055420896333668295,0.0,0.0,0.0,74.09158207332663,1.1992597193407024,28.18316414665327,4.193062634645229,30.35892548671356,119.73265658661307,150.09158207332663,6.542089633366829,0.0,136.18316414665327,134.45791036663317,137.18316414665327,1.0,0.0,2.0
137.5865678773112,0.0,0.0007441778208398149,0.004834627150924486,0.0,0.0,0.0,64.91731357546225,0.4,14.90955066991533,6.950388145277346,19.586567877311214,129.0,148.5865678773112,2.917313575462243,0.0,140.5865678773112,139.5865678773112,141.5865678773112,0.9173135754622428,0.0,2.0
143.90545095264832,0.0,0.0021890980947033823,0.0008631813690810386,0.0008631813690810386,0.0,0.0,62.27363726183792,0.5,8.547274523675846,10.20945490473517,86.72636273816208,69.72636273816208,156.45272547632416,1.1368186309189614,0.5699688092250241,147.31590684540518,144.5895441072431,147.31590684540518,3.8631813690810386,1.0,2.0
146.1990505847168,0.0,4.976264617919757e-05,0.004751186769104012,4.976264617919757e-05,0.0,0.0,64.80094941528321,0.4049762646179198,43.80094941528321,6.580094941528321,22.447863815612777,133.8009494152832,156.248813230896,2.9502373538208024,0.0,152.0995252923584,150.0995252923584,152.0995252923584,1.0,1.0,2.0
125.8920115459159,0.0,0.005,0.0005539942270420443,0.0005539942270420443,0.0,0.0,66.8779595892943,0.4446005772957956,17.849855676051106,8.973224246423413,84.56804618366364,56.46005772957956,141.0281039132432,4.553994227042044,0.0,126.78402309183183,125.23002886478977,127.23002886478977,1.5539942270420442,1.0,2.0
129.66619635954757,0.0,0.0023702658576772394,0.00018513292883861964,0.0,0.0,0.0,77.44460121348413,0.2,31.62973414232276,6.8555398786515855,18.295930501870338,127.0,145.29593050187034,2.0,0.0,133.9256646441931,135.74053171535448,135.74053171535448,1.8148670711613804,0.0,2.0
147.37429715786493,0.0,0.0,0.005458099052621642,0.0,0.0,0.0,65.33520757902687,0.3458099052621642,54.54190094737836,4.874859431572985,11.916198105243284,145.45809905262163,157.37429715786493,0.45809905262164186,0.0,152.9161981052433,151.37429715786493,153.37429715786493,0.0,0.0,2.0
141.61883750762922,0.0002541083282471834,0.0002541083282471834,0.006618837507629225,0.0,0.0,0.0,60.12705416412359,0.4,8.0,7.534829586639331,19.618837507629223,136.25410832824718,155.8729458358764,0.12705416412359172,0.0,147.0,146.0,148.0,0.8729458358764083,0.0,2.0
129.73222488640957,0.0,0.00873222488640956,0.0005355502271808777,0.0,0.0,0.0,57.928899545638245,0.5267775113590438,10.983373296143418,9.93388755679522,54.33887556795219,96.60665068154263,150.94552624949483,3.7322248864095613,0.0,141.4644497728191,138.0,141.4644497728191,3.4644497728191226,0.7322248864095612,2.0
151.41968344358435,0.0,0.0,0.005193438852138551,0.0,0.0,0.0,60.19343885213855,0.4,60.4524891828916,4.232126622566261,13.0,149.2262445914458,162.2262445914458,1.0,0.0,158.8393668871687,157.03280573930724,159.03280573930724,0.0,0.8065611478614497,2.0
141.0,0.0006587833667107174,0.01,0.0013412166332892827,0.0013412166332892827,0.0,0.0,59.341216633289285,0.46587833667107176,39.02364989986785,5.929391683355358,38.0,121.0,159.0,3.0,0.0,154.0,149.0,154.0,8.0,1.0,2.0
145.30772343548216,0.0,0.0,0.0023077234354821475,0.0,0.0,0.0,68.7691062580714,0.3307723435482147,37.845935951624966,5.823129840319651,15.538617177410737,138.69227656451784,154.23089374192858,1.0,0.0,147.23089374192858,146.30772343548216,147.92317030644645,0.30772343548214753,0.0,2.0
144.69839130313065,0.0,0.0,0.00030160869686936135,0.0,0.0,0.0,65.84919565156532,0.4301608696869361,8.698391303130638,8.48418261186034,23.055630439042766,134.09517390939192,157.1508043484347,1.4524130453040422,0.1508043484346807,148.30160869686935,147.54758695469596,148.54758695469596,0.7540217421734035,0.0,2.0
145.00132796456325,0.0,0.006,0.0,0.0,0.0,0.0,75.00265592912652,0.2249668008859186,41.25099597342244,5.074369216832453,12.499336017718372,137.0,149.49933601771838,1.0,0.0,142.0,142.0,143.0,0.0,0.0,2.0
145.1269004362823,0.000978849927286281,0.0014682748909294215,0.003063450218141157,0.0035105750363568595,0.0,0.0,54.063450218141156,2.404230014542744,8.169200581709752,17.555315838805065,148.51057503635687,51.48942496364314,200.0,12.0,0.5699688092250241,151.59517532721173,143.63747547263918,151.1269004362823,55.51057503635686,0.5105750363568595,2.0
144.0,0.0017787905581803979,0.0,0.0032212094418196022,0.0,0.0,0.0,47.89395279090199,0.7221209441819602,2.7787905581803978,10.264539827821165,41.56669613998437,138.89395279090198,180.46064893088635,3.2212094418196022,0.0,162.0,157.7787905581804,161.5575811163608,4.221209441819602,0.22120944181960223,2.0
128.95067203198658,0.0,0.009938340039983236,0.0049506720319865884,0.0,0.0,0.0,64.03699597601006,0.39876680079966476,54.03699597601006,5.295067203198658,22.889012071969823,117.96300402398994,140.85201609595975,1.0,0.0,130.92600804797988,129.92600804797988,131.92600804797988,0.0,0.012331992003352998,2.0
139.6084153778063,0.0,0.0,0.0013356439618803203,0.0,0.0,0.0,60.0,0.7944059339686613,33.45445716814805,11.127277141592597,120.44752528250709,78.6084153778063,199.05594066031338,8.944059339686614,0.055940660313386736,140.5524747174929,140.49653405717953,141.5524747174929,2.9440593396866133,0.0,2.0
144.03942681136851,0.0,0.0048028659431574704,0.0,3.94268113685059e-05,0.0,0.0,65.0394268113685,0.4,21.394268113685058,8.552687826357793,27.118280434105518,128.80286594315746,155.921146377263,2.078853622737012,0.0,149.84229275452597,145.96057318863149,147.96057318863149,2.921146377262988,1.0,2.0
141.5888496549686,0.0,0.0002944248274843116,0.0021167255175470654,0.0,0.0,0.0,61.88327448245293,0.4,21.116725517547067,6.782230069006276,18.411150345031377,134.17769930993725,152.5888496549686,1.2944248274843115,0.0,144.0,143.2944248274843,145.0,0.0,0.0,2.0
149.40198653932532,0.0,0.0,0.006074751682584334,0.0,0.0,0.0,56.29900673033734,0.4925248317415666,18.85049663483133,7.817773149157233,19.14950336516867,147.551489904494,166.70099326966266,1.8504966348313316,0.0,153.0,156.62624158707834,157.62624158707834,2.8504966348313316,0.0,2.0
139.0,0.0,0.007,0.0,0.0,0.0,0.0,77.18057534512734,0.2,55.722301380509336,4.281942465487266,11.0,133.0,144.0,1.0,0.0,140.0,139.0,141.0,0.0,0.0,2.0
142.86410953889475,0.0,0.0,0.007432054769447371,0.0,0.0,0.0,60.43205476944737,0.4,8.864109538894741,7.656794523055263,20.0,136.0,156.0,0.8641095388947411,0.0,147.43205476944738,146.0,148.0,1.0,0.0,2.0
143.91548829758804,0.0,0.01,0.0,0.0,0.0,0.0,74.5774414879402,0.2084511702411958,51.83097659517608,5.55774414879402,15.746464892764125,136.50707021447175,152.25353510723588,1.0,0.0,145.16902340482392,144.16902340482392,146.16902340482392,0.0,0.0,2.0
144.0678919571716,0.0,0.0059321080428284025,0.0,0.0,0.0,0.0,77.0339459785858,0.2,61.83027010707101,3.8169729892928994,12.0,137.9660540214142,149.9660540214142,1.9660540214142013,0.0,144.0,143.9660540214142,145.9660540214142,0.0,0.0,2.0
151.0,0.0,0.0,0.006,0.00460515946550632,0.0,0.0,59.11805812927212,2.14613040087026,19.0257973275316,17.555315838805065,149.30257973275317,50.69742026724684,200.0,11.69742026724684,0.5699688092250241,156.0,150.0,156.69742026724683,50.55356481044312,1.0,2.0
146.0,0.0,0.0042159059557646955,0.0005946980147451016,0.0,0.0,0.0,66.62120794101959,0.47026509926274496,47.37879205898041,9.751134169035286,42.89204702211765,117.29734900737255,160.1893960294902,5.702650992627449,0.0,154.1893960294902,151.1893960294902,153.48674503686274,2.7026509926274493,1.0,2.0
141.0,0.0,0.0,0.0002268114138704088,0.0,0.0,0.0,61.0,0.4,28.47077336763571,5.420966087397551,13.453622827740817,134.84879239075306,148.30241521849388,1.0,0.0,144.0,143.0,145.0,0.0,0.9243961953765304,2.0
137.0,0.0,0.003971058245165368,0.001,0.0,0.0,0.0,75.0,0.2,30.115767019338527,7.094211649033073,24.0,127.0,151.0,2.0,0.0,138.0,139.0,139.02894175483462,1.0,0.0,2.0
143.77706595645373,0.0,0.0018885329782268678,0.001,0.0009442664891134339,0.0,0.0,76.99679680404181,0.6111467021773132,23.501601597979096,11.011146702177314,125.6655989346806,74.27866755443283,199.94426648911343,5.222934043546264,0.0,145.72133244556716,144.77706595645373,146.72133244556716,3.0,0.0,2.0
124.89685686662986,0.0,0.002371071083287319,0.0005257857833425362,0.0,0.0,0.0,64.15471470005522,0.6,16.093073016878336,12.07836436167679,100.04150145019327,55.69057059988957,155.73207205008282,5.577357350027609,0.0,127.84528529994478,125.84528529994478,127.84528529994478,2.0,1.0,2.0
137.68978674505342,0.0,0.0005518293960427461,0.003448170603957254,0.0,0.0,0.0,61.965701443074806,0.38620426509893135,34.55182939604275,6.01036587920855,15.0,132.55182939604273,147.55182939604273,1.0,0.0,142.0,140.27591469802138,142.1379573490107,0.0,0.0,2.0
135.4454939853507,0.0,0.01,0.0,0.0,0.0,0.0,63.84454939853507,0.5,10.756395188280564,10.962180240585973,85.62180240585973,67.06729639121042,152.68909879707013,2.310901202929859,0.0,140.823691579491,139.823691579491,140.9791421809559,2.689098797070141,1.0,2.0
147.7662966872972,0.0,0.01,0.0,0.0,0.0,0.0,70.44719621405396,0.3,43.68089952675675,7.044719621405395,25.36179905351349,128.95730141972976,154.31910047324325,2.680899526756744,0.0,149.04269858027024,147.723598107027,149.723598107027,0.31910047324325563,0.6808995267567444,2.0
143.3156618966027,0.0,0.002855422629246613,0.0008289154741506773,0.0016843381033972908,0.0,0.0,75.09156306056151,0.6513253577547968,21.80240831905474,11.239518336189052,126.51325357754797,72.28915474150678,198.80240831905473,5.684338103397291,0.17108452584932266,145.3156618966027,143.80240831905473,145.97349284490406,4.368676206794581,0.0,2.0
130.11102290414647,0.0,0.0033330687124394336,0.0,0.002888977095853522,0.0,0.0,73.81496182642253,0.4,41.370870209836625,2.7775572603661947,59.92598473056901,105.81416796374084,165.74015269430984,5.962992365284507,0.0,131.074015269431,128.29606107772395,131.22204580829296,3.0370076347154926,-0.03700763471549262,2.0
152.0,0.0,0.0,0.002403730121517947,0.0,0.0,0.0,60.403730121517945,0.4,61.018650607589734,6.6962698784820525,34.0,129.0,163.0,3.0,0.5699688092250241,160.0,157.0,160.0,1.0,1.0,2.0
147.69991162712296,0.0,0.0016100618610139213,0.000769991162712297,0.0019200353491508123,0.0,0.0,63.30997348813689,1.7469902789835265,9.840070698301624,17.555315838805065,129.7699911627123,57.84007069830162,187.61006186101392,5.920035349150812,0.23000883728770305,148.15992930169838,145.69991162712296,148.69991162712296,10.230008837287704,0.769991162712297,2.0
139.84396820044094,0.0017588662284454425,0.0026028344288863943,0.0017588662284454425,0.0,0.0,0.0,64.12056688577728,0.4120566885777279,29.361700657331838,6.861700657331836,28.602834428886393,134.75886622844544,163.36170065733182,1.3617006573318364,0.0,160.03546491378177,151.87943311422273,156.63829934266818,11.553197370672654,0.8794331142227212,2.0
134.84609359674158,0.0,0.006615625613033673,0.0027691403951123727,0.0,0.0,0.0,61.8464852179213,0.4846093596741582,20.92304679837079,9.446132758859553,35.692187193483164,108.53867241140446,144.23085960488763,4.769140395112372,0.0,137.61523399185396,135.0769532016292,136.9230467983708,3.0,0.9230467983707908,2.0
149.3925775517563,0.0,0.0,0.0018222673447311618,0.0,0.0,0.0,52.39257755175628,0.5,62.0,4.5,12.177732655268839,152.21484489648745,164.3925775517563,0.30371122412186025,0.0,160.69628877587814,159.0,161.0,0.6962887758781398,0.0,2.0
146.0,0.0,0.0,0.005,0.0006601250362319338,0.0,0.0,65.0,0.4,42.0196248913042,6.864050014492774,25.960750217391602,134.0,159.9607502173916,3.6601250362319337,0.0,152.0,150.0,152.0,1.0,0.33987496376806614,2.0
145.65139937082742,0.0,0.001449533543057523,0.0,0.0,0.0,0.0,75.82569968541371,0.27247667715287616,55.79813417223009,4.220186582776991,10.550466456942477,144.55046645694247,155.10093291388495,1.449533543057523,0.0,151.82569968541372,151.10093291388495,152.82569968541372,0.0,1.0,2.0
137.0,0.0,0.003934643659201058,0.001,0.0,0.0,0.0,75.0,0.2,30.26142536319577,7.086928731840211,24.0,127.0,151.0,2.0,0.0,138.0,139.0,139.06535634079893,1.0,0.0,2.0
146.6305806756612,0.0009458710134918311,0.0031529033783061033,0.0016305806756612207,0.0,0.0,0.0,55.522322702644885,0.5,30.10825797301634,7.947767729735512,26.68470966216939,136.94587101349182,163.6305806756612,2.0,0.5699688092250241,157.79296763518573,154.73883864867756,156.73883864867756,2.0,0.6847096621693897,2.0
145.6974564618767,0.0,0.0,0.00046050870762466274,0.0,0.0,0.0,63.0,0.4460508707624663,32.30254353812332,9.30655957838713,35.921017415249324,120.53949129237533,156.46050870762465,3.9210174152493256,0.5699688092250241,148.15796516950135,147.15796516950135,148.6974564618767,1.4605087076246628,1.0,2.0
141.6278305054831,0.0,0.009511322021932438,0.0,0.0,0.0,0.0,72.04638417580519,0.4,65.74433898903378,10.758144632967793,78.6278305054831,69.41855367032207,148.04638417580517,2.2092768351610363,0.0,144.20927683516103,142.41855367032207,144.41855367032207,2.0,1.0,2.0
146.0,0.0,0.01,0.0,0.0,0.0,0.0,74.13122747361137,0.3,20.95625750879621,5.565006007036968,14.55002002345656,136.68124749706794,151.23126752052448,0.3187525029320699,0.0,143.59376251466034,144.27501001172828,145.9562575087962,0.3187525029320699,0.0,2.0
148.0,0.0,0.009352715589074773,0.0,0.0,0.0,0.0,68.87054311781496,0.36258913764370093,64.00713101149607,4.675534825862206,14.625891376437009,139.0,153.625891376437,2.8776741293110275,0.0,150.0,148.625891376437,150.625891376437,0.0,1.0,2.0
150.0,0.0,0.01,0.0,0.0,0.0,0.0,73.88597774823619,0.3,54.63173297883424,6.502620026587432,25.114022251763814,130.65793324470857,155.77195549647237,3.8859777482361872,0.0,150.0,149.8859777482362,151.0,0.0,1.0,2.0
144.30482087090618,0.0011524104354530863,0.0038413681181769547,0.004847589564546914,0.0,0.0,0.0,59.152410435453085,0.43841368118176954,29.079315940911524,6.599377855363004,23.536547247270782,140.2317263763646,163.7682736236354,2.0,0.0,154.2317263763646,152.61586318818232,154.61586318818232,1.3841368118176955,0.0,2.0
143.6988784242609,0.0,0.01,0.001164797373768169,0.0,0.0,0.0,69.76704052524637,0.3,51.16479737376817,4.983520262623183,12.534081050492732,142.6988784242609,155.23295947475364,0.7670405252463662,0.0,148.16479737376818,146.93183789901454,148.93183789901454,0.0,0.0,2.0
149.0,0.0,0.0,0.0,0.001024400781556538,0.0,0.0,57.97559921844346,1.2975599218443463,53.02440078155654,13.190239687377384,126.0,58.0,184.0,12.0,0.5699688092250241,150.0,148.0,151.0,8.0,1.0,2.0
139.25980225219814,0.0,0.006480395495603719,0.0,0.0,0.0,0.0,77.74019774780186,0.2,59.38970337829721,4.212990112609907,11.129901126099071,133.12990112609907,144.25980225219814,1.0,0.0,140.25980225219814,139.12990112609907,141.12990112609907,0.0,0.0,2.0
159.0,0.001957461178299226,0.0,0.009,0.0,0.0,0.0,58.170155286803094,0.4978730589149613,13.063808232551162,7.98298447131969,41.595881193842644,146.02126941085038,187.61715060469302,1.9574611782992257,0.0,166.9574611782992,171.8298447131969,173.8298447131969,7.829844713196903,0.021269410850387138,2.0
125.0,0.0,0.005,0.001,0.0,0.0,0.0,66.1252983273158,0.3,47.378281600473805,5.687231505415779,20.122911708789395,112.3758949819474,132.49880669073679,0.1252983273158006,0.0,125.0,124.0,126.0,0.0,0.1252983273158006,2.0
144.47106286597278,0.0,0.001057874268054424,0.000471062865972788,0.000471062865972788,0.0,0.0,54.06594298959182,0.6586811402081636,9.586811402081636,11.951279969095241,88.58681140208164,72.11574853610885,160.7025599381905,3.115748536108848,0.5699688092250241,150.64468567013606,148.17362280416327,150.11574853610884,3.471062865972788,1.0,2.0
129.57347388959028,0.0,0.0028172030955386884,6.0932301487103815e-05,0.0028172030955386884,0.0,0.0,74.0,0.39390676985128964,43.34051063271629,2.707169825056153,59.51254158810317,103.72042166877083,163.232963256874,5.817203095538689,0.0,130.51254158810318,127.75627079405159,130.69533849256447,2.878135397025792,0.060932301487103824,2.0
141.0,0.0,0.0,0.0023963497073209964,0.0,0.0,0.0,61.0,0.4,23.408517349584343,6.578053177237865,17.792699414641994,133.40243352845266,151.19513294309465,1.0,0.0,144.0,143.0,145.0,0.0,0.2012167642263346,2.0
137.0,0.0,0.0039979341105333376,0.001,0.0,0.0,0.0,75.00413177893333,0.2,32.0165271157333,6.999173644213335,24.010329447333312,127.0,151.0103294473333,2.0,0.0,138.0,139.00413177893333,140.00206588946665,1.004131778933325,0.0,2.0
130.89572910728975,0.0,0.007597152738193159,0.0019478645536448696,0.0,0.0,0.0,60.35071181545171,0.535071181545171,10.492881845482898,11.43507118154517,83.1564063390654,65.89572910728974,149.05213544635512,4.0,0.0,134.89572910728975,133.54501729183804,135.54501729183804,2.0,1.0,2.0
144.46562342213775,0.0,0.005534376577862253,0.0,0.0,0.0,0.0,77.23281171106888,0.2,60.83594144465563,3.9164058555344363,12.0,137.76718828893112,149.76718828893112,1.767188288931127,0.0,144.0,143.76718828893112,145.76718828893112,0.0,0.0,2.0
136.58841451834454,0.0011961381727815157,0.009009654568046211,0.0,0.0,0.0,0.0,60.62703279052939,0.6392276345563032,14.832825531357116,9.342124004970167,60.99034543195379,127.0,187.99034543195378,6.196138172781516,0.5699688092250241,139.57875995029835,141.98069086390757,142.98069086390757,4.0,-1.0,2.0
151.80186569544136,0.0,0.0009597512406078177,0.0015603731390882735,0.0,0.0,0.0,56.36223883452964,0.5919502481215636,13.600621898480455,12.143651736850945,90.52012437969609,77.64087065787264,168.16099503756874,2.3993781015195443,0.47987562030390885,158.2012437969609,157.24149255635308,158.7616169360492,2.479875620303909,1.0,2.0
134.48997814712652,0.0003724945367816299,0.007530065558620441,0.0,0.0,0.0,0.0,69.37249453678163,0.4,33.567374345977484,8.025778955057362,60.97995629425304,129.6074617574714,190.58741805172446,4.25501092643674,0.0,135.6074617574714,138.23496722068978,139.23496722068978,3.62750546321837,-1.0,2.0
151.0,0.0,0.0,0.006,0.005747354228372678,0.0,0.0,53.50529154325464,2.862103134255902,4.642197515577596,17.555315838805065,149.0,51.0,200.0,11.12632288581366,0.5699688092250241,156.0,147.378968657441,155.25264577162733,72.59986516954044,1.0,2.0
138.0,0.0,0.0029522504075978856,0.00303183306160141,0.0,0.0,0.0,60.0159165308007,1.0,8.06366612320282,7.539791327001762,118.0,69.0,187.0,10.031833061601409,0.5699688092250241,141.96816693839858,130.0,140.0,60.904500815195775,0.0,2.0
148.46345317227096,0.0,0.0,0.004609640483187109,0.0,0.0,0.0,51.46345317227097,0.5,62.0,4.5,9.390359516812891,154.07309365545808,163.46345317227096,0.7682734138645182,0.0,160.2317265861355,159.0,161.0,0.2317265861354818,0.0,2.0
148.32893287133066,0.0,0.0025066006930040026,0.0,0.0005822332178326663,0.0,0.0,73.07563252482866,0.32533003465020016,43.83553356433467,7.6230473365705365,37.92436747517134,120.493399306996,158.41776678216732,3.088833910836669,0.0,153.58223321783268,151.746699653498,153.746699653498,1.8355335643346675,1.0,2.0
138.15728599544585,0.0011572859954458595,0.01,0.002314571990891719,0.0,0.0,0.0,62.68542800910828,0.4,9.26407100683121,7.11630690387102,18.26407100683121,135.89321498861466,154.15728599544585,1.0,0.0,146.15728599544585,145.15728599544585,147.15728599544585,0.4213570022770702,0.0,2.0
137.0,0.0007375823015888915,0.0,0.006212746904766675,0.0,0.0,0.0,60.262417698411106,0.4,33.262417698411106,5.82624176984111,20.16307611112224,132.7375823015889,152.90065841271112,1.7375823015888914,0.0,142.0,140.0,142.0,0.7375823015888915,0.0,2.0
131.5673371253902,0.0,0.00804489141692679,0.002283668562695093,0.0,0.0,0.0,60.2387771457683,0.5238777145768302,11.612228542316977,11.42387771457683,82.14899431191472,66.56733712539018,148.71633143730492,4.0,0.0,135.5673371253902,134.32855997962187,136.32855997962187,2.0,1.0,2.0
120.55237056565697,0.0,0.002331422339394184,0.00011047411313139466,0.0,0.0,0.0,68.66857766060582,0.3,23.761852828284866,6.867431064242326,19.220948226262788,113.77905177373721,133.0,1.7790517737372107,0.0,120.55237056565697,120.44189645252558,121.55237056565697,0.0,-0.8895258868686053,2.0
145.4184886305631,0.0,0.01,0.0,0.0,0.0,0.0,73.93613352707767,0.3,64.16302273887379,4.235462215764078,15.290755684718446,137.06386647292234,152.3546221576408,1.6453778423592236,0.0,146.7731107882039,146.70924431528155,148.06386647292234,0.0,0.35462215764077654,2.0
138.0,0.0,0.01,0.004138283025037755,0.002,0.0,0.0,59.28723899165408,0.5,27.72343394992449,5.445754084142756,54.574477983308164,100.86171697496225,155.43619495827042,4.712761008345918,0.0,148.1489559666163,144.71276100834592,147.13828302503777,4.72343394992449,1.0,2.0
138.51845939772005,0.0005926162409119802,0.004444621806839851,0.0007036918795440099,0.0,0.0,0.0,58.22215127726406,0.8592616240911981,25.481221349968216,12.829694662507945,123.55569744547188,75.14799443407213,198.703691879544,9.29630812045599,0.0,143.6667730841039,141.59261624091198,143.18523248182396,5.666773084103911,0.0,2.0
142.83196124475046,0.0,0.01,0.0,0.0,0.0,0.0,75.76639224895008,0.4,57.72949148530126,10.272949148530126,80.53278449790018,69.83196124475045,150.36474574265063,3.70082325314973,0.0,143.83196124475046,142.83196124475046,144.83196124475046,2.0,1.0,2.0
125.08418637927272,0.0,0.005,0.0009579068103636382,0.0009579068103636382,0.0,0.0,69.62116129327275,0.4084186379272724,27.947670259090952,7.285210034399992,81.33674551709089,52.42093189636362,133.7576774134545,4.957906810363638,0.0,125.25255913781817,123.25255913781817,125.25255913781817,2.0,1.0,2.0
129.17873934733413,0.0,5.362180420024143e-05,0.0,0.0,0.0,0.0,66.17873934733414,0.39821260652665863,2.178739347334138,9.046378195799758,19.94637819579976,122.10724360840048,142.05362180420025,0.01787393473341381,0.01787393473341381,132.1429914778673,132.1429914778673,133.1429914778673,0.9821260652665862,0.01787393473341381,2.0
148.0,0.0,0.0030122776102639685,0.0040122776102639686,0.0,0.0,0.0,78.98772238973604,0.4012277610263969,4.0,10.0,20.14733132316762,140.0,160.14733132316763,1.0,0.0,150.0,150.98772238973604,152.97544477947207,1.0,-0.012277610263968453,2.0
144.14445373252826,0.0,0.0,0.0011444537325282754,0.0,0.0,0.0,70.0,0.3,43.84995820362276,5.3,13.572226866264138,138.14445373252826,151.7166805987924,1.0,0.0,146.0,145.14445373252826,146.57222686626415,0.0,0.0,2.0
144.0,0.0,0.001847020058520955,0.0030746131772774535,0.0,0.0,0.0,61.0,0.4,8.768653294319364,7.0458939824437135,17.537306588638728,138.46269341136127,156.0,0.7686532943193634,0.0,148.0,146.61567335284033,148.61567335284033,0.3843266471596817,0.0,2.0
139.71858913077227,0.0003203527173069302,0.0,0.0022424690211485113,0.0,0.0,0.0,60.67964728269307,0.4,30.28141086922772,5.460176358653465,15.883174455762372,134.35929456538614,150.2424690211485,1.32035271730693,0.0,143.35929456538614,142.03894184807922,144.03894184807922,0.32035271730693016,0.6796472826930698,2.0
136.0357150092144,0.0,0.008781746112134935,0.002,0.0015634922242698716,0.0,0.0,58.90873056067468,0.5218253887865064,7.035715009214423,9.049206220584102,49.40079276651571,102.56349222426987,151.9642849907856,3.0,0.0,143.12698444853973,139.56349222426988,143.12698444853973,3.5634922242698717,0.7817461121349358,2.0
137.54965065555203,0.0,0.008949961183950224,0.002,0.0018999223679004506,0.0,0.0,59.749805919751125,0.5050038816049774,8.549650655552028,8.780062105679638,47.55042697654752,102.89992236790044,150.45034934444797,3.0,0.0,143.7998447358009,139.89992236790044,143.7998447358009,3.8999223679004507,0.9499611839502253,2.0
159.0,0.0,0.0,0.003,0.0,0.0,0.0,62.64096495675334,0.4786345014415552,8.136549855844478,12.687228034597325,91.0,81.0,172.0,0.0,0.0,163.0,163.0,164.21365498558444,2.0,1.0,2.0
140.08941100231226,0.0,0.001821177995375481,0.00026823300693677856,0.0,0.0,0.0,68.28471198150193,0.30894110023122595,21.08941100231226,8.174824596762837,21.73176699306322,129.35764400924904,151.08941100231226,1.9105889976877406,0.0,141.26823300693678,141.17882200462452,142.26823300693678,0.9105889976877405,0.0,2.0
138.0,0.00041758077578492835,0.0,0.004164838448430143,0.0,0.0,0.0,34.329676896860285,2.734064620627943,0.0,15.665935379372057,73.82419224215072,118.17580775784928,192.0,5.164838448430143,0.5699688092250241,160.0,157.41758077578493,159.58241922421507,12.747257672645215,0.0,2.0
142.725290154627,0.00036264507731350584,0.001208816924378353,0.005637354922686494,0.0,0.0,0.0,58.36264507731351,0.41208816924378355,30.395591537810823,6.257146200169186,22.483526769751343,140.75823661512433,163.24176338487567,2.0,0.0,154.75823661512433,152.87911830756215,154.87911830756215,1.1208816924378353,0.0,2.0
142.1105359554172,0.0,0.00016580393312576932,0.006613124156039872,0.0,0.0,0.0,59.88946404458282,0.405526797770859,7.834196066874231,7.705526797770859,20.331607866251538,136.27633988854294,156.60794775479448,0.05526797770858971,0.0,147.0,146.27633988854294,148.16580393312577,1.2763398885429487,-0.05526797770858971,2.0
150.13039395500053,0.0,0.0,0.00446740151124987,0.0,0.0,0.0,56.39118186500156,0.446740151124987,64.66299244375065,4.273921208999896,10.0,152.46740151124988,162.46740151124988,1.0,0.0,160.0,158.46740151124988,160.46740151124988,0.0,1.0,2.0
141.06705694605353,0.0,0.0030927088863143383,0.001,0.0007731772215785846,0.0,0.0,63.38658861078929,0.46134113892107076,33.06705694605354,8.778893028711053,38.54635444315717,119.22682277842142,157.77317722157858,3.840234167632123,0.5699688092250241,145.22682277842142,144.22682277842142,145.6134113892107,3.159765832367877,0.6134113892107077,2.0
141.16703394609206,0.0,0.0006681357843683009,0.0,0.0,0.0,0.0,62.16923762264452,0.38329660539079247,30.67033946092075,5.533847524528905,13.33406789218415,135.16703394609206,148.5011018382762,1.0,0.0,143.66593210781585,142.83296605390794,144.66593210781585,0.0,0.8329660539079248,2.0
139.95584313068488,0.0,0.006,2.649412158907058e-05,0.0029735058784109295,0.0,0.0,66.94701175682187,0.4008831373863024,24.964674504547908,7.121195297271256,25.09714511249326,121.87636076591767,146.97350587841092,1.0353254954520938,0.0,141.9646745045479,137.97350587841092,140.9646745045479,3.9911686261369765,1.0,2.0
152.0,0.0,0.0,0.003463343402766887,0.0,0.0,0.0,61.23167170138344,0.4,62.84164149308278,5.984164149308278,31.91495468754901,130.6217019096841,162.5366565972331,2.3049848958496697,0.5699688092250241,159.76832829861655,156.76832829861655,159.5366565972331,1.0,1.0,2.0
132.71365887067563,0.0039427317741351255,0.01,0.0039427317741351255,0.003,0.0,0.0,21.51541403278387,2.2828195322405374,0.0,15.144498209110719,107.2290729034595,66.25551306375664,173.48458596721613,7.400877581054121,0.0,142.19824483789176,124.25551306375664,134.65639064481076,76.0,0.057268225864874345,2.0
128.64964664899236,0.0,0.008248233244961843,0.003248233244961842,0.0,0.0,0.0,67.50353351007631,0.32992932979847367,50.84681984093132,5.860565361612211,22.64964664899237,119.40141340403052,142.0510600530229,1.0,0.0,131.70070670201525,130.0,132.0,0.35035335100763154,0.0,2.0
142.21547358975772,0.0003922632051211409,0.007845264102422818,0.001,0.0003922632051211409,0.0,0.0,61.430947179515435,0.5,36.176789615363425,8.409399820539665,37.39226320512114,120.39226320512114,157.78452641024228,4.2154735897577185,0.5699688092250241,149.13810564096912,146.56905282048456,149.13810564096912,4.3535792307268455,1.0,2.0
141.10150808813208,0.00048731148898349143,0.009228393198297154,0.0,0.0,0.0,0.0,72.56344255508255,0.34873114889834916,43.38580340085142,6.289334384151177,59.8477378678019,132.46193446695048,192.30967233475238,3.0,0.0,142.56344255508253,143.025377022033,144.53806553304952,1.4619344669504741,-1.0,2.0
139.6146886820243,0.0,0.0007693301882822413,0.0,0.0007693301882822413,0.0,0.0,65.30799056484672,0.4,20.692009435153278,7.630411322183932,32.53866037656448,118.38401887030655,150.92267924687104,2.461339623435517,0.0,144.46133962343552,141.69200943515327,144.69200943515327,1.7693301882822414,1.0,2.0
143.52958409601652,0.0,0.01,0.0005295840960165247,0.0,0.0,0.0,65.0,0.31765280320055084,42.293887871977965,6.588264016002754,23.11735983997246,132.05916819203304,155.1765280320055,1.8234719679944917,0.0,147.52958409601652,145.70611212802203,147.70611212802203,1.0,0.17652803200550826,2.0
150.0,0.0,0.0,0.0,0.0,0.0,0.0,78.0,0.2,50.220486209070174,4.8,11.779513790929824,146.0,157.77951379092983,0.22048620907017535,0.0,154.0,153.77951379092983,155.0,0.0,1.0,2.0
140.18643826214426,0.0,0.00037287652428850905,0.0,0.0,0.0,0.0,64.55931478643276,0.48135617378557455,38.30506783500978,7.898301219430807,76.37287652428851,81.38986432998044,157.76274085426894,4.440685213567236,0.0,141.3728765242885,140.18643826214426,142.18643826214426,1.0,1.0,2.0
139.44083105286649,0.0,0.0061183378942670135,0.0,0.0,0.0,0.0,77.5591689471335,0.2,59.66124657929974,4.222041552643325,11.220415526433246,133.22041552643324,144.44083105286649,1.0,0.0,140.44083105286649,139.22041552643324,141.22041552643324,0.0,0.0,2.0
149.40050103666692,0.0,0.0,0.005,0.0,0.0,0.0,53.5012525916673,0.46498747408332697,62.0,4.454912318583289,11.05037577750019,151.9496242224998,163.0,1.0,0.0,160.0,158.64987474083327,160.64987474083327,0.0,1.0,2.0
147.42157323436604,0.0019421573234366036,0.0,0.007768629293746414,0.0,0.0,0.0,43.942157323436604,0.9115685353126793,15.289213382816982,9.698332550157774,59.07451717498566,134.65294394061962,193.72746111560528,5.173528029690189,0.11568535312679273,157.28921338281697,157.8264719703098,158.05784267656338,1.4048987359437746,0.05784267656339637,2.0
144.12358947943676,0.0009691026301408114,0.0,0.0039691026301408115,0.0,0.0,0.0,43.81461578084487,0.8030897369859189,2.4634605478878306,11.909269210957756,33.03089736985919,135.0,168.0308973698592,3.9691026301408114,0.0,161.84551315070405,156.93820526028162,159.93820526028162,4.938205260281623,0.9691026301408113,2.0
141.41892942481712,0.00011621411503657435,0.0035351435398537027,0.0006972846902194461,0.0,0.0,0.0,67.41892942481712,0.3116214115036574,40.16214115036574,6.479193181430509,15.813498805256021,135.6513576548903,151.4648564601463,1.1162141150365743,0.0,142.0,141.88378588496343,142.88378588496343,0.0,0.0,2.0
125.14449543360958,0.0,0.005,0.0009277522831952129,0.0009277522831952129,0.0,0.0,69.49426598236649,0.4072247716804787,27.193807079880322,7.403440410580105,81.5779817344383,52.722477168047874,134.30045890248616,4.927752283195213,0.0,125.28899086721916,123.36123858402394,125.36123858402394,1.927752283195213,1.0,2.0
137.0,0.001,0.0,0.006989815645292871,0.0,0.0,0.0,60.00509217735357,0.4,33.06110612824278,5.796435475852505,22.0,133.0,155.0,2.0,0.0,142.0,140.0,142.0,0.9949078226464353,0.0,2.0
133.86947624609743,0.0,0.0,0.007130523753902563,0.0,0.0,0.0,47.30441900312205,0.6,48.60842873829231,6.504378076326871,23.956628504683078,125.86947624609743,149.8261047507805,1.8261047507805128,0.0,144.30441900312206,141.65220950156103,143.65220950156103,0.8261047507805127,0.8261047507805127,2.0
134.9812100945133,0.0,0.01,0.006207515962194683,0.0007924840378053176,0.0,0.0,49.339872302442544,0.6811273943292024,28.415031924389364,8.703675280913249,50.377452113415956,103.62254788658404,154.0,4.396242018902659,0.0,145.7924840378053,141.9812100945133,144.9812100945133,3.603757981097341,1.0,2.0
141.20880762147954,0.0,0.0,0.004791192378520457,0.0,0.0,0.0,43.93409219436727,1.2307669329928639,16.24176152429591,10.181306207675547,46.549430854224546,124.24176152429591,170.79119237852046,2.692330670071361,0.0,151.48352304859182,150.96704609718364,151.96704609718364,3.5164769514081824,0.2417615242959087,2.0
147.21591752778482,0.0,0.0,0.003480103090268961,0.0,0.0,0.0,71.73581443751587,0.2696020618053792,53.78408247221517,4.660795876389241,11.0,145.30397938194622,156.30397938194622,0.30397938194620777,0.0,152.6079587638924,150.91193814583863,152.91193814583863,0.0,0.30397938194620777,2.0
150.15389590633987,0.0,0.0,0.0009233754380391304,0.005153895906339855,0.0,0.0,68.92272865562101,1.3846104093660143,43.84481052882391,4.984804444091449,149.15389590633987,50.846104093660145,200.0,9.69220818732029,0.4616877190195652,154.3077918126797,147.3077918126797,155.15389590633987,52.46104093660145,1.0,2.0
138.0,0.0,0.0016316662499812355,0.0009208343750469108,0.0,0.0,0.0,67.44749937497185,0.3184166875009382,19.710831874934325,7.163166624998124,21.631666249981237,128.1841668750094,149.8158331249906,1.3683337500187644,0.0,143.44749937497184,141.63166624998124,143.63166624998124,1.0,0.8158331249906178,2.0
121.44888114367332,0.0,0.0,0.0032244405718366608,0.0038777971408166965,0.0,0.0,32.079860586119786,1.2980034853470055,0.0,2.334181947101271,64.40895085061342,73.91772743387659,138.32667828449001,2.4488811436733213,0.0,123.44888114367332,110.0399302930599,112.0399302930599,41.55353083633031,0.22444057183666066,2.0
148.44763522964524,0.0,0.0,0.007552364770354754,0.0,0.0,0.0,46.685811377871474,0.5776182385177376,19.0,7.123817614822624,19.0,149.55236477035476,168.55236477035476,1.223817614822623,0.0,160.76182385177378,160.1047295407095,161.8809119258869,0.6714528444678692,0.0,2.0
150.46302557710658,0.0,0.0,0.0027781534626395185,0.0043890767313197595,0.0,0.0,68.36974422893414,1.0852102308426346,34.96133499522875,6.374286962162394,148.92605115421318,50.536974422893415,199.46302557710658,8.0,0.5699688092250241,154.92605115421318,149.53697442289342,155.46302557710658,35.94538365659879,1.0,2.0
147.48703895746726,0.0,0.0,0.0032211801954748903,0.0,0.0,0.0,43.11527921810044,1.5105900977374451,0.0,14.043298215022379,85.11527921810044,101.54826136832423,186.66354058642466,4.814120130316594,0.40706006515829685,164.15057954389192,159.3717597393668,161.7788198045251,10.44236039094978,0.5929399348417032,2.0
148.83982758432438,0.0,0.01,0.0,0.0,0.0,0.0,74.51948275297313,0.2580086207837811,55.2207758705403,4.5099568960810945,13.160172415675623,141.9393965451353,155.09956896081096,0.5800862078378112,0.0,151.67965516864876,150.51948275297315,152.09956896081096,0.0,1.0,2.0
143.90215795122694,0.0,0.01,0.0,0.0,0.0,0.0,73.54256581301122,0.3091486837397755,29.542565813011226,8.637230256096633,54.36594734959102,130.634052650409,185.0,2.2744605121932646,0.0,143.90215795122694,143.26810530081795,145.1766184634202,1.2744605121932646,-1.0,2.0
137.0,0.001,0.0,0.006754921725260761,0.0,0.0,0.0,60.12253913736962,0.4,34.47046964843544,5.714222603841266,22.0,133.0,155.0,2.0,0.0,142.0,140.0,142.0,0.8774608626303804,0.0,2.0
137.0,0.001,0.0,0.005531200085177412,0.0,0.0,0.0,61.46879991482259,0.4,39.609599616701644,5.506240017035482,22.0,133.0,155.0,2.0,0.0,142.0,140.0,142.0,0.26560004258870606,0.0,2.0
136.48194031486878,0.0008704850787171958,0.00155417905539365,0.0,0.0,0.0,0.0,69.8704850787172,0.4,45.021156810495505,5.386429082798863,64.96388062973756,133.09339555102036,198.05727618075792,3.2590298425656083,0.0,139.09339555102036,141.22291047230317,142.22291047230317,3.129514921282804,-1.0,2.0
144.33375576039307,0.0,0.0,0.007109984638951817,0.0,0.0,0.0,60.888748079868975,0.4,10.222503840262046,7.366370967724852,18.887480798689772,136.89001536104817,155.77749615973795,1.7774961597379544,0.0,148.22250384026205,146.33375576039307,148.22250384026205,0.8887480798689772,0.0,2.0
154.93563595751408,8.86970035404932e-05,0.0,0.010911302996459506,0.007500000000000001,0.0,0.0,34.0,3.8999999999999995,0.0,3.7035713661092426,148.04866592210914,50.487833519472716,198.53649944158187,7.778257491148767,0.04434850177024663,116.20172696813556,130.68956048760828,135.77825749114876,76.0,0.04434850177024663,2.0
137.0,0.001,0.0,0.0058621276172654505,0.0,0.0,0.0,62.86212761726545,0.4,48.03489332085815,4.88272342964073,22.0,133.0,155.0,2.0,0.0,142.0,140.86212761726546,142.0,0.0,0.0,2.0
146.0,0.0,0.0,0.003,0.0,0.0,0.0,65.80951607472488,0.4,34.14290355165073,7.0,19.0,137.80951607472488,156.80951607472488,1.0,0.0,150.0,147.38096785055023,150.19048392527512,1.0,0.19048392527512192,2.0
140.96572594191707,0.0,0.0056552419806390215,0.0,0.0,0.0,0.0,65.82661227105369,0.5965725941917065,50.27620990319511,11.165725941917064,79.0,69.27620990319511,148.2762099031951,9.93145188383413,0.0,141.96572594191707,140.96572594191707,142.96572594191707,2.6552419806390217,1.0,2.0
133.04228366451775,0.0,0.00844914262939086,0.002,0.0008982852587817215,0.0,0.0,57.2457131469543,0.5550857370609139,4.042283664517746,9.581371792974624,53.059431076700534,101.89828525878173,154.95771633548225,3.0,0.0,141.79657051756345,138.89828525878173,141.79657051756345,2.8982852587817214,0.4491426293908607,2.0
142.26096027973423,0.0,0.0,0.00665205296035436,0.0,0.0,0.0,59.21711916079731,0.41739735198228206,16.65205296035436,6.930480139867115,21.26096027973423,141.9130132400886,163.17397351982282,0.08698675991141014,0.0,153.0,152.0,153.0,1.0,0.0,2.0
134.6338128522828,0.0004084532130706987,0.0,0.007183093573858603,0.0,0.0,0.0,54.12679819606048,0.5183093573858603,47.225359639212094,5.983093573858603,23.774640360787902,128.2676257045656,152.0422660653535,2.0,0.0,143.7746403607879,141.5915467869293,143.1830935738586,0.5915467869293013,0.5915467869293013,2.0
149.0,0.0,0.0,0.0063726885170123145,0.0,0.0,0.0,61.372688517012314,0.4,51.01849186390149,5.311806555103694,13.372688517012314,146.0,159.3726885170123,1.0,0.0,154.0,153.0,155.0,0.0,0.0,2.0
146.0,0.0,0.0,0.003,0.0,0.0,0.0,65.25975378376033,0.4,37.44147729743804,7.0,19.0,137.25975378376032,156.25975378376032,1.0,0.0,150.0,148.48049243247934,150.74024621623968,1.0,0.7402462162396738,2.0
138.0,0.0,0.002170260341065755,0.0035531597726228305,0.0002765798863114151,0.0,0.0,59.170260341065756,1.0829739658934245,8.829739658934244,8.246765693040821,121.87211840835981,66.51078102319727,188.38289943155706,10.276579886311415,0.5699688092250241,141.44684022737718,128.89368045475433,139.17026034106576,64.87211840835981,0.0,2.0
132.46288161570894,0.0,0.0029917514701575418,0.0004958757350787709,0.0,0.0,0.0,76.51237279476369,0.2,31.008248529842458,6.948762720523631,20.471130145551395,127.0,147.4711301455514,2.0,0.0,135.47937867539386,136.98350294031508,136.98350294031508,1.5041242649212292,0.0,2.0
143.0,0.0,0.0,0.002,0.0,0.0,0.0,65.0,0.5081046215907647,0.5673235113535355,9.499870998858297,23.486277295445888,129.0,152.4862772954459,2.162092431815296,0.5699688092250241,143.56732351135355,143.1620924318153,145.08104621590763,1.3241848636305917,0.0,2.0
159.0,0.0,0.0,0.004321099211698868,0.0,0.0,0.0,65.22018320194981,0.4,12.100916009749056,6.888073280779924,16.76146561559849,151.67890078830112,168.44036640389962,0.0,0.0,163.44036640389962,162.44036640389962,164.44036640389962,0.0,1.0,2.0
120.6832587636596,0.0,0.0,0.0020497762909787876,0.0034162938182979797,0.0,0.0,39.5203205806798,1.183258763659596,13.619873162637376,0.7601789672169696,66.73303505463838,68.14932887293637,134.88236392757474,2.0,0.0,122.04977629097878,115.81897832655253,112.11763607242526,59.33482472680808,0.3167412363404041,2.0
149.6954765620388,0.0,0.0010658320328642025,0.0,0.0009238691405096998,0.0,0.0,75.6954765620388,0.20761308594903002,42.8477382810194,5.32942246113351,35.0,122.7716074215291,157.7716074215291,1.2283925784709004,0.0,153.4670839835679,152.4670839835679,154.4670839835679,0.9238691405096998,1.0,2.0
134.91689679668275,0.0,0.0,0.0001487930859512313,0.0,0.0,0.0,63.595172343804926,0.5148793085951231,34.660862226438915,8.258844738351279,98.08310320331724,67.87534519502414,165.95844839834137,3.5951723438049252,0.0,140.32172445287785,138.32172445287785,140.32172445287785,1.1487930859512314,1.0,2.0
145.0,0.001514560418958077,0.001514560418958077,0.001485439581041923,0.0,0.0,0.0,52.51456041895808,0.6,6.436904851181666,7.441749095923757,22.485439581041923,143.0194138919441,165.504853472986,0.4951465270139743,0.0,155.0194138919441,154.0194138919441,155.52426736493013,1.0,0.0,2.0
137.0,0.001,0.0,0.005961173154653296,0.0,0.0,0.0,60.51941342267335,0.4,39.23296107208022,5.436410604128653,22.0,133.0,155.0,2.0,0.0,142.0,140.0,142.0,0.480586577326648,0.0,2.0
139.73926227727614,0.0,0.00040759221534048245,0.0,0.0,0.0,0.0,61.924077846595175,0.7037961076702413,32.483514368745304,14.682017424487398,91.36963113863807,69.96203892329758,161.33167006193565,5.63036886136193,0.0,143.5924077846595,142.36963113863808,144.36963113863808,3.6303688613619296,1.0,2.0
143.22723323852395,0.0,0.0,0.006,0.0,0.0,0.0,59.3506380681497,0.4,32.3506380681497,6.177276676147605,20.24680965925149,142.22723323852395,162.47404289777546,1.0,0.0,154.82468096592515,153.0,155.0,0.8246809659251492,0.0,2.0
146.0,0.0,0.0,0.005347809207902193,0.000652190792097807,0.0,0.0,65.0,0.4,38.217526336782456,7.139123683160878,28.695618415804386,134.0,162.69561841580438,2.956572376293421,0.0,151.30438158419562,149.6521907920978,151.6521907920978,1.0,0.0,2.0
137.0,0.0,0.0036780161525590636,0.001,0.0,0.0,0.0,75.0,0.2,31.287935389763746,7.035603230511812,24.0,127.0,151.0,2.0,0.0,138.0,139.0,139.32198384744095,1.0,0.0,2.0
144.21121643205052,0.001131463927991582,0.0016971958919873732,0.002605608216025254,0.003434268036004209,0.0,0.0,53.60560821602525,2.3737072144016835,6.948288576067343,16.349909166889653,148.4342680360042,51.56573196399579,200.0,12.0,0.5699688092250241,150.90841232403787,142.64548446805472,150.21121643205052,55.43426803600421,0.43426803600420893,2.0
140.93731097186364,0.0012670282701694215,0.0,0.004602169621016528,0.00026702827016942133,0.0,0.0,33.33514135084711,2.6392406326442153,2.6702827016942132,12.903556876542975,68.80108481050826,118.65943459661158,187.46051940711985,4.534056540338843,0.5699688092250241,160.80108481050826,158.26702827016942,160.06811308067768,9.931886919322315,0.2670282701694213,2.0
143.0,0.0,0.0004854800545793679,0.005271779918130948,0.0,0.0,0.0,63.48548005457937,0.4878629986355158,34.87862998635516,6.621370013644842,32.271779918130946,128.12137001364485,160.39314993177578,3.878629986355158,0.0,147.48548005457937,146.0,148.12137001364485,0.36411004093452615,0.12137001364484201,2.0
143.0,0.0,0.0002025739783930719,0.0,0.0,0.0,0.0,65.79742602160692,0.5202573978393072,28.0,13.783603569750301,93.0,72.0,165.0,4.0,0.0,144.0,144.0,146.0,2.202573978393072,1.0,2.0
138.68309633068316,0.00034154816534157453,0.007901422015901107,0.0037077408267078725,0.001316903669316851,0.0,0.0,66.14786697614834,0.4658451834658426,28.584518346584254,6.902464449602472,59.415481653415746,103.0,162.41548165341575,4.683096330683149,0.0,151.34154816534158,145.36619266136628,147.04928899204944,6.950711007950553,1.0,2.0
123.29883654181151,0.0,0.0015976730836230325,0.00014941827090575812,0.0,0.0,0.0,69.55174518728272,0.3,64.65523556184817,5.750581729094242,27.60930766550787,103.09185579268062,130.7011634581885,1.0,0.0,123.29883654181151,123.14941827090576,124.29883654181151,0.8505817290942419,1.0,2.0
152.0,0.0,0.0,0.0031327057990401977,0.0,0.0,0.0,60.7345884019196,0.4132705799040198,63.7345884019196,6.551199716736672,34.53082319616079,128.6018826028794,163.1327057990402,3.0,0.5699688092250241,160.0,157.0,159.8672942009598,1.1327057990401976,1.0,2.0
159.0,0.0,0.0,0.0054581851164248255,0.0,0.0,0.0,68.12508893014511,0.3291637023284965,19.541814883575174,6.6333096186279725,17.33309618627972,151.25017786029022,168.58327404656993,0.0,0.0,163.58327404656993,163.29163702328498,164.58327404656993,0.0,1.0,2.0
141.81493335818163,0.0,0.01,0.001674026656727344,0.0,0.0,0.0,77.83701332836367,0.2,47.8590932985457,4.767402665672734,10.325973343272656,136.16298667163633,146.488960014909,1.0,0.0,142.0,141.16298667163633,143.0,0.0,0.0,2.0
123.48735730834642,0.0,0.004092414385007851,0.0006974714616692837,0.0,0.0,0.0,66.90758561499214,0.3,38.43678654173209,6.16303424599686,20.39494292333857,112.60505707666144,133.0,0.6050570766614327,0.0,123.48735730834642,122.78988584667714,124.48735730834642,0.0,-0.30252853833071636,2.0
143.3198592282397,0.0,0.01,0.0,0.0,0.0,0.0,71.5992961411985,0.26801407717603004,50.6397184564794,5.25992961411985,13.959577684719099,140.0808446305618,154.0404223152809,1.0,0.0,146.3602815435206,145.3602815435206,147.3602815435206,0.0,0.0,2.0
147.85583413464556,0.0,0.004958052083202604,0.0,0.0012372227564303687,0.0,0.0,60.43249759606334,0.933027964750629,47.897782051442945,12.8,121.4233365385822,64.10221794855705,185.52555448713926,9.711668269291106,0.5699688092250241,148.85583413464556,147.23722275643036,149.85583413464556,5.711668269291106,0.6186113782151843,2.0
144.01086655823056,0.0,0.0007418500813270762,0.000989133441769435,0.0,0.0,0.0,62.25814991867293,0.4247283360442359,22.75271663955764,9.757063262849867,29.516299837345848,124.23641680221179,153.75271663955763,3.258149918672924,0.0,146.0,144.0,146.75271663955763,1.0,1.0,2.0
125.47581531587922,0.0,0.005,0.0008413948947069263,0.0,0.0,0.0,67.11023573705151,0.3,44.73115915765541,6.0061866368809955,21.158605105293073,113.58605105293074,134.74465615822382,0.1586051052930737,0.0,125.6344204211723,124.95163063175845,126.79302552646537,0.1586051052930737,0.0,2.0
142.76174151839786,0.00023825848160214324,0.0,0.0028808707591989283,0.0,0.0,0.0,64.64261227759678,0.5880870759198928,14.0,12.644789175594106,37.52348303679571,120.59564620400536,158.11912924080107,4.523483036795714,0.0,145.59564620400536,145.11912924080107,146.35738772240322,2.0,0.11912924080107157,2.0
142.0,0.0,0.005743687055490464,0.0,0.0,0.0,0.0,68.87184352774523,0.3,39.0,6.525631294450954,14.128156472254767,136.87184352774523,151.0,1.0,0.0,142.0,142.0,143.0,0.0,0.0,2.0
138.05849456606913,0.0009707527169654409,0.0,0.004,0.0,0.0,0.0,43.146236415172794,1.0941505433930883,20.029247283034557,11.247354890537794,43.795269018758084,129.17548369820736,172.97075271696545,7.824516301792645,0.5699688092250241,161.67827988661986,154.91225815089632,158.7952690187581,7.853763584827204,0.9707527169654409,2.0
150.82581675056477,0.00034836649887047457,0.0,0.006606534004518102,0.0046516335011295255,0.0,0.0,58.561434507906675,1.3174183249435238,14.129083752823814,10.778693199096379,149.12908375282382,50.348366498870476,199.47745025169428,8.0,0.5699688092250241,156.52254974830572,149.0450994966114,155.34836649887046,36.94868576637812,1.0,2.0
137.61339039757968,0.0,0.0024485274819954586,0.002871130132526555,0.0,0.0,0.0,46.448527481995455,0.574226026505311,60.87113013252655,4.9582431457792095,17.582431457792104,130.38660960242032,147.96904106021245,1.0,0.0,140.35565066263277,139.4845205301062,141.35565066263277,0.0,0.0,2.0
144.99464343722258,0.0,0.005697020522405413,0.0033244057287042904,0.0,0.0,0.0,69.33511885425914,0.3,53.32440572870429,4.76755942712957,11.670237708518284,143.99464343722258,155.66488114574085,0.3351188542591419,0.0,150.32440572870428,148.65952458296343,150.65952458296343,0.0,0.0,2.0
131.46104953774966,0.0,0.00797403302516643,0.0022305247688748234,0.0,0.0,0.0,60.76947523112518,0.5,11.435082562916078,11.374350825629161,82.30842569337553,66.46104953774964,148.76947523112517,4.0,0.0,134.94806605033287,133.94806605033287,135.94806605033287,1.7435082562916078,1.0,2.0
147.3215197920966,0.0,0.0,0.0051607598960483085,0.0,0.0,0.0,50.08987864862801,0.5678480207903384,52.321519792096616,5.2,17.19620051975846,148.51772031185507,165.71392083161354,1.839240103951692,0.0,159.03544062371014,157.19620051975846,158.35696041580675,0.0,0.0,2.0
144.72576916883344,0.0,0.007907802144714373,0.0,0.0,0.0,0.0,76.81796702411906,0.3,18.543736192952498,5.0366428686452185,12.91016487940469,135.36170321707155,148.27186809647625,0.1820329758809378,0.1820329758809378,141.6359340482381,142.45390107235718,144.27186809647625,0.0,0.1820329758809378,2.0
139.6786582204226,0.000832134177957742,0.0,0.003832134177957742,0.0,0.0,0.0,42.16067088978871,1.0664268355915485,19.496402533873226,11.451079239838032,42.32134177957742,130.00719493225355,172.32853671183096,7.16067088978871,0.5699688092250241,161.16067088978872,155.0,158.83213417795776,7.16067088978871,0.8321341779577419,2.0
145.98506453247833,0.0,0.0,0.0009850645324783276,0.0009850645324783276,0.0,0.0,68.46266133119582,0.3507467733760836,12.94025812991331,6.764188694145589,18.552274136325853,136.97012906495667,155.52240320128251,0.5074677337608362,0.0,145.53733866880418,146.52240320128251,147.52240320128251,0.4925322662391638,0.0,2.0
141.96807064141584,0.0,0.003974456513132666,2.554348686733432e-05,0.0,0.0,0.0,67.95529889798216,0.30063858717168335,37.974456513132665,6.694891302626534,15.0,135.97445651313268,150.97445651313268,1.0,0.0,142.0,141.98722825656634,142.99361412828316,0.0,0.0,2.0
138.28703813317492,0.0005740762663498255,0.0008611143995247383,0.003564809334125436,0.0015740762663498256,0.0,0.0,55.277771200950525,1.5583343198574215,7.842580535075959,9.31018178715777,136.59261013079862,57.7036949346007,194.2963050653993,11.287038133174914,0.5699688092250241,142.0092669322244,129.15741946492403,139.2963050653993,69.25923733650174,0.0,2.0
142.9153654081213,0.0,0.007233853836751484,0.0,0.0,0.0,0.0,75.76614616324852,0.2616926918375742,46.3184884286302,4.6,10.149219244872773,136.38307308162425,146.53229232649704,1.0,0.0,142.61692691837575,141.38307308162425,143.0,0.0,0.6169269183757422,2.0
151.92474471210969,0.0,0.0,0.004037627643945153,0.0,0.0,0.0,61.793047958301656,0.40188138219725766,66.90593089013711,3.9112882931835458,9.962372356054846,152.05644146591774,162.01881382197257,1.0,0.0,160.0,158.01881382197257,160.01881382197257,0.0,0.9811861780274235,2.0
142.42269468911667,0.0007363729459666632,0.0,0.002840932364916658,0.0,0.0,0.0,47.42269468911668,0.8104559418949995,17.736372945966664,8.883201833828325,42.736372945966664,126.47274589193333,169.20911883789998,8.0,0.5699688092250241,156.31367825684998,154.36818647298333,156.47274589193333,4.577305310883322,0.6318135270166684,2.0
147.55882148638497,0.0,0.0,0.002,0.0012598035810641598,0.0,0.0,55.07842864851328,0.648039283787168,48.41666087809072,6.8789231689984485,67.66176777042256,94.55882148638496,162.22058925680753,4.0,0.5699688092250241,157.51960716212832,152.77941074319247,156.51960716212832,6.960785675743361,1.0,2.0
143.73198859380076,0.0,0.0,0.0007319885938007773,0.0,0.0,0.0,70.0,0.3,45.7060513278965,5.3,13.36599429690039,137.73198859380076,151.09798289070116,1.0,0.0,146.0,144.73198859380076,146.3659942969004,0.0,0.0,2.0
138.38004386085242,0.0,0.004920029240568289,0.0005399853797158555,0.0013800438608524337,0.0,0.0,71.31988303772684,0.2920029240568289,27.699926898579278,7.1,24.460014620284145,124.69992689857928,149.15994151886343,1.5399853797158554,0.0,139.84005848113657,138.53998537971586,139.92002924056828,2.3800438608524335,0.4600146202841445,2.0
123.0,0.0,0.0,0.0002201546048488564,0.0,0.0,0.0,70.88061841939543,0.4559690790302287,39.82479275031454,7.771628948362745,66.81706250787173,87.89922697575572,154.71628948362743,4.559690790302287,0.0,123.0,124.0,126.0,1.0,0.2201546048488564,2.0
138.0,0.0,0.01,0.002320941916480875,0.002,0.0,0.0,59.89301936117304,0.5,31.35811616703825,6.596736786228779,55.786038722346085,102.67905808351912,158.46509680586522,4.1069806388269585,0.0,150.57207744469216,144.10698063882697,145.32094191648088,8.358116167038249,1.0,2.0
146.0,0.0,0.001433832584987832,0.001522055805004056,0.0,0.0,0.0,62.911776779983775,0.4238972097497972,51.088223220016225,7.803682809491482,44.28308370750609,117.76102790250202,162.04411161000812,5.238972097497972,0.0,156.04411161000812,153.04411161000812,155.80513951251015,2.238972097497972,1.0,2.0
133.6698673705911,0.0,0.01,0.0022936671066194486,0.0009174668426477795,0.0,0.0,59.0,0.5,20.04606763456279,7.552206235512941,53.45873342132389,97.29366710661945,150.75240052794334,4.45873342132389,0.0,144.29366710661944,141.21113394926724,144.75240052794334,3.5412665786761104,1.0,2.0
150.0,0.0,0.01,0.0,3.700799614100533e-05,0.0,0.0,73.11102398842301,0.29629920038589946,43.96299200385899,7.222283208103889,26.33307196526905,127.81496001929497,154.14803198456403,2.9259840077179895,0.0,150.14803198456403,149.14803198456403,151.14803198456403,0.03700799614100536,1.0,2.0
142.70936083019342,0.0,0.01,0.001316255667922628,0.0,0.0,0.0,77.65812783396132,0.2,46.6068948377292,4.731625566792262,10.683744332077373,136.34187216603868,147.02561649811605,1.0,0.0,142.0,141.34187216603868,143.0,0.0,0.0,2.0
141.7957313588037,0.0,0.0012652437862678964,0.0014695124274642073,0.0,0.0,0.0,46.265243786267895,0.8734756213732104,14.306402961794467,13.122408461074132,93.30640296179446,76.57164674806236,169.87804970985684,6.1021343205981555,0.5699688092250241,156.30640296179448,152.83689053433025,154.57164674806236,4.8368905343302595,1.0,2.0
147.32028105510017,0.0019320281055100175,0.0,0.007660140527550087,0.0,0.0,0.0,43.18433726612021,1.0563353573269598,13.980421582650262,9.980642609143903,60.54377515591986,134.2523091606102,194.79608431653006,4.9320281055100175,0.06797189448998253,157.20391568346994,158.0,158.06797189448997,1.6797189448998253,0.0,2.0
145.0,0.0,0.0,0.002897490272009321,0.0,0.0,0.0,50.79498054401864,0.689749027200932,6.589961088037283,8.728031129570175,24.307529183972036,140.89749027200932,165.20501945598136,0.8974902720093207,0.0,153.61505836794407,152.41003891196272,153.5125486399534,1.2050194559813585,0.10250972799067926,2.0
149.62337092341872,0.0,0.00012554302552709768,0.0,0.0,0.0,0.0,77.81168546170936,0.20627715127635488,51.43940058934484,4.749782789789161,10.937228487236451,145.8744569744729,156.81168546170935,1.0627715127635489,0.0,153.81168546170935,152.81168546170935,154.81168546170935,0.0,1.0,2.0
139.37577144460164,0.0003121142776991866,0.0,0.004,0.0,0.0,0.0,46.43942861150407,0.9624228555398373,20.687885722300813,10.061805699858535,39.184799943894305,133.1273143338049,172.31211427769918,3.87268566619512,0.5699688092250241,154.43325705469104,152.93634283309757,154.18479994389432,4.560571388495934,0.31211427769918665,2.0
146.0,0.0,0.006525140586263797,0.00040702235463103146,0.0,0.0,0.0,65.0,0.4932162940894828,32.06783705910517,9.35754217587914,32.79648882268449,133.06783705910516,165.86432588178965,3.796488822684484,0.0,152.7964888226845,150.86432588178965,153.7964888226845,1.0,0.0,2.0
150.30096356694682,0.0,0.0,0.00240770853557453,0.0036019271338936327,0.0,0.0,69.38843719663821,1.0203854267787265,37.36916585770188,6.515492331596852,148.60192713389364,50.69903643305318,199.30096356694682,8.0,0.30096356694681625,154.60192713389364,149.39807286610636,155.0,32.91252637030861,1.0,2.0
143.70817208864528,0.0,0.01,0.0,0.0,0.0,0.0,73.5408604432264,0.22918279113547185,51.41634417729056,5.45408604432264,15.124516265935846,137.75096746812832,152.87548373406415,1.0,0.0,145.58365582270943,144.58365582270943,146.58365582270943,0.0,0.0,2.0
141.0,0.0,0.002797948195593685,0.003932649398531229,0.0,0.0,0.0,60.067350601468775,0.4932649398531228,22.0,7.7393844586781055,24.59589639118737,128.33675300734384,152.93264939853123,1.0,0.0,145.86529879706245,143.93264939853123,145.93264939853123,0.9326493985312283,0.9326493985312283,2.0
120.58217046017627,0.0,0.0,0.00174651138052882,0.0029108523008813665,0.0,0.0,44.47364745136261,1.0821704601762732,17.96667021242025,1.002790895576944,66.32868184070509,67.23953414158646,133.56821598229155,2.0,0.0,121.74651138052882,118.95271573453553,113.43178401770845,61.356590796474535,0.4178295398237267,2.0
148.6917661139059,0.0,0.002616467772188173,0.0036541169430470435,0.0,0.0,0.0,70.1576372026586,0.7037649170858871,1.0376491708588702,10.008233886094086,30.616467772188173,139.3082338860941,169.92470165828226,0.6541169430470433,0.0,150.6917661139059,151.03764917085886,152.38353222781183,1.0376491708588702,-0.6541169430470433,2.0
143.86274655330243,0.0007581689644650458,0.0,0.0025163379289300917,0.0,0.0,0.0,50.37908448223252,0.7379084482232523,13.967324142139816,8.133985860911551,45.032675857860184,120.0719017309772,165.10457758883737,8.0,0.0,153.0,152.10457758883737,153.48366207106992,2.758168964465046,1.0,2.0
143.3201942366876,0.0,0.00264038847337518,0.0,0.0,0.0,0.0,73.95425796618748,0.3,53.542579661874875,5.009780881150031,23.137226101437538,130.86277389856247,154.0,3.0,0.0,150.9542579661875,149.9542579661875,151.0,0.0,1.0,2.0
140.74307361230476,0.0,0.00961461041845713,0.0008715368061523763,0.0,0.0,0.0,78.0,0.2,60.743073612304755,4.635768403076188,12.743073612304752,133.0,145.74307361230476,1.0,0.0,142.61461041845712,140.74307361230476,142.74307361230476,0.0,0.8715368061523763,2.0
130.0,0.0,0.002026511030822603,0.0,0.002026511030822603,0.0,0.0,74.9734889691774,0.3026511030822603,65.36373526025753,2.1106044123290415,60.0,105.0,165.0,6.0,0.0,130.0265110308226,128.9734889691774,131.0,1.0530220616452062,0.0,2.0
152.0,0.0,0.0,0.004937755710571383,0.0,0.0,0.0,61.96887785528569,0.4,59.15561072357154,5.615561072357154,25.280099302428777,135.78214498699984,161.0622442894286,0.09336643414292567,0.03112214471430852,159.03112214471432,156.03112214471432,158.0622442894286,1.0,1.0,2.0
138.50208900954246,0.0007496518317429247,0.005257311533398583,0.003748259158714624,0.0,0.0,0.0,62.75104450477123,0.3749651831742925,42.25034816825708,5.675382985082783,22.50069633651415,132.49930366348585,155.0,2.0,0.0,143.25174084128537,141.25174084128537,143.25174084128537,0.2503481682570753,0.0,2.0
149.56905135856306,0.0,0.0009106036809144238,0.0008699137598693681,0.001520344960522528,0.0,0.0,63.6097412796081,1.769913759869368,9.910603680914424,17.555315838805065,129.86991375986938,57.04068992104506,186.91060368091442,2.9106036809144236,0.13008624013063197,148.95931007895496,146.69913759869368,149.69913759869368,9.260172480261264,0.869913759869368,2.0
137.0,0.001,0.0,0.005758263195929023,0.0,0.0,0.0,62.758263195929025,0.4,47.307842371503156,4.945042082442586,22.0,133.0,155.0,2.0,0.0,142.0,140.75826319592903,142.0,0.0,0.0,2.0
146.0,0.0,0.0,0.003975413083541199,0.0,0.0,0.0,64.0245869164588,0.4,31.196695331670412,7.19508261670824,19.0,137.0,156.0,1.9754130835411985,0.0,150.0,147.0491738329176,150.02458691645882,1.0,0.02458691645880151,2.0
142.95575289694202,0.0,0.0009778764484710029,6.637065458699176e-05,0.0,0.0,0.0,63.93362934541301,0.4,19.06637065458699,6.5088494206115985,17.044247103057995,136.911505793884,153.95575289694202,1.9778764484710027,0.0,144.0,143.977876448471,145.0,0.0,0.0,2.0
127.58888175319633,0.0,0.006294440876598165,0.0016472204382990824,0.0006763897808504588,0.0,0.0,66.7638978085046,0.4323610219149541,24.14584671275688,8.491523942343028,80.67638978085046,57.17776350639266,137.85415328724312,4.676389780850458,0.0,128.8833226297945,127.20693284894404,129.20693284894404,2.0,1.0,2.0
146.0,0.0,0.0034205023328326605,0.002556784047976671,0.0005113568095953343,0.0,0.0,65.0,0.4488643190404666,36.602211286358006,8.221607976011665,30.44321595202333,133.51135680959533,163.95457276161866,4.0,0.0,152.48864319040467,150.48864319040467,152.97728638080932,1.0,0.0,2.0
142.91837032876882,0.0,0.004459185164384413,0.0,0.0,0.0,0.0,70.06633323972986,0.2770407417807793,39.68877774657662,6.2178555773963655,14.311222253423379,136.2295925821922,150.54081483561558,1.0,0.0,142.0,142.0,143.0,0.0,0.0,2.0
142.09977225963902,0.0,0.0006832953766065052,0.0012668184935739793,0.0,0.0,0.0,49.09977225963903,1.0683295376606505,13.167046233934947,17.555315838805065,109.93272602570408,74.16704623393495,184.09977225963902,8.683295376606505,0.5699688092250241,155.85034161054145,152.58352311696748,154.90022774036098,6.633409246786989,1.0,2.0
147.77048646811625,0.0,0.0,0.0025540972936232515,0.0,0.0,0.0,55.64916752347902,0.7662291880869755,3.0,9.99311784849257,27.55409729362325,138.89180541275348,166.44590270637676,0.0,0.0,155.12131894463724,154.33770811913024,156.33770811913024,3.0,0.44590270637674834,2.0
145.179120001155,0.0,0.005746159991914984,0.003631866668591671,0.0,0.0,0.0,65.0,0.3726373333718334,43.726373333718335,6.5726373333718335,22.547253332563333,133.179120001155,155.72637333371833,2.726373333718334,0.0,150.63186666859167,148.63186666859167,150.63186666859167,1.0,0.7263733337183341,2.0
150.99712450015772,0.0,0.0,0.0059827470009462674,0.005997124500157712,0.0,0.0,63.02012849889602,1.300287549984229,21.077638495741798,8.189073100599302,149.99712450015772,50.00287549984229,200.0,8.005750999684578,0.5699688092250241,155.99424900031542,148.99424900031542,155.99712450015772,44.02875499842289,1.0,2.0
143.0,0.0,0.0072450821380115405,0.0,0.0,0.0,0.0,70.0,0.3,49.426181302235975,5.214763739552805,13.0,139.13090651117986,152.13090651117986,1.0,0.0,146.42618130223596,144.85236260447195,146.85236260447195,0.0,0.0,2.0
139.09722595134065,0.0004513870243296755,0.0,0.005097225951340649,0.0,0.0,0.0,42.45138702432968,1.2645838927010973,17.805548097318702,11.190277404865935,46.1944519026813,126.25693512164838,172.45138702432968,4.159709170307728,0.5699688092250241,155.96525726762644,152.25693512164838,154.6110961946374,5.805548097318702,0.4513870243296755,2.0
140.81811910595835,0.0,0.0,0.0035091285364249923,0.0,0.0,0.0,48.32724764238334,0.8672752357616662,20.345504715233325,9.140027593378328,37.818119105958345,133.3637617880833,171.18188089404165,2.981742927150015,0.5699688092250241,151.32724764238333,152.32724764238333,152.49087146357502,2.836376178808331,0.16362382119166918,2.0
150.25709496375077,0.0,0.0,0.0008207618050002827,0.0,0.0,0.0,65.82076180500029,0.37948095487499295,21.0,6.479480954874993,16.58961909749986,146.64152361000058,163.23114270750042,0.0,0.0,157.4363331587505,156.64152361000058,158.4363331587505,0.0,0.20519045125007063,2.0
147.8557755804704,0.0,0.01,0.0,0.0,0.0,0.0,73.30631777421851,0.3,47.06317774218511,6.564837341875573,25.081046677344467,128.91895332265554,154.0,3.0,0.0,150.3063177742185,149.3063177742185,151.0,0.0,1.0,2.0
137.0,0.001,0.0,0.005779230387211239,0.0,0.0,0.0,62.55846077442248,0.4,48.11692154884496,4.866230883836628,22.0,133.0,155.0,2.0,0.0,142.0,140.77923038721124,142.0,0.0,0.0,2.0
146.0,0.0,0.0,0.003,0.0,0.0,0.0,65.0,0.4,39.0,7.0,19.0,137.0,156.0,1.0,0.0,150.0,149.0,151.0,1.0,1.0,2.0
137.76349511452298,0.0,0.004236504885477008,0.0009585020937758607,0.0,0.0,0.0,67.40249651037357,0.3319500697925287,22.278002791701148,7.692948673941956,19.763495114522993,129.0,148.76349511452298,2.0,0.0,139.40249651037357,139.08299581244827,140.40249651037357,0.6804993020747131,0.0,2.0
149.18233178578296,0.0,0.0013090224285622705,0.0010364663571565944,0.0,0.0,0.0,53.21879814293956,0.6618044857124541,12.727443928594324,12.63263139998718,90.34548878571887,76.41842150003205,166.7639102857509,3.2725560714056763,0.5699688092250241,156.45488785718865,155.14586542862637,156.49135421434525,2.6545112142811353,1.0,2.0
142.37215243197136,0.0,0.0,0.0034534809460035816,0.0,0.0,0.0,45.81977858099463,0.972674047300179,14.534809460035813,12.409303810799283,96.54066425701612,84.27911432397852,180.81977858099464,6.906961892007162,0.5699688092250241,163.36629763499104,157.36629763499104,160.09303810799284,8.0,1.0,2.0
142.0982728754992,0.0,9.827287549917939e-05,0.0028525906867512313,0.0,0.0,0.0,51.75431781125205,0.8,10.04913643774959,11.127754738148933,71.9335923172422,88.26295343375615,160.19654575099835,5.950863562250411,0.049136437749589645,153.0,149.0982728754992,152.95086356225042,4.9017271245008205,1.0,2.0
140.5468263246573,0.0,0.00030211578356180045,0.002546826324657299,0.0,0.0,0.0,62.0574052424663,0.38489421082191,21.8489421082191,6.945317367534271,19.4531736753427,132.2447105410955,151.6978842164382,1.0,0.0,144.0,142.8489421082191,144.8489421082191,0.15105789178090023,0.15105789178090023,2.0
146.0,0.0,0.0034059911937443887,0.0008646696020852038,0.0,0.0,0.0,65.54132159165918,0.4567665198957398,48.458678408340816,9.184193835621071,43.29700440312781,117.4323348010426,160.7293392041704,5.567665198957398,0.0,154.7293392041704,151.7293392041704,154.161674005213,2.567665198957398,1.0,2.0
158.718079600838,0.00016915223949720342,0.0,0.007548927361340791,0.0,0.0,0.0,65.43615920167599,0.41127681596648025,12.267006962178785,8.325209352519558,24.112768159664803,149.2255363193296,173.33830447899442,0.056384079832401124,0.056384079832401124,164.7744636806704,163.8308477605028,165.7744636806704,0.056384079832401124,0.8872318403351978,2.0
152.0,0.0,0.0,0.0024197273169261225,0.0,0.0,0.0,60.41972731692612,0.4,61.09863658463061,6.680272683073877,34.0,129.0,163.0,3.0,0.5699688092250241,160.0,157.0,160.0,1.0,1.0,2.0
138.0,0.0,0.001722948104671829,0.0042770518953281714,0.0006385259476640856,0.0,0.0,58.084422157007744,1.2554103790656341,9.27705189532817,8.39393632672972,126.9393632672972,63.25326647102323,190.19262973832042,9.361474052335915,0.5699688092250241,142.0,128.08442215700774,138.72294810467181,69.9393632672972,0.0,2.0
144.0,0.0016024056020372058,0.0,0.0037951887959255886,0.0,0.0,0.0,47.80721680611162,0.7397594397962794,2.602405602037206,10.47591047653675,38.831272826483676,139.20481120407442,178.03608403055807,3.0,0.0,162.0,158.0,161.6024056020372,4.397594397962794,0.3975943979627943,2.0
138.45156959530266,0.002,0.00508049358355931,0.00054843040469734,0.0,0.0,0.0,57.19372161878936,0.7177354392953991,8.27421520234867,8.598363277416464,66.29058242818404,126.45156959530266,192.7421520234867,6.17735439295399,0.5699688092250241,144.54843040469734,145.45156959530266,146.72578479765133,3.4515695953026597,-1.0,2.0
147.9359105918393,0.0,0.01,0.0,0.0,0.0,0.0,72.04806705612052,0.3,59.12817881632137,4.298397764795983,14.032044704080343,138.95193294387948,152.98397764795982,1.0160223520401717,0.0,149.91988823979915,147.96795529591967,149.95193294387948,0.0,0.9839776479598282,2.0
142.0,0.0,0.0,0.006,0.0,0.0,0.0,58.40933400631504,0.4,31.409334006315042,6.181866801263008,22.0,141.0,163.0,1.590665993684957,0.0,155.0,153.0,155.0,1.0,0.0,2.0
141.21180159264173,0.0,0.00010590079632086561,0.002682297611037403,0.0,0.0,0.0,61.317702388962594,0.4,21.682297611037402,6.857639681471654,18.78819840735827,133.42360318528347,152.21180159264173,1.1059007963208656,0.0,144.0,143.10590079632087,145.0,0.0,0.0,2.0
149.0,0.0,0.0,0.005229954605891087,0.0,0.0,0.0,62.540090788217825,0.4,62.47049933519805,4.737972763534652,12.229954605891086,146.0,158.2299546058911,1.0,0.0,153.2299546058911,153.0,155.0,0.0,0.7700453941089138,2.0
146.42620940805017,0.0,0.0002131047040250833,0.0047213717758495,0.0002131047040250833,0.0,0.0,64.14758118389966,0.42131047040250835,34.2786282241505,7.165584825572409,30.213104704025085,133.14758118389966,163.36068588792475,1.2131047040250833,0.0,150.85241881610034,149.63931411207525,151.63931411207525,1.0,0.2131047040250833,2.0
137.90659775134645,0.0,0.0004047430774986477,0.004906597751346466,0.0,0.0,0.0,45.68494982345925,0.6875463668461954,62.15567041442256,6.662639100538587,38.657525088270376,113.09340224865353,151.75092733692392,3.0311340828845115,0.0,140.84432958557744,138.87546366846195,140.87546366846195,0.9688659171154886,1.0,2.0
142.74166587312058,0.0,0.01,0.0013033336507517702,0.0,0.0,0.0,77.65166682537588,0.2,46.56166777763119,4.730333365075177,10.696666349248229,136.34833317462412,147.04499952387235,1.0,0.0,142.0,141.34833317462412,143.0,0.0,0.0,2.0
148.52589462510497,0.0,0.0,0.0014741053748950446,0.0,0.0,0.0,71.57768387531486,0.3368526343723761,31.0,6.0633474187027705,13.94821074979009,142.68326290648616,156.63147365627623,1.3685263437237611,0.0,152.52589462510497,150.78884193765742,153.1573682813812,0.36852634372376114,0.6314736562762389,2.0
141.0,0.0,0.0,0.0025930747495189112,0.0,0.0,0.0,61.0,0.4,22.949492251122543,6.68297319974342,18.18614949903782,133.27128350032072,151.45743299935856,1.0,0.0,144.0,143.0,145.0,0.0,0.13564175016036295,2.0
143.47320990669155,0.0,0.0,0.005366049533457786,0.00047320990669155716,0.0,0.0,62.63395046654222,0.5053580186616886,11.160740559850657,10.413419569181501,35.63395046654222,121.41962972007467,157.0535801866169,2.633950466542214,0.0,145.9464198133831,145.0,146.9464198133831,2.0,0.47320990669155716,2.0
140.93638685582945,0.0,0.007968193427914721,0.0,0.0,0.0,0.0,75.06361314417056,0.29681934279147215,49.190839432511666,4.5904580283744165,9.063613144170557,135.90458028374417,144.9681934279147,1.0,0.0,142.90458028374417,140.93638685582945,142.93638685582945,0.0,0.9681934279147217,2.0
138.18552551570312,0.0003710510314062423,0.0005565765471093635,0.004072372421484395,0.0013710510314062423,0.0,0.0,55.886846905781276,1.466972964132809,8.959219327265668,9.624870901320325,134.96840825124994,58.51579587437503,193.48420412562496,11.185525515703121,0.5699688092250241,141.29867860992184,128.04078067273434,138.48420412562496,71.28948968593758,0.0,2.0
145.34311583977805,0.0,0.004788260992266335,0.00013137683204438922,0.0,0.0,0.0,78.0,0.2,57.525507328177554,4.352550732817756,12.131376832044388,136.47449267182245,148.60586950386684,1.0,0.0,143.8686231679556,142.7372463359112,144.7372463359112,0.0,0.1313768320443892,2.0
132.0,0.00044680629441651645,0.01,0.002787225177666065,0.006436177969542193,0.0,0.0,30.117015736041292,3.6851099289335734,0.0,10.924465979695691,133.18088984771097,52.45743461929084,185.6383244670018,6.106387411166967,0.5699688092250241,125.40429299491922,120.1170157360413,129.44680629441652,76.0,0.22340314720825827,2.0
139.4581563107119,0.0,0.004312765533932156,0.0,0.0,0.0,0.0,73.16737475715242,0.4,46.31276553393216,9.2,78.77092184464405,66.9163126214238,145.68723446606785,5.083687378576208,0.0,140.68723446606785,139.4581563107119,141.4581563107119,1.770921844644052,1.0,2.0
142.31043354376624,0.0,0.00046565031564933714,0.005913482596818214,0.0,0.0,0.0,59.68956645623378,0.41552167718831123,15.137398737402652,6.955216771883112,21.77608385941556,141.84478322811688,163.62086708753245,0.15521677188311234,0.0,152.06869936870132,151.84478322811688,152.68956645623376,1.7760838594155617,-0.15521677188311234,2.0
142.911808072456,0.0038051199547149946,0.01,0.0015220479818859978,0.0012389760090570012,0.0,0.0,53.955904036228006,1.0477952018114003,34.21337623548203,7.0162176688332085,123.71692802717101,57.238976009057,180.955904036228,12.761023990942999,0.23897600905700112,153.044095963772,148.761023990943,153.283071972829,9.522047981885997,1.0,2.0
145.36401710531726,0.0007475593567371692,0.0014951187134743383,0.0037573219297884924,0.0,0.0,0.0,60.24267807021151,0.4,34.36401710531726,5.539330482447123,23.868898391842922,141.0,164.86889839184292,2.0,0.0,155.74755935673716,154.12133903510576,156.12133903510576,1.0,0.0,2.0
148.08128585622327,0.0017375102446352249,0.0,0.008212530733905673,0.0008687551223176124,0.0,0.0,38.96867316523581,1.0606265366952838,10.0,7.177477461802505,71.0,102.03132683476419,173.03132683476417,6.0,0.0,161.68755122317611,157.68755122317611,161.68755122317611,6.737510244635224,1.0,2.0
138.0,0.0,0.009650523589825037,0.0020975785384737557,0.002,0.0,0.0,59.96747382050875,0.5,9.552945051351283,8.576400517933243,47.227683256438766,102.90242146152625,150.130104717965,3.065052358982504,0.0,144.09757853847375,140.16263089745627,144.130104717965,3.967473820508748,1.0,2.0
141.60423923907842,0.0,0.001662195195870575,0.006445934934709808,0.0,0.0,0.0,60.39576076092157,0.4,8.23745645655294,7.731660860873726,20.0,135.76254354344707,155.76254354344707,0.07915215218431315,0.0,146.8416956956314,145.8416956956314,147.8416956956314,1.0,0.0,2.0
141.9167484273963,0.0,0.0,0.00408325157260369,0.0,0.0,0.0,45.066797483834094,1.1316552201645167,16.383349685479264,9.643271195178805,45.699901887124426,124.38334968547926,170.0832515726037,3.683447798354834,0.0,151.76669937095852,151.53339874191704,152.53339874191704,3.233300629041476,0.38334968547926196,2.0
141.6623287624288,0.0,0.0,0.006220776254142942,0.0024242389631667655,0.0,0.0,52.320357692452056,2.134197106997677,8.76191020073794,8.796107307735616,135.6623287624288,57.96537290976176,193.6277016721906,10.38961187292853,0.5699688092250241,135.32035769245206,127.01731354511912,136.79653729097618,76.0,0.0,2.0
148.59238824243724,0.0010369552969749,0.0020739105939498,0.0024076117575627504,0.0004815223515125501,0.0,0.0,64.48152235151255,0.4,40.48152235151255,5.75565364363012,27.48152235151255,137.62934353941216,165.11086589092469,2.9630447030251004,0.0,154.59238824243724,153.11086589092469,155.11086589092469,1.0,0.0,2.0
142.0,0.0,0.0,0.006,0.0,0.0,0.0,58.1173081889624,0.4,31.117308188962394,6.123461637792478,22.0,141.0,163.0,1.8826918110376054,0.0,155.0,153.0,155.0,1.0,0.0,2.0
140.2503715844051,0.0,0.0007511147532153026,0.0,0.0,0.0,0.0,63.62444262339235,0.5250371584405101,38.877786883038254,8.175854644131732,76.37555737660765,82.37258470136685,158.7481420779745,5.876300545417853,0.0,141.2503715844051,140.2503715844051,142.2503715844051,1.2503715844051009,1.0,2.0
141.88660827662616,0.0,0.005659824829878516,0.0006855652872289714,0.0,0.0,0.0,64.4020859787944,0.7056695861686915,40.489737244817775,11.891756368096262,117.17008758506074,77.42782643614485,194.5979140212056,7.427826436144857,0.0,142.88660827662616,142.88660827662616,143.88660827662616,2.6855652872289713,0.0,2.0
141.0,0.0,0.0,0.0017090823153016119,0.0,0.0,0.0,61.0,0.4,25.01214126429624,6.211510568160859,16.418164630603222,133.86061178979892,150.27877642040215,1.0,0.0,144.0,143.0,145.0,0.0,0.4303058948994627,2.0
138.20052472670034,0.00040104945340067345,0.003,0.00239842581989899,0.0006015741801010102,0.0,0.0,58.19527745969697,1.240629672040404,6.395802186397306,7.419790109319865,124.01574180101011,65.59107964609427,189.60682144710438,10.401049453400674,0.5699688092250241,143.00262363350168,131.40367308690236,141.00262363350168,59.79685163979798,0.0,2.0
139.98318909348288,0.0,0.00847478364022431,0.0004915945467414369,0.0,0.0,0.0,78.0,0.2,59.98318909348287,4.445797273370719,11.983189093482874,133.0,144.98318909348288,1.0,0.0,141.4747836402243,139.98318909348288,141.98318909348288,0.0,0.4915945467414369,2.0
143.32104468537568,0.0,0.01,0.0,0.0,0.0,0.0,70.12841787415027,0.3,50.57788043367621,5.048632850339892,13.064208937075135,141.8073731887746,154.87158212584973,1.0,0.0,147.1926268112254,146.12841787415027,148.12841787415027,0.0,0.06420893707513409,2.0
141.8360571961712,0.0,0.0004180285980856012,0.0017459142057431965,0.0,0.0,0.0,62.2540857942568,0.4,20.745914205743198,6.732788560765759,18.163942803828796,134.6721143923424,152.8360571961712,1.418028598085601,0.0,144.0,143.4180285980856,145.0,0.0,0.0,2.0
146.19301978669472,0.0,0.005379868088701953,0.0014620131911298045,0.0014620131911298045,0.0,0.0,71.0,0.3,18.882953831045683,6.068993404435098,16.07597361774039,137.3860395733894,153.4620131911298,0.26899340443509767,0.0,143.5379868088702,144.7310065955649,146.0,0.7310065955649023,0.0,2.0
138.0,0.0,0.0004048817987256238,0.0039877955031859405,0.0,0.0,0.0,65.60732269808844,0.37975591006371884,15.417086295539683,7.040488179872562,20.404881798725622,128.7975591006372,149.2024408993628,2.595118201274376,0.0,141.60732269808844,140.40488179872563,142.40488179872563,1.0,0.20244089936281184,2.0
136.44819020538213,0.0,0.0,0.005931085876770721,0.0,0.0,0.0,45.93108587677072,0.6689638041076426,57.03420865722282,6.731036195892357,34.654932575069964,116.72434350708289,151.37927608215284,2.6896380410764262,0.0,142.2414478356943,139.9310858767707,141.9310858767707,1.0,1.0,2.0
137.0,0.0,0.0034552201490818013,0.001,0.0,0.0,0.0,76.0895597018364,0.2,35.447798509181986,6.8276100745409005,26.723899254590993,127.0,153.723899254591,2.0,0.0,138.0,140.0895597018364,140.0895597018364,2.0895597018363974,0.0,2.0
130.9883794600919,0.0019883794600918992,0.01,0.003011620539908101,0.005,0.0,0.0,18.081343779356704,2.39418973004595,0.0,13.834924976514637,107.39509835687542,66.88379460091899,174.27889295779443,5.1278259389891065,0.0,133.9418973004595,125.0,131.9883794600919,44.883794600918996,0.0,2.0
152.0,0.0,0.0,0.0049275531122054414,0.0,0.0,0.0,60.14489377558912,0.4,62.36223443897279,3.9927553112205443,12.782659336616323,150.1448937755891,162.92755311220543,1.0,0.0,160.0,158.0,160.0,0.0,1.0,2.0
138.96246778203343,0.0,0.0015699742256267393,0.0024300257743732605,0.0,0.0,0.0,63.7474548948468,0.3607506443593315,35.96246778203342,6.213994845125348,15.0,133.56997422562674,148.56997422562674,1.0,0.0,142.0,140.78498711281338,142.3924935564067,0.0,0.0,2.0
144.47993883471713,0.0005200611652828765,0.0,0.003040122330565753,0.0,0.0,0.0,46.399694173585615,0.7040122330565753,2.4799388347171236,11.756018349584863,30.12036699169726,137.39969417358563,167.52006116528287,2.080244661131506,0.0,160.56018349584863,156.52006116528287,159.04012233056577,4.040122330565753,1.0,2.0
139.7999589037614,0.0,0.007399979451880696,0.0,0.0,0.0,0.0,76.2000410962386,0.23999794518806963,52.60012328871582,4.419993835564209,10.200041096238607,134.19993835564208,144.39997945188068,1.0,0.0,141.19993835564208,139.7999589037614,141.7999589037614,0.0,0.3999794518806963,2.0
131.45831289354652,0.0,0.005208288365802336,0.0005833251574186065,0.0014166748425813937,0.0,0.0,72.66669937032557,0.3,66.2916625787093,3.091652767611631,50.6667974813023,108.20828836580233,158.87508584710463,5.4166748425813935,0.0,131.7499754722558,130.7499754722558,132.7499754722558,0.7083374212906968,0.29166257870930323,2.0
132.69498188612656,0.0033899637722530854,0.01,0.0055250905693672876,0.0023899637722530854,0.0,0.0,24.96523548035495,1.9644800747391966,0.0,14.69344022421759,106.69498188612654,65.16989131675925,171.8648732028858,5.779927544506171,0.30501811387345745,129.57920298956788,124.69498188612654,133.77992754450617,76.0,0.30501811387345745,2.0
129.83926561686476,0.0,0.01,0.004580367191567614,0.0,0.0,0.0,64.41963280843238,0.38601223971892046,55.81840883654034,5.327975520562159,23.699388014053977,117.7202447943784,141.4196328084324,1.4196328084323864,0.0,131.69938801405397,130.69938801405397,132.69938801405397,0.0,0.13987760281079542,2.0
147.30223516659976,0.0,0.0015597019777866996,0.0006604470333199507,0.0,0.0,0.0,50.962682199919705,0.71194039555734,12.10074505553325,12.983582768901378,90.22014901110666,75.54104307774655,165.7611920888532,3.8992549444667493,0.5699688092250241,155.2014901110665,153.64178813327982,154.86193714438645,2.77985098889335,1.0,2.0
130.0,0.0,0.0029603811746516428,0.0,0.0029603811746516428,0.0,0.0,74.03961882534836,0.3960381174651643,42.95085180836057,2.484152469860657,60.0,105.0,165.0,6.0,0.0,130.96038117465164,128.03961882534836,131.0,2.9207623493032857,0.0,2.0
147.4415208417735,0.0,0.006753409685648223,0.0,0.0009610138945156579,0.0,0.0,61.67543747467954,0.8363548630804802,45.68811115612526,12.8,119.76608336709394,66.31188884387474,186.07797221096868,8.883041683546974,0.48050694725782894,148.4415208417735,146.96101389451565,149.4415208417735,4.883041683546974,0.48050694725782894,2.0
146.95069821581825,0.00010493017841817487,0.0,0.003104930178418175,0.0,0.0,0.0,38.524650892090875,0.920986035683635,17.314790535254524,12.105562839423643,35.04930178418175,134.37041892949094,169.4197207136727,3.5246508920908743,0.20986035683634974,157.52465089209088,155.0,158.1049301784182,3.5246508920908743,0.10493017841817487,2.0
131.9363601269002,0.0,0.01,0.0012102250793126373,0.00048409003172505494,0.0,0.0,59.0,0.5,17.662495174487802,8.613979422273616,53.24204501586253,96.21022507931264,149.45227009517515,4.242045015862527,0.0,143.21022507931264,139.6943151110377,143.45227009517515,3.7579549841374726,1.0,2.0
140.0533496269314,0.0,0.002240073321191364,0.0,0.0,0.0,0.0,69.0266748134657,0.3,21.040012220198562,8.27999388990072,21.959987779801438,129.0533496269314,151.01333740673286,1.9866625932671464,0.0,141.0533496269314,141.04001222019855,142.0533496269314,0.9866625932671464,0.0,2.0
144.85750445709849,0.0,0.0,0.002569982171606053,0.0,0.0,0.0,48.43001782839395,0.6142495542901513,2.5725133712954604,11.343508022777275,27.42748662870454,139.85750445709849,167.28499108580303,0.28499108580302646,0.0,158.71500891419697,155.85750445709849,157.85750445709849,2.8575044570984867,0.8575044570984868,2.0
150.49888815345136,0.001002223693097288,0.0,0.0004988881534513561,0.002002223693097288,0.0,0.0,55.48109860867305,1.649444076725678,9.501111846548644,17.555315838805065,137.51667769822967,53.99555261380542,191.5122303120351,5.006671079291864,0.0,154.5100066189378,151.00667107929186,154.00667107929186,11.004447386194576,1.0,2.0
146.0,0.0,0.0,0.003381844265681881,0.0,0.0,0.0,64.61815573431812,0.4,35.94524587454495,7.076368853136376,19.0,137.0,156.0,1.381844265681881,0.0,150.0,148.23631146863625,150.61815573431812,1.0,0.6181557343181191,2.0
144.4049299410882,0.0,0.0,0.0005950700589117922,0.0,0.0,0.0,65.7024649705441,0.4297535029455896,6.322184734896935,8.146302544183843,22.297535029455897,133.21478982326462,155.51232485272052,1.297535029455896,0.29753502945589605,146.51232485272052,146.51232485272052,147.80985988217643,0.29753502945589605,0.0,2.0
134.4771894678953,0.0004403513165130859,0.01,0.005119297366973828,0.003321053949539258,0.0,0.0,43.468406555068164,1.4522810532104686,8.394730252303711,7.51649184311832,135.96316184861777,58.678946050460745,194.64210789907852,11.522810532104687,0.5699688092250241,135.71578420184298,128.9175407844084,136.59648683486915,41.71578420184297,0.0,2.0
145.9902291525808,0.0,0.0,0.0029902291525808165,0.0,0.0,0.0,65.04885423709592,0.39902291525808165,39.00977084741918,6.983389559387388,18.951145762904083,137.01954169483838,155.97068745774246,1.0,0.0,149.96091661032327,148.97068745774246,150.96091661032327,0.9902291525808163,0.9902291525808163,2.0
127.0,0.0,0.005,0.0,0.0,0.0,0.0,61.652922616487984,0.5673538691756008,4.0,11.434707738351202,89.0,62.0,151.0,4.0,0.0,130.34707738351202,128.67353869175602,130.67353869175602,1.6735386917560082,1.0,2.0
144.55313493015413,0.0,0.003035423286769423,0.0,0.0,0.0,0.0,75.03542328676943,0.3,56.070846573538844,4.641144178307645,20.41144178307644,133.07084657353886,153.4822883566153,2.4822883566152885,0.0,150.4822883566153,149.4822883566153,151.0,0.0,1.0,2.0
141.2635994974345,0.0018242670017103333,0.0,0.002527198994869,8.786649914483335e-05,0.0,0.0,61.82426700171033,0.49121335008551664,13.472801005131,7.7472801005131,33.91213350085517,124.82426700171034,158.7364005025655,0.9121335008551666,0.0,149.7364005025655,145.91213350085516,148.91213350085516,2.0,1.0,2.0
125.45438851846427,0.0,0.0007012538624183615,0.0006493730687908193,0.0007012538624183615,0.0,0.0,74.35062693120918,0.3,64.70125386241835,4.567617661405113,54.80501544967345,91.3631655553928,146.16818100506623,4.051880793627542,0.0,125.45438851846427,125.7531346560459,127.7531346560459,1.0,0.6493730687908192,2.0
151.8007813472518,0.0,0.0,0.0029667968912086336,0.0,0.0,0.0,61.0,0.4,63.63476580329497,6.123242176153957,34.36523419670503,128.63476580329495,163.0,3.066406217582733,0.5699688092250241,159.9003906736259,156.9003906736259,159.9003906736259,1.0332031087913665,1.0,2.0
143.44995051991486,0.0,0.0016501484402554358,0.007371372022759834,0.0,0.0,0.0,61.314313988620086,0.4,10.078578497155021,7.63928924857751,20.0,135.76426450853495,155.76426450853495,1.9214215028449793,0.0,147.76426450853495,145.84284300568996,147.84284300568996,1.0,0.0,2.0
147.3969232762016,0.0,0.0,0.005,0.0,0.0,0.0,48.793846552403195,0.5603076723798404,55.96923276201596,5.001538361899202,14.824613790387232,150.5876931048064,165.4123068951936,1.603076723798404,0.0,160.0,158.3969232762016,159.79384655240318,0.0,0.39692327620159606,2.0
157.0092636893541,0.0011327157540430605,0.0,0.007336421229784698,0.0,0.0,0.0,55.93827396765552,0.526543150808612,7.3364212297846985,9.192901027830143,40.53086301617224,146.9382739676555,187.46913698382775,0.39814726212918106,0.0,166.3364212297847,167.54012670552635,168.9382739676555,4.86728424595694,0.0,2.0
134.9727859378309,0.0008649183034768837,0.01,0.004135081696523117,0.002162295758692209,0.0,0.0,42.404256475246996,1.6054428124338185,6.810490179138698,11.686590691779923,113.24294933087714,68.13508169652312,181.37803102740025,8.972785937830906,0.5675408482615582,137.40524508956935,127.83770424130779,136.54032678609246,50.67540848261558,0.0,2.0
141.0,0.0006894649691372658,0.01,0.0013105350308627343,0.0013105350308627343,0.0,0.0,59.31053503086273,0.4689464969137266,38.9316050925882,5.9447324845686325,38.0,121.0,159.0,3.0,0.0,154.0,149.0,154.0,8.0,1.0,2.0
148.20528029198175,0.0,0.004190612814254676,0.00039882660178183434,0.001199413300890917,0.0,0.0,60.80058669910908,0.4800586699109083,40.19941330089092,6.08035201946545,32.39589310623642,128.20528029198175,160.60117339821818,2.1994133008909174,0.0,154.0,151.40176009732724,154.0,2.3958931062364197,1.0,2.0
147.2001502442448,0.0,0.0,0.005,0.0,0.0,0.0,48.40030048848962,0.579984975575519,54.0015024424481,5.099924877877595,16.39879804604152,149.80060097697924,166.19939902302076,1.79984975575519,0.0,160.0,158.2001502442448,159.40030048848962,0.0,0.2001502442448101,2.0
142.66503483548186,0.0003349651645181395,0.0,0.0028325174177409305,0.0,0.0,0.0,64.49755225322279,0.583251741774093,14.0,12.378845797575117,37.330069670963724,120.83741291129535,158.16748258225908,4.330069670963721,0.0,145.83741291129536,145.16748258225908,146.50244774677722,2.0,0.16748258225906976,2.0
150.0,0.0,0.0,0.0,0.004790864319331199,0.0,0.0,70.3137035210032,1.3477160798327998,47.8954321596656,4.44182713613376,148.8954321596656,51.0,199.8954321596656,9.790864319331199,0.0,154.0,147.3137035210032,155.0,51.385803991639996,1.0,2.0
143.09070925136908,0.002,0.0,0.00390929074863091,0.0,0.0,0.0,50.636430249543636,0.7636430249543636,10.09070925136909,8.40929074863091,55.45354625684545,108.72787224589273,164.18141850273818,8.0,0.0,153.0,151.18141850273818,152.8178487522818,3.6364302495436367,1.0,2.0
148.5323786324345,0.0008805728205392967,0.0008805728205392967,0.0021194271794607034,0.0,0.0,0.0,58.94533008540831,0.8119427179460703,2.1194271794607036,8.083599025622492,25.945330085408308,140.0546699145917,166.0,0.0,0.0,153.4676213675655,153.8805728205393,155.8805728205393,2.412951452973802,0.0,2.0
138.0,0.0,0.0,0.005031586144825642,6.317228965128408e-05,0.0,0.0,60.90524156552307,1.0031586144825642,12.094758434476926,9.90208295104051,118.442206027559,68.71572469656923,187.15793072412822,11.873655420697432,0.5699688092250241,140.03158614482564,130.06317228965128,140.03158614482564,54.747310841394864,0.0,2.0
157.66045717111749,0.0,0.0,0.00306378775375631,0.0,0.0,0.0,60.91560818614273,0.5318938768781551,6.893028552588342,13.142591021619321,91.51030203005048,81.0,172.51030203005047,0.5103020300504815,0.12757550751262037,162.93621224624368,162.55348572370582,163.68106123121845,2.382726522537861,1.0,2.0
139.84408614904558,0.0,0.005896057432697055,5.1971283651472415e-05,0.0028440861490455827,0.0,0.0,67.41577026921178,0.38960574326970554,25.363798985560308,7.094802871634853,24.948028716348528,122.25985641825736,147.2078851346059,1.0519712836514725,0.0,141.7921148653941,138.05197128365148,140.94802871634852,3.844086149045583,0.9480287163485276,2.0
135.16518534120428,0.0005412963353010705,0.0,0.006917407329397859,0.0,0.0,0.0,56.11944502951606,0.49174073293978593,47.62388900590321,5.717407329397859,23.376110994096788,129.33037068240856,152.70648167650535,2.0,0.0,143.3761109940968,141.45870366469893,142.91740732939786,0.45870366469892954,0.45870366469892954,2.0
139.32751584439268,0.0,0.01,0.0,0.0,0.0,0.0,65.29093948054908,0.4,10.418121038901832,7.983624207780366,20.581878961098166,133.58187896109817,154.16375792219634,1.0,0.0,145.87281844164724,145.16375792219634,146.87281844164724,0.7090605194509164,0.0,2.0
146.0,0.0,0.0,0.003,0.0,0.0,0.0,65.12903087625392,0.4,38.225814742476516,7.0,19.0,137.12903087625392,156.12903087625392,1.0,0.0,150.0,148.74193824749216,150.87096912374608,1.0,0.8709691237460856,2.0
148.28591306786757,0.0,0.0,0.001429565339337861,0.0,0.0,0.0,65.85634772852971,0.4,66.42817386426485,4.814226079639728,14.142260796397284,141.001391475073,155.1436522714703,3.1422607963972835,0.0,150.8577392036027,150.1436522714703,152.1436522714703,0.0,1.0,2.0
144.60345616613958,0.0,0.0007930876677208327,0.0,0.0008017280830697919,0.0,0.0,66.19827191693021,0.4,31.594815750790623,7.419827191693021,29.405184249209377,124.99135958465104,154.39654383386042,3.8017280830697917,0.0,146.99135958465104,145.1982719169302,147.39654383386042,1.3965438338604164,1.0,2.0
150.9816494223716,0.0,0.0,0.005,0.0,0.0,0.0,61.01835057762842,0.4,63.01835057762842,4.203670115525684,12.660549807457194,148.64219922982878,161.30274903728596,1.0,0.0,157.62384865220037,156.30274903728596,158.30274903728596,0.0,1.0,2.0
136.5186009099721,0.0,0.01,0.0016296502274930245,0.002185174886253488,0.0,0.0,62.59244840754883,0.48148251137465126,33.851748862534876,6.0037479891100025,56.74069954501395,103.37034977250697,160.11104931752092,4.370349772506976,0.0,147.29650227493025,141.0372018199442,142.40755159245117,7.888950682479074,0.8148251137465122,2.0
142.3204593855387,0.0,0.006,0.0,0.0,0.0,0.0,69.6409187710774,0.2919885153615325,39.24034453915402,6.347781791869117,13.83977030723065,137.0,150.83977030723065,1.0,0.0,142.0,142.0,143.0,0.0,0.0,2.0
137.47408328030264,0.0,0.005315550031818417,0.003,0.0,0.0,0.0,61.89481665606053,0.5,8.474083280302638,8.068444996818158,25.842983216665804,121.73628340757631,147.5792666242421,1.0,0.0,141.2637165924237,139.47408328030264,141.36889993636316,0.8948166560605276,0.8948166560605276,2.0
126.83314663307615,0.0,0.004928331385383625,0.001809630495385055,0.0,0.0,0.0,59.45240762384626,0.5452407623846264,8.213885642306044,10.071444574307758,52.54759237615374,90.0235161376911,142.57110851384485,4.0,0.0,134.3090703946135,131.6662932661523,134.76147801845977,3.0951847523074725,1.0,2.0
144.365404460075,0.0,0.01,0.0,0.0,0.0,0.0,75.54810669011252,0.2,52.91351115018753,5.362487100951242,15.269191079849975,136.1827022300375,151.45189330988748,1.0,0.0,144.8172977699625,143.8172977699625,145.8172977699625,0.0,0.0,2.0
137.2615914225915,0.0,0.006,0.0016430451464450996,0.0013569548535549004,0.0,0.0,63.7139097071098,0.45476817154817,22.809273138073202,8.414436117156079,31.0244988702987,114.3324559832562,145.3569548535549,3.1907268619267994,0.0,139.8092731380732,136.3569548535549,138.8092731380732,3.4523182845183,1.0,2.0
137.0,0.0,0.000356422304803475,0.0,0.0,0.0,0.0,61.93073308558957,0.5356422304803475,31.01008773275135,9.49596490689946,96.0,71.0,167.0,3.0,0.0,143.0,142.06926691441043,143.3564223048035,1.71284460960695,1.0,2.0
146.10561064374446,0.0009471946781277735,0.00684158403438332,0.00357920798280834,0.0,0.0,0.0,77.05280532187223,0.5473597339063887,2.105610643744453,10.852475210314996,42.41914145940551,133.3696372531056,175.7887787125111,1.4735973390638868,0.0,152.84158403438332,151.42079201719167,152.89438935625554,2.894389356255547,-0.5264026609361132,2.0
149.0,0.0,0.0,0.0,0.001268410478244668,0.0,0.0,57.73158952175533,1.273158952175533,53.26841047824467,13.092635808702132,126.0,58.0,184.0,12.0,0.5699688092250241,150.0,148.0,151.0,8.0,1.0,2.0
137.0,0.0010816299820305896,0.0,0.00016325996406117916,0.0,0.0,0.0,69.42859012578587,0.40816299820305896,44.816430700807004,4.953052944294828,66.73466983827531,133.2653301617247,200.0,3.0816299820305897,0.0,140.48977989218355,142.16325996406118,143.24488994609177,2.9183700179694103,-1.0,2.0
131.06035208399055,0.0018792958320188724,0.01,0.0028792958320188727,0.005181056251971692,0.0,0.0,18.6638729238962,2.5207041679811275,0.0,13.694802914432083,109.05197085567917,65.97401457216041,175.02598542783957,5.120704167981128,0.0603520839905638,133.93964791600945,124.63788749605662,131.81894374802832,46.689858351735786,0.0,2.0
145.0,0.0,0.01,0.0,0.0,0.0,0.0,77.0,0.2,45.0,5.8,21.0,129.0,150.0,1.0,0.0,146.0,145.0,147.0,0.0,1.0,2.0
132.84045531988681,0.0,0.01,0.0033618212795472465,0.0,0.0,0.0,67.72364255909449,0.3159544680113188,29.95726808067913,5.615954468011319,12.95726808067913,128.52136595966044,141.47863404033956,1.0,0.0,136.52136595966044,135.0,136.84045531988681,0.0,0.0,2.0
147.4871342663688,0.0,0.003077194401787161,0.0,0.0,0.0,0.0,68.02573146726239,0.3871783566592202,67.0,4.810248496614541,15.128216433407799,138.6153506997766,153.7435671331844,3.7435671331844036,0.0,149.358917832961,148.6153506997766,150.4871342663688,0.0,0.8717835665922017,2.0
144.80786012641957,0.0,0.003507423797728709,0.0007807860126419557,0.0,0.0,0.0,65.56157202528391,0.4219213987358045,15.123144050567824,8.167248955753156,81.09606993679022,72.68471607585174,153.78078601264195,1.2192139873580443,0.0,146.90393006320977,145.12314405056782,146.90393006320977,1.4384279747160886,1.0,2.0
139.95173051163826,0.0,0.0019517305116382626,0.00012067372090434313,0.0,0.0,0.0,68.90346102327652,0.30241347441808686,20.831056790733918,8.268624832564871,21.951730511638264,129.0,150.95173051163826,2.0241347441808686,0.0,141.0,140.97586525581914,142.0,1.0,0.0,2.0
141.0,0.0,0.01,0.0013262084164577864,0.0,0.0,0.0,76.98931262468668,0.2336895791771107,49.0,4.732620841645779,9.663104208228892,136.0,145.6631042082289,1.0,0.0,142.3368957917711,141.0,143.0,0.0,0.33689579177110685,2.0
147.09270749413218,0.0,0.0,0.0023642358313773985,0.0,0.0,0.0,60.6357641686226,0.41821179156886995,54.63906124119829,7.291718372359488,43.72517459017911,119.4569433255096,163.1821179156887,4.635764168622601,0.18211791568869928,157.5463537470661,154.5463537470661,157.36423583137739,2.0,1.0,2.0
133.0,0.0,0.005313316421432731,0.004738191042854875,0.0,0.0,0.0,73.57939701428496,1.0896985071424792,26.317588057139833,4.930477315001853,31.21030149285752,118.15879402856991,149.36909552142743,5.948492535712395,0.0,135.36909552142743,134.42060298571505,136.78969850714248,1.4206029857150417,0.0,2.0
149.31741555100174,0.0,0.0,0.006682584448998248,0.0,0.0,0.0,51.904493306010515,0.5341292224499123,17.976123326502627,7.695224665300525,19.341292224499124,148.68258444899826,168.02387667349737,2.0,0.0,156.41292224499125,158.36516889799648,159.70646112249563,1.9761233265026283,0.0,2.0
136.00360856709372,0.0,0.000498195716453139,0.0,0.0,0.0,0.0,59.512629984828024,0.7490978582265695,37.49458714935942,11.933941876432936,92.51262998482802,69.00721713418744,161.51984711901548,5.490978582265695,0.0,143.0,140.50180428354687,142.50180428354687,3.490978582265695,1.0,2.0
151.0,0.0,0.0,0.007110727101875262,0.004555363550937631,0.0,0.0,59.221454203750525,1.8780273837810795,15.444636449062369,17.555315838805065,149.55536355093764,50.44463644906237,200.0,9.778545796249475,0.5699688092250241,156.0,148.88927289812474,155.88927289812474,48.22491028687316,1.0,2.0
148.59600889136132,0.0008423946651832086,0.0008423946651832086,0.0021576053348167914,0.0,0.0,0.0,59.03441244790585,0.8157605334816791,2.1576053348167914,8.110323734371754,26.034412447905847,139.96558755209415,166.0,0.0,0.0,153.40399110863868,153.8423946651832,155.8423946651832,2.438403556544528,0.0,2.0
148.6292715520122,0.0,0.0006853642239938962,0.0023146357760061038,0.0,0.0,0.0,60.31463577600611,0.8086181034674805,3.4569094826625975,8.49439073280183,27.543090517337404,138.6853642239939,166.2284547413313,0.22845474133129873,0.0,150.85772629334352,152.5430905173374,154.0861810346748,3.685364223993896,-0.22845474133129873,2.0
143.98900174817024,1.833041971628993e-05,0.00108065384675168,7.332167886515972e-06,3.666083943257986e-06,0.0,0.0,51.00733216788652,1.0996333916056742,10.065989510978646,17.555315838805065,115.02932867154607,70.94867482479438,185.97800349634045,9.014664335773032,0.0,153.00366608394324,150.99266783211348,153.00366608394324,6.014664335773032,1.0,2.0
146.1512410271193,0.0,0.005848758972880699,5.041367570643375e-05,5.041367570643375e-05,0.0,0.0,68.79834529717427,0.5,45.40330940565147,10.808428032315552,42.47892991921112,116.54627691864209,159.0252068378532,5.949586324293566,0.0756205135596506,153.1512410271193,150.12603418926608,152.1512410271193,3.025206837853217,1.0,2.0
147.9509770590408,0.0,0.0,0.005650325686346937,0.0,0.0,0.0,63.7973945092245,0.3650325686346937,54.34967431365306,4.990195411808162,12.300651372693874,145.65032568634695,157.9509770590408,0.6503256863469369,0.0,153.30065137269386,151.9509770590408,153.9509770590408,0.0,0.0,2.0
138.3990849018583,0.0016009150981417097,0.0,0.00560091509814171,0.0,0.0,0.0,43.99771225464573,0.9800457549070855,19.39908490185829,11.180960853048795,42.603202843495986,130.19725470557486,172.80045754907084,6.802745294425129,0.5699688092250241,159.8050330397794,154.40137264721255,157.60320284349598,7.802745294425129,0.0,2.0
140.91863054541224,0.0,0.007755891636236755,0.0,0.0,0.0,0.0,77.0,0.2,42.27908703027484,5.4598858787843545,18.279087030274834,128.3197717575687,146.59885878784354,1.0,0.5699688092250241,143.27908703027484,142.27908703027484,144.27908703027484,0.0,1.0,2.0
141.64978568081258,0.0,0.01,0.0018556031820416484,0.0019278015910208241,0.0,0.0,60.072198408979176,0.40721984089791763,40.927801591020824,5.643319045387505,37.49461113714577,121.64978568081258,159.14439681795835,2.927801591020824,0.0,154.0,149.21659522693753,154.0,7.494611137145769,1.0,2.0
148.0,0.0,0.0,0.005969347497794194,0.0,0.0,0.0,50.969347497794196,0.5,62.0,4.506130500441161,8.061305004411611,154.93869499558838,163.0,1.0,0.0,160.0,159.0,161.0,0.0,0.030652502205806065,2.0
143.22695133446635,0.0,0.01,0.000773048665533641,0.0,0.0,0.0,68.42317111488786,0.32576828885112136,23.484634222977572,6.825768288851122,19.0,133.0,152.0,1.0,0.0,144.74231711148877,143.74231711148877,145.74231711148877,0.0,0.0,2.0
140.70098365391453,0.0005373770432606838,0.008327213221307693,0.0,0.0,0.0,0.0,72.31311478369658,0.3537377043260684,43.836393389346156,6.134131165891881,60.448524519128206,132.61213112978206,193.06065564891026,3.0,0.0,142.3131147836966,142.92524591347862,144.38786887021794,1.612131129782051,-1.0,2.0
143.0,0.0,0.0001317274945916195,0.0026048175162251418,0.0,0.0,0.0,64.13172749459162,0.6,26.263454989183238,12.034700732152345,86.05381995673295,72.86827250540838,158.92209246214134,6.6048175162251415,0.5699688092250241,145.73654501081677,144.86827250540838,146.86827250540838,2.1317274945916194,1.0,2.0
137.0,0.0,0.003,0.001,0.0,0.0,0.0,76.45433813953261,0.2,38.36301441859785,6.681849279070107,27.63584534883154,127.0,154.63584534883154,2.0,0.0,138.0,140.4543381395326,140.72716906976632,2.454338139532616,0.0,2.0
129.0291739152001,0.0,0.0029708260847999242,0.001286467394000095,0.0,0.0,0.0,70.68435869079983,0.2514586957600038,33.543760872800114,7.042706521199981,22.0,121.74270652119998,143.74270652119998,1.257293478800019,0.0,130.0291739152001,132.0,133.0,2.228119563599943,0.0,2.0
141.1274666722404,0.0,0.01,0.0,0.0,0.0,0.0,75.42549333444808,0.4,52.95690668227306,9.795690668227305,79.85098666889616,68.12746667224037,147.97845334113651,4.723519996655774,0.0,142.1274666722404,141.1274666722404,143.1274666722404,2.0,1.0,2.0
149.30813001490608,0.0,0.0,0.0020756099552817777,0.0,0.0,0.0,52.30813001490608,0.5,62.0,4.5,11.924390044718223,152.38373997018786,164.30813001490608,0.3459349925469629,0.0,160.65406500745303,159.0,161.0,0.6540650074530371,0.0,2.0
132.96831010387683,0.0006289612370153973,0.01,0.004742077525969206,0.0038868837110461922,0.0,0.0,37.24427917849189,1.6031689896123178,5.56558144476904,7.780545731821557,137.66065113313857,58.113116288953805,195.7737674220924,13.03168989612318,0.5699688092250241,133.45246515581522,127.59727134089222,134.71038762984602,39.45246515581523,0.0,2.0
145.9752991274721,0.0,0.003975299127472116,0.0,0.0,0.0,0.0,75.98764956373606,0.3,58.0,4.395059825494424,17.901196509888464,135.1111539263755,153.01235043626394,2.0,0.0,150.01235043626394,149.01235043626394,151.01235043626394,0.0,1.0,2.0
137.0,0.0,0.0030401091914124827,0.001,0.0,0.0,0.0,75.0,0.2,33.83956323435007,6.9080218382824965,24.0,127.0,151.0,2.0,0.0,138.0,139.0,139.95989080858752,1.0,0.0,2.0
128.5318740155102,0.0,0.004335157480612243,0.0006648425193877573,0.0,0.0,0.0,72.67031496122449,0.2265937007755103,44.06922047285714,6.8202188976734694,22.0,121.86703149612245,143.86703149612245,1.1329685038775514,0.0,133.0,130.2659370077551,132.13296850387755,0.8670314961224486,0.0,2.0
130.9948327628755,0.0,0.002893377042861967,0.0,0.0,0.0,0.0,74.15735081714479,0.44213245914276067,45.31470163428958,6.334992778292275,72.6801311285859,64.31470163428958,136.9948327628755,4.314701634289573,0.0,131.57350817144786,138.1573508171448,132.57350817144786,31.91404599136007,1.0,2.0
146.0,0.0,0.0,0.003,0.0,0.0,0.0,65.56138458081041,0.4,35.631692515137544,7.0,19.0,137.5613845808104,156.5613845808104,1.0,0.0,150.0,147.87723083837918,150.4386154191896,1.0,0.43861541918959046,2.0
135.82422701875458,0.0,0.009428349585396774,0.0028242270187545907,0.0,0.0,0.0,59.50515320830273,0.48242270187545905,66.35154596249082,5.467061977294268,28.846392754188088,115.17577298124542,144.0221657354335,3.0,0.0,137.3737116979243,136.09896935833945,138.09896935833945,0.2747423395848635,1.0,2.0
139.61997952717766,0.0009733378828494057,0.008326696238521137,0.0005133310585752972,0.0005133310585752972,0.0,0.0,66.31994540580713,0.7946675765698812,16.673303761478863,13.774012966120806,128.9200136485482,70.10664846860237,199.0266621171506,7.433344707123514,0.0,147.9466757656988,144.0266621171506,146.5133310585753,7.380020472822325,0.0,2.0
141.0,0.0,0.002620269714244982,0.0038734232380816607,0.0,0.0,0.0,60.126576761918336,0.48734232380816606,22.0,7.686080914273495,24.240539428489964,128.6328838095917,152.87342323808167,1.0,0.0,145.7468464761633,143.87342323808167,145.87342323808167,0.8734232380816606,0.8734232380816606,2.0
138.10631677610132,0.0019007018640112587,0.01,0.0003971925439549659,0.003198596271977483,0.0,0.0,48.41824846429272,2.170210559203378,0.0,7.219157763186489,147.30491304807882,52.496490679943705,199.8014037280225,12.397192543954965,0.5699688092250241,145.21263355220265,135.8084223681351,143.60982609615763,53.01403728022517,0.0,2.0
142.68688370749382,0.0,0.0017348372193796337,0.0023131162925061786,0.0,0.0,0.0,61.265162780620365,0.4578279073126545,22.421720926873455,8.896474409870985,27.530325561240733,125.89139536563272,153.42172092687346,2.2651627806203662,0.0,146.0,144.0,146.42172092687346,1.0,1.0,2.0
146.8926888110598,0.00027682779723505157,0.0,0.003553655594470103,0.0,0.0,0.0,40.21462237788041,0.8723172202764948,12.847583041474227,12.006220541935463,33.16951660829484,135.83048339170514,169.0,3.0,0.0,158.38413898617526,155.83048339170514,158.83048339170514,3.5536555944701034,0.2768277972350516,2.0
156.96175164296682,0.0,0.0,0.0034076496714066378,0.0,0.0,0.0,65.0,0.6038248357033189,9.477605257493796,11.85988914565726,91.40764967140663,78.14645230015354,169.5541019715602,0.8152993428132755,0.0,160.14645230015353,160.96175164296682,162.5541019715602,2.0,1.0,2.0
144.08763665438332,0.0,0.004561816728083455,0.0,0.0,0.0,0.0,64.82472669123338,0.4,21.175273308766617,8.757745977889956,27.350546617533237,128.47418007370015,155.8247266912334,2.1752733087666183,0.0,149.64945338246676,145.8247266912334,147.91236334561668,2.8247266912333817,1.0,2.0
155.05331094502833,0.0023680134329830006,0.0,0.0006319865670169997,0.0,0.0,0.0,57.895959701051,0.5578675621988667,2.3172840790623326,5.694927064607933,23.682715920937667,153.0,176.68271592093765,0.7893378109943334,0.5699688092250241,161.42132437801132,161.21066218900566,162.42132437801132,0.7893378109943334,-0.5786756219886668,2.0
124.24593316712696,0.0,0.003491866334253931,0.0006229665835634828,0.0,0.0,0.0,68.13110024930955,0.3,60.393300747928656,5.277033416436518,20.032534662984276,109.72153216988876,129.75406683287304,1.0,0.0,124.24593316712696,123.62296658356348,125.24593316712696,0.3770334164365172,1.0,2.0
144.4737591196299,0.0,0.0006315602200925206,0.0007368795598149589,0.0007368795598149589,0.0,0.0,66.57907845935236,0.36315602200925207,18.26312044018504,6.242092154064764,16.26312044018504,137.73687955981495,154.0,1.263120440185041,0.0,143.63156022009252,144.36843977990748,145.36843977990748,0.36843977990747945,0.0,2.0
141.80066093275417,0.001466226044830562,0.0013344348879235951,0.001466226044830562,0.0,0.0,0.0,62.800660932754155,0.4733113022415281,15.868208843093033,8.013509582067774,32.13179115690697,126.06754791033887,158.19933906724583,1.266886977584719,0.0,150.0,146.0,148.73311302241527,2.266886977584719,1.0,2.0
149.73686462974547,0.0,0.01,0.0,0.0,0.0,0.0,73.73686462974548,0.3,56.39470305538178,6.123707861232755,23.552755463600143,132.05254148101807,155.60529694461823,3.6052969446182206,0.0,150.0,149.73686462974547,150.86843231487273,0.0,1.0,2.0
149.2841750353179,0.0,0.0,0.0042949497880925315,0.0,0.0,0.0,65.26262552976867,0.37158249646820884,33.14747489404627,5.5431649929364175,11.715824964682088,147.43164992936417,159.14747489404627,1.0,0.0,154.0,153.0,155.0,0.0,0.28417503531791144,2.0
145.09096747933435,0.0,0.0,0.002090967479334359,0.0,0.0,0.0,69.63613008266256,0.3090967479334359,39.36322764465949,5.45464471486841,14.454837396671795,138.90903252066565,153.36386991733744,1.0,0.0,146.36386991733744,146.09096747933435,147.2729024380031,0.090967479334359,0.0,2.0
146.82031689112975,0.0,0.0016171479798321776,0.0016406337822595161,0.0016406337822595161,0.0,0.0,72.07809865322145,0.3,17.539049326610726,5.620316891129757,14.460950673389274,138.64063378225953,153.10158445564878,0.0,0.0,142.82031689112975,144.64063378225953,145.82031689112975,0.820316891129758,0.0,2.0
156.8621100756851,0.0,0.0,0.007287370025228368,0.0,0.0,0.0,63.8621100756851,0.4237543324923878,14.425259949543266,8.309965340060899,23.04982670030449,148.52491335015225,171.57474005045674,0.7126299747716329,0.0,165.0,162.33719672553286,164.33719672553286,1.6628032744671435,0.7624566750761224,2.0
142.82837056424984,0.0,0.0,0.0,0.0,0.0,0.0,65.91418528212492,0.5,28.228839247666883,13.328370564249838,93.08581471787508,71.97139509404164,165.05720981191672,3.9713950940416396,0.0,143.97139509404164,143.91418528212492,145.91418528212492,1.9713950940416396,1.0,2.0
137.0,0.0,0.004,0.001,0.0,0.0,0.0,75.0,0.2,31.63804609458102,7.018097695270949,24.0,127.0,151.0,2.0,0.0,138.0,139.0,139.8190230472905,1.0,0.0,2.0
151.41754037347832,0.0,0.0,0.004291229813260842,0.0,0.0,0.0,60.39823602706537,0.4145614906630421,66.27192546684789,3.9873689439782525,9.708770186739159,152.43684471989127,162.1456149066304,1.0,0.0,160.0,158.1456149066304,160.1456149066304,0.0,0.8543850933695791,2.0
141.53861071775984,0.0009845557128960697,0.002507722143551965,0.0019691114257921393,0.0,0.0,0.0,61.0,0.4,8.0,6.5523166430655895,16.492277856448034,139.01544428710392,155.50772214355197,0.4922778564480348,0.0,147.50772214355197,146.50772214355197,148.50772214355197,0.0,0.0,2.0
159.0,0.0,0.0,0.006763844627984115,0.0,0.0,0.0,65.75276892559683,0.4,12.505537851193646,8.079707173514599,21.77492033037141,149.9889242976127,171.76384462798413,0.0,0.0,164.50553785119365,163.50553785119365,165.50553785119365,0.0,1.0,2.0
145.22449940763508,0.0,0.01,0.00012925009872748856,0.0,0.0,0.0,65.22449940763507,0.5387750296182465,37.224499407635065,12.593199842036018,114.77550059236493,74.64625049363744,189.4217510860024,6.387750296182466,0.0,146.22449940763508,145.35374950636256,147.22449940763508,2.1292500987274887,0.0,2.0
146.89061051000533,0.0,0.0004453052550026655,0.0027734737249866725,0.001,0.0,0.0,63.21877897998934,0.44453052550026656,40.10938948999467,6.6882863214981345,29.335915765007996,132.21877897998934,161.55469474499733,3.109389489994669,0.0,152.89061051000533,150.89061051000533,152.89061051000533,1.0,0.4453052550026655,2.0
148.4851826460703,0.0,0.0,0.002425913230351549,0.0,0.0,0.0,65.05926941571876,0.4,66.02963470785939,4.754445206178907,13.54445206178907,142.39627852249217,155.94073058428123,2.5444520617890705,0.0,151.45554793821094,150.94073058428123,152.94073058428123,0.0,1.0,2.0
144.0777001081993,0.0,0.01,0.0010777001081992972,0.0,0.0,0.0,65.0,0.33592333693997656,41.56306652240094,6.679616684699883,22.20383315300117,133.1554002163986,155.35923336939976,1.6407666306002344,0.0,148.0777001081993,146.43693347759907,148.43693347759907,1.0,0.3592333693997657,2.0
137.0,0.0,0.004,0.001,0.0,0.0,0.0,75.0,0.2,30.814098297130144,7.059295085143493,24.0,127.0,151.0,2.0,0.0,138.0,139.0,139.40704914856508,1.0,0.0,2.0
149.67295225482997,0.0,0.0040880968146255695,0.0,0.0,0.0,0.0,77.01885676448987,0.21635238725850228,52.30819098068018,4.7182380637074885,11.490571617755068,144.85533289190485,156.3459045096599,1.0,0.0,153.3459045096599,152.18238063707489,154.18238063707489,0.0,1.0,2.0
131.0445923167412,0.0,0.0074802661701341535,0.002435673853392957,0.0,0.0,0.0,72.51973382986584,0.26089184633482393,30.173244609955283,6.069297843982112,13.955407683258803,128.2178369266965,142.17324460995528,1.3910815366517606,0.0,135.43567385339296,135.0,136.2178369266965,0.7821630733035214,0.0,2.0
140.93882464467058,0.0010305876776647124,0.01,0.0009694123223352875,0.0009694123223352875,0.0,0.0,55.96941232233529,0.5091763032994138,16.724710901017588,7.445881516497069,51.36705213197655,121.18352606598827,172.55057819796482,4.0917630329941375,0.030587677664712487,153.69412322335288,147.93882464467058,151.84706161167645,6.9082369670058625,-0.030587677664712487,2.0
131.96746626919548,0.0,0.01,0.0,0.0,0.0,0.0,71.22559970189661,0.3,18.451199403793236,8.490239880758647,30.193065971092107,118.09760119241353,148.29066716350565,1.483733134597745,0.0,134.54880059620677,135.74186656729887,136.0,3.2581334327011273,-0.25813343270112754,2.0
146.0,0.0,0.0,0.0036865266709174157,0.0,0.0,0.0,65.0,0.4,40.71631667729354,6.862694665816517,20.029790006376125,135.97020999362388,156.0,1.6865266709174156,0.0,150.6865266709174,149.34326333545872,151.34326333545872,1.0,1.0,2.0
138.0,0.0,0.001325190064224695,0.0,0.0006748099357753051,0.0,0.0,66.65038012844938,0.3674809935775305,20.325190064224696,6.9300760256898775,29.422909293528356,120.57709070647164,150.0,1.674809935775305,0.0,144.0,141.3251900642247,144.0,1.674809935775305,1.0,2.0
138.4530537486268,0.0,0.002132634371566997,0.0,0.0014530537486267987,0.0,0.0,66.2265268743134,0.4,21.132634371566997,6.8679580622940195,31.187785005492806,118.132634371567,149.3204193770598,1.7734731256866008,0.0,143.5469462513732,140.3204193770598,143.3204193770598,2.4530537486267985,1.0,2.0
137.0,0.001,0.0,0.0067382526785633,0.0,0.0,0.0,60.2617473214367,0.4,34.17786294646515,5.74765053571266,22.0,133.0,155.0,2.0,0.0,142.0,140.0,142.0,0.8691263392816502,0.0,2.0
149.9396420901571,0.0,0.00012071581968582093,0.0030301789549214554,0.0,0.0,0.0,61.422505368900374,0.8909463135235635,2.909463135235634,8.76035790984291,28.12071581968582,138.0603579098429,166.18107372952872,0.03017895492145528,0.0,151.9396420901571,152.90946313523563,154.8792841803142,2.909463135235634,-0.03017895492145528,2.0
142.0,0.0,0.0,0.006,0.0,0.0,0.0,58.54621045861636,0.4,31.54621045861636,6.209242091723272,22.0,141.0,163.0,1.4537895413836392,0.0,155.0,153.0,155.0,1.0,0.0,2.0
151.05579814661414,0.0,0.00023605046334646397,0.001527899073307072,0.0017639495366535362,0.0,0.0,60.763949536653534,0.5,58.16739443984243,3.730470648685049,66.1931101936222,94.04294026972426,160.23605046334646,3.763949536653536,0.5699688092250241,157.81974768326768,154.2918486099606,157.05579814661414,3.291848609960608,1.0,2.0
143.0,0.0,0.0,0.002,0.0,0.0,0.0,65.0,0.5926503252669987,6.485522768689911,12.628062034878953,28.559019516019923,129.0,157.55901951601993,3.853006505339975,0.5699688092250241,149.48552276868992,144.85300650533998,145.92650325267,4.70601301067995,0.0,2.0
140.0,0.001,0.0,0.006169757905087541,0.0,0.0,0.0,78.0,0.4,26.151210474562298,7.016975790508754,66.0,103.0,169.0,6.0,0.0,152.0,147.16975790508755,151.0,3.8302420949124594,1.0,2.0
143.07909579422406,0.00048022605144398237,0.009604521028879646,0.001,0.00048022605144398237,0.0,0.0,52.8813563086639,0.6039547897112035,17.0,7.348022605144398,46.322034462995845,123.07909579422407,169.4011302572199,6.07909579422407,0.0,153.480226051444,151.1186436913361,153.55932184566805,4.401130257219911,0.5197739485560177,2.0
144.6629968235687,0.0,0.002359022235019004,0.0006629968235687138,0.0006629968235687138,0.0,0.0,60.33700317643129,0.5,5.674006352862572,8.174006352862573,43.640977764980995,115.71804447003801,159.359022235019,1.6740063528625726,0.5699688092250241,146.65198729427485,144.98899047070614,146.65198729427485,2.988990470706141,0.6629968235687137,2.0
142.51334990235216,0.0,0.004973300195295657,0.0003422332682347811,0.0,0.0,0.0,69.1711166341174,0.3,39.17111663411739,6.294660039059131,14.0,137.3422332682348,151.3422332682348,1.0,0.0,142.68446653646956,142.68446653646956,143.68446653646956,0.0,0.0,2.0
143.0,0.0,0.002276449905352776,0.0025853251419708356,0.0,0.0,0.0,65.27644990535278,0.4430887523661806,34.43088752366181,7.069112476338194,29.585325141970834,128.5691124763382,158.15443761830903,3.4308875236618057,0.0,149.27644990535276,146.0,148.5691124763382,1.7073374290145822,0.5691124763381941,2.0
129.49228563552577,0.0,0.004502571454824741,0.0,0.0,0.0,0.0,74.49228563552577,0.27512857274123703,38.99485709035052,6.7020571638597914,20.756428637061852,123.49228563552577,144.24871427258762,1.24871427258763,0.0,130.49228563552577,131.24357136293816,132.24357136293816,1.0,0.0,2.0
150.96004471868463,0.0,0.0,0.00338285501339597,0.0,0.0,0.0,57.3428997320806,0.6297130080375819,17.53142005358388,11.374282520093956,94.06284010716776,81.0,175.06284010716777,3.0628401071677596,0.5699688092250241,162.61714498660402,160.3200149062282,162.7028699196242,4.29713008037582,1.0,2.0
145.65421773508356,0.0,0.0028271088675417833,0.0055864455662291085,0.0,0.0,0.0,78.29322278311456,0.41203316506563376,10.157678445405638,9.178976207279248,34.34578226491644,139.12033165065634,173.46611391557278,1.8796683493436626,0.0,150.87966834934366,150.0,151.29322278311454,1.2932227831145542,-0.7067772168854458,2.0
135.17154480271236,0.0,0.003006754342217097,0.005830706644693351,0.0,0.0,0.0,62.3385867106133,0.66659161841981,58.16704190790095,10.484646677653325,125.16028756568386,72.3340838158019,197.49437138148576,7.331832368396201,0.5699688092250241,135.3385867106133,134.50562861851424,136.3385867106133,2.0,0.0,2.0
128.16761921628833,0.0,0.005838096081441589,0.0008380960814415884,0.0,0.0,0.0,72.32380783711682,0.23352384325766354,46.50857294659486,6.631809253938692,22.16761921628832,121.32952313484672,143.49714235113504,1.0,0.0,132.66476156742337,130.0,132.0,0.8323807837116823,0.0,2.0
142.77997143839875,0.0,0.0006967571117373164,0.0019266571461329142,0.0,0.0,0.0,64.96332857306646,0.4963328573066457,0.44005712320251567,9.177997143839873,22.963328573066455,129.07334285386708,152.03667142693354,1.9633285730664571,0.5699688092250241,143.07334285386708,143.0,145.0,1.0,0.0,2.0
139.84518589454052,0.0007364020150656405,0.0,0.0032092060451969218,0.0,0.0,0.0,44.84518589454051,0.9945608060262563,19.20920604519692,10.245608060262562,43.47280403013128,127.94560806026256,171.41841209039384,8.0,0.5699688092250241,159.62761813559075,154.73640201506564,157.94560806026257,6.4184120903938435,1.0,2.0
140.31902263810903,0.0,0.0026552181104872205,0.0013447818895127796,0.0,0.0,0.0,65.64663169335263,0.3336195472378195,37.319022638109026,6.4310436220974445,15.0,134.65521811048723,149.65521811048723,1.0,0.0,142.0,141.3276090552436,142.6638045276218,0.0,0.0,2.0
129.89852350299927,0.0,0.0021014764970007445,0.0023731543787490696,0.0,0.0,0.0,68.72832211825167,0.2949261751499628,34.84778525449888,6.8253691242501855,22.0,121.52536912425019,143.52536912425018,1.4746308757498139,0.0,130.89852350299927,132.0,133.0,1.5761073727505583,0.0,2.0
137.0,0.0,0.003,0.001,0.0,0.0,0.0,75.31165910206161,0.2,34.93497730618482,6.853251134690759,24.779147755154014,127.0,151.779147755154,2.0,0.0,138.0,139.3116591020616,140.1558295510308,1.3116591020616057,0.0,2.0
133.83402091770031,0.0,0.01,0.0025829895411498406,0.0,0.0,0.0,64.80567015295006,0.4,65.27938214130074,5.058298954114984,24.611340305900107,116.3886596940999,141.0,2.6113403059001064,0.0,135.02835076475026,134.02835076475026,136.02835076475026,0.0,0.8056701529500532,2.0
123.0,0.0,0.0,0.005243936906809744,0.002073228178016239,0.0,0.0,46.731339660696065,0.9317165084825982,0.0,7.9535907499408385,62.3661408900812,74.4631503811253,136.8292912712065,3.585354364396752,0.41464563560324785,120.43889800836428,119.02425237276103,121.43889800836428,7.390393262842222,1.0,2.0
138.0,0.0,0.00039518615846022417,0.004736542561026518,0.0008682712805132587,0.0,0.0,57.39518615846023,1.2604813841539777,10.604813841539777,9.844332457385798,130.15579792718563,61.185558475380674,191.3413564025663,10.868271280513259,0.5699688092250241,140.2634574389735,126.52691487794696,137.39518615846023,73.15579792718562,0.0,2.0
143.0,0.0,0.01,0.0,0.0,0.0,0.0,65.41168242007353,0.32058412100367684,41.14742910966908,6.705841210036768,24.617523630110306,130.58831757992647,155.20584121003677,2.2058412100367684,0.0,147.82336484014706,145.20584121003677,147.41168242007353,1.4116824200735365,0.20584121003676825,2.0
139.22383923879545,0.0,0.007335758858193184,0.00011191961939772787,0.0,0.0,0.0,78.0,0.2,59.223839238795456,4.255959809698864,11.223839238795456,133.0,144.22383923879545,1.0,0.0,140.33575885819317,139.22383923879545,141.22383923879545,0.0,0.11191961939772788,2.0
136.269749611517,0.0002697496115169896,0.0,0.002809248834550969,0.0,0.0,0.0,64.65125194241506,0.4,56.68400621572817,5.465125194241505,23.460500776966022,128.61849766910194,152.07899844606797,1.2697496115169895,0.0,142.0,140.0,142.0,0.0,0.0,2.0
143.9429131439107,0.0,0.002,5.708685608931485e-05,0.0,0.0,0.0,47.799215985250406,0.788582628782137,11.34252113653589,13.645669484871451,89.6574788634641,74.0,163.65747886346412,5.285434280446574,0.5699688092250241,152.5433051512855,150.6003920073748,151.65747886346412,3.0,1.0,2.0
124.06233905600206,0.0,0.0026558476400051602,0.001,0.0005311695280010321,0.0,0.0,68.59350858400309,0.4937660943997936,28.062339056002063,9.678567595994323,94.59608368797007,51.06233905600207,145.65842274397212,5.937660943997936,0.0,125.0,123.0,125.0,2.0,1.0,2.0
145.6830284614748,0.0,0.004950914615575577,0.00012678861541007692,0.0,0.0,0.0,78.93660569229496,0.2,55.55623984606473,4.331697153852519,11.873211384589922,136.93660569229496,148.80981707688488,1.0,0.0,143.87321138458992,142.87321138458992,144.87321138458992,0.0,0.0,2.0
137.0393435406685,0.0,0.01,0.00019671770334254825,0.0,0.0,0.0,64.03934354066851,0.4,12.07868708133702,8.537050334930385,21.92131291866298,130.92131291866298,152.84262583732595,1.0786870813370193,0.0,144.84262583732595,142.88196937799447,144.88196937799447,1.0,0.0,2.0
146.24421982802005,0.0,0.006564308194210563,0.0,0.0,0.0,0.0,75.5115603439599,0.3,58.122109914010025,4.387789008598998,17.511560343959893,135.4884396560401,153.0,1.8778900859899732,0.0,150.0,148.87789008598997,150.87789008598997,0.0,1.0,2.0
138.0,0.0,0.01,0.003356597084850306,0.002,0.0,0.0,59.54780097171656,0.5,29.28680583029939,5.940821846261473,55.09560194343313,101.6434029151497,156.73900485858283,4.452199028283435,0.0,149.19120388686625,144.45219902828345,146.3565970848503,6.2868058302993886,1.0,2.0
148.7355000701116,0.002,0.0,0.008537125122695333,0.0009338750175279049,0.0,0.0,37.85962477213724,1.073550007011162,10.13224996494419,6.59338750175279,70.60325010516743,103.93387501752791,174.53712512269533,6.13224996494419,0.0,162.33875017527905,158.7355000701116,162.53712512269533,6.73550007011162,1.0,2.0
144.0,0.0,0.0009484683149302515,0.005470751160185996,0.0,0.0,0.0,61.0,0.4,9.3676877900465,7.315459505520924,18.735375580093,137.264624419907,156.0,1.367687790046499,0.0,148.0,146.31615610497676,148.31615610497676,0.6838438950232495,0.0,2.0
148.02893923475358,0.0,0.01,0.0,0.0,0.0,0.0,75.47829557393483,0.3,58.46382595655804,6.055064366081875,26.97106076524643,125.57958289557232,152.55064366081874,4.0,0.0,148.52170442606518,148.02893923475358,149.02893923475358,0.0,1.0,2.0
131.91685428189922,4.1572859050392095e-05,0.01,0.0011247185771511763,0.007500000000000001,0.0,0.0,28.83370856379843,3.8999999999999995,0.0,10.408539710089137,141.0,50.29101001335275,191.29101001335275,7.374155731453529,0.5699688092250241,132.83370856379844,119.24943715430236,129.08314571810078,71.4202313560851,0.0,2.0
135.44502960288628,0.0,0.005258283995189556,0.0025549703971137335,0.00014834320096208887,0.0,0.0,61.74171600481044,0.4851656799037911,20.85165679903791,9.09947335740236,35.554970397113735,109.3350888086588,144.89005920577253,4.554970397113733,0.0,138.89005920577253,135.89005920577253,138.03840240673463,2.851656799037911,1.0,2.0
146.0,0.0,0.01,5.3479508164612326e-05,0.0,0.0,0.0,67.94652049183539,0.3013369877041153,23.106959016329224,7.2,19.986630122958847,136.01336987704116,156.0,1.013369877041153,0.0,147.04010963112347,147.0,148.0267397540823,1.0,0.0,2.0
140.9302373928721,0.0010348813035639544,0.01,0.0009651186964360456,0.0009651186964360456,0.0,0.0,55.96511869643604,0.5104643910691864,16.686068267924412,7.452321955345932,51.41857564276745,121.20928782138373,172.62786346415118,4.1046439106918635,0.03488130356395447,153.65118696436045,147.9302373928721,151.82559348218024,6.8953560893081365,-0.03488130356395447,2.0
152.0,0.0,0.0,0.00499506001906559,0.0,0.0,0.0,61.98518005719677,0.400493998093441,59.01481994280323,5.619265925644197,25.064219752147324,135.9506001906559,161.01481994280323,0.014819942803228847,0.004939980934409616,159.0049399809344,156.0049399809344,158.0049399809344,1.0049399809344095,1.0,2.0
137.0,0.001,0.0,0.005951811785423239,0.0,0.0,0.0,62.90362357084648,0.4,48.807247141692955,4.814456464373028,22.0,133.0,155.0,2.0,0.0,142.0,140.95181178542325,142.0,0.0,0.0,2.0
142.0,0.0,0.0052782398756310005,0.0,0.0,0.0,0.0,68.6391199378155,0.3,38.6391199378155,6.5721760124369,14.3608800621845,136.6391199378155,151.0,1.0,0.0,142.0,142.0,143.0,0.0,0.0,2.0
141.60375488356007,0.0,0.005867918294520023,0.0,0.0,0.0,0.0,62.849143876719694,0.6603754883560067,51.33959147260011,11.803754883560066,79.0,70.3395914726001,149.33959147260012,11.207509767120133,0.0,142.60375488356007,141.60375488356007,143.60375488356007,2.867918294520022,1.0,2.0
123.63791884507087,0.0,0.0033642195669015777,0.0,0.0,0.0,0.0,70.81895942253544,0.3,28.730577545775603,7.045473985563386,20.36421956690158,117.63791884507087,138.00213841197245,1.545260144366141,0.0,124.09265870070473,124.54739855633859,125.54739855633859,0.4547398556338591,-0.5452601443661409,2.0
143.0,0.0,0.008234867514152746,0.0,0.0,0.0,0.0,70.0,0.3,49.48440397142075,5.20311920571585,13.0,139.42201985710375,152.42201985710375,1.0,0.0,146.48440397142076,144.9688079428415,146.9688079428415,0.0,0.0,2.0
149.4442329012846,0.0,0.0,0.005,0.0,0.0,0.0,53.866158963083045,0.5022306839486159,56.8884658025692,4.613384103691696,15.5557670987154,149.48884658025693,165.04461367897233,1.5111534197430798,0.0,160.0,158.0,159.48884658025693,0.0,0.4888465802569202,2.0
135.0,0.0,0.01,0.002,0.0,0.0,0.0,65.6662714849078,0.3666864257546104,67.66686425754611,5.166567871226948,25.999407227361687,116.0,141.9994072273617,3.3331357424538957,0.0,136.0,135.0,137.0,0.0,1.0,2.0
130.2568612928068,0.0,0.0,0.0006982562737815645,0.0,0.0,0.0,65.86034874524368,0.4,3.675815057075755,8.806732365011742,20.0,122.97755878329419,142.9775587832942,0.4189537642689387,0.0,133.2568612928068,133.1172100380505,134.2568612928068,1.0,0.0,2.0
140.1198943594907,0.0,5.994717974535591e-05,0.001,2.9973589872677954e-05,0.0,0.0,60.5395246177082,0.7940052820254645,31.7302376911459,11.194005282025463,120.17984153923607,78.85013205063662,199.02997358987267,8.880105640509289,0.0,141.1498679493634,141.1198943594907,142.1498679493634,3.0,0.0,2.0
146.0,0.0,0.008463439532729527,0.0,0.0,0.0,0.0,69.92378982477358,0.4384140116817618,43.76828023363524,9.737487239476117,39.84449040886167,117.92378982477358,157.76828023363524,5.384140116817618,0.0,151.15242035045284,148.76828023363524,150.76828023363524,2.0762101752264273,1.0,2.0
141.88595771179007,0.0014093615254732934,0.002067234660843473,0.0014093615254732934,0.0,0.0,0.0,61.70468076273664,0.5,11.932765339156527,8.3020427033477,35.47659618631677,125.0,160.47659618631675,1.5906384745267066,0.0,148.2280845764199,145.11404228820993,147.52340381368325,1.7046807627366467,0.7046807627366467,2.0
131.61482761698358,0.0,0.01,0.001009267260614742,0.00040370690424589673,0.0,0.0,59.0,0.5,17.22038797335243,8.810918084597553,53.20185345212295,96.00926726061473,149.21112071273768,4.201853452122949,0.0,143.00926726061473,139.41297416486063,143.21112071273768,3.7981465478770517,1.0,2.0
148.0,0.0,0.004,0.0046734324333249175,0.0,0.0,0.0,77.02029729997476,0.5326567566675082,2.6937297332996692,10.228597296672557,32.0,140.0,172.0,1.0,0.0,150.0,150.0,151.0,0.6734324333249173,-1.0,2.0
147.87964818442907,3.00879538927296e-05,0.0,0.0030300879538927294,0.0,0.0,0.0,38.18052772335638,0.8969912046107271,16.548680691609057,12.190973613832181,33.96991204610727,135.0,168.96991204610728,3.0300879538927297,0.0,157.15043976946365,155.06017590778546,158.06017590778546,3.0601759077854593,0.030087953892729558,2.0
145.0,0.002718297852631745,0.002718297852631745,0.0002817021473682552,0.0,0.0,0.0,53.71829785263174,0.6093900715789418,0.6573050105259287,6.769021288420952,21.281702147368254,144.62439713684233,165.90609928421057,0.09390071578941839,0.0,156.62439713684233,155.62439713684233,157.5304964210529,1.0,0.0,2.0
139.63698940887437,0.0,0.0006726021182251263,0.0009821936453246211,0.0006726021182251263,0.0,0.0,65.67260211822513,0.4654795763549747,18.035612709350758,8.928086231536678,34.63698940887437,117.98219364532463,152.619183054199,2.982193645324621,0.0,144.32739788177489,142.30959152709949,144.65479576354974,2.0,0.6726021182251263,2.0
146.893748464868,0.0,0.01,0.0,0.0,0.0,0.0,69.44999824556344,0.3,43.55624978069543,6.944999824556343,25.11249956139086,129.3312506579137,154.44375021930458,2.556249780695429,0.0,148.6687493420863,147.22499912278172,149.22499912278172,0.44375021930457115,0.5562497806954289,2.0
138.0,0.0,0.0012637154912449892,0.004736284508755011,0.0008681422543775054,0.0,0.0,57.395573236867484,1.347256901751002,9.736284508755011,8.715399156128507,130.15399156128507,61.18671971060245,191.34071127188753,9.131857745622495,0.5699688092250241,142.0,127.39557323686748,138.263715491245,73.15399156128507,0.0,2.0
143.0,0.0,0.00035429957889477183,0.0026457004211052283,0.0,0.0,0.0,63.46855063165784,0.6,24.405651894973527,12.09601941045268,84.82285021055262,73.17714978944738,158.0,7.531449368342158,0.5699688092250241,145.82285021055262,144.82285021055262,146.82285021055262,2.1771497894473857,1.0,2.0
133.0,0.0,0.01,0.0018442442866430132,0.0,0.0,0.0,72.61474809554767,0.6073740477738355,22.458992382190683,7.293867165908207,31.692625952226166,116.22949619109534,147.9221221433215,3.5368702388691773,0.0,133.9221221433215,135.38525190445233,136.30737404777383,2.3852519044523293,0.0,2.0
144.51434586894433,0.0,0.0,0.003647538841407559,0.0,0.0,0.0,52.45696239316701,0.567623057929622,13.64753884140756,8.057172934472167,23.514345868944332,141.1618847103519,164.67623057929623,0.8381152896481102,0.0,153.0,152.0,153.0,1.0,0.0,2.0
144.7230710973701,0.0,0.0,0.0012769289026298841,0.0,0.0,0.0,49.55691375579219,0.7387700463681837,16.944614219474023,7.510465965998712,42.33231468315586,124.94461421947402,167.2769289026299,7.6122995363181625,0.0,152.88922843894804,153.7784568778961,154.7784568778961,2.1107715610519535,0.9446142194740232,2.0
150.63350394342072,0.0,0.0,0.0012670078868414168,0.0,0.0,0.0,55.850767745393185,0.4683248028289646,63.58375985855177,4.309948816973788,12.732992113158584,151.31675197171035,164.04974408486893,0.3167519717103542,0.0,160.68324802828965,158.68324802828965,160.68324802828965,0.6832480282896458,0.3167519717103542,2.0
126.51977665194102,0.0,0.0010056504719831454,0.0004971747640084273,0.0010056504719831454,0.0,0.0,74.50282523599158,0.3,65.00565047198315,3.989264103232024,56.02260188793258,94.55932995582303,150.5819318437556,4.508475707974718,0.0,126.51977665194102,126.51412617995787,128.51412617995786,1.0,0.4971747640084273,2.0
140.43937483818908,0.0,0.00687874967637815,0.0,0.0,0.0,0.0,67.20368035778665,0.5,44.78951347537208,9.754701282812839,101.7322913969818,72.14645827939636,173.87874967637816,3.382152759798786,0.0,144.52861103919514,143.2929165587927,144.91076379899394,1.3821527597987862,0.6178472402012138,2.0
147.47561993791487,0.0,0.005752995325946916,0.0,0.0,0.0,0.0,70.65547507760641,0.3,67.86890498447872,5.15579548292659,16.868904984478718,136.0,152.86890498447872,2.0,0.0,149.3445249223936,147.73780996895744,149.60671495343615,0.0,0.8689049844787182,2.0
146.57634152016703,0.0,0.0005706097466388297,0.00042939025336117035,0.00042939025336117035,0.0,0.0,56.58207329369522,1.4864512280250533,9.14121949327766,17.555315838805065,121.44085380041756,64.55914619958244,186.0,7.282438986555318,0.0,151.71182923991648,149.71182923991648,152.14121949327765,7.717561013444682,1.0,2.0
142.0911611790905,0.0019392258806063263,0.0,0.004878451761212653,3.0387059696836862e-05,0.0,0.0,51.27348353727153,0.790883882090949,8.878451761212652,9.439225880606326,49.87845176121265,111.96961294030316,161.84806470151582,7.787290582122142,0.03038705969683686,152.84806470151582,148.9088388209095,150.9088388209095,4.0,1.0,2.0
144.93094869550697,0.0,0.0,0.000552410435944178,0.0,0.0,0.0,65.6547434775349,0.4,9.069051304493023,7.6930948695506975,21.861897391013954,135.06905130449303,156.93094869550697,1.0690513044930223,0.0,148.0,147.86189739101397,148.93094869550697,0.06905130449302221,0.0,2.0
133.4476337551578,0.0,0.0069314197469053165,0.0020685802530946837,0.0,0.0,0.0,60.37905350206312,0.5,19.137160506189367,9.593141974690532,41.27804523246346,103.9638477634103,145.24189299587377,4.689526751031561,0.0,139.24189299587377,135.9314197469053,138.5523662448422,3.3104732489684388,1.0,2.0
144.706053543109,0.0,0.005353026771554493,0.0,0.0,0.0,0.0,74.08862047199521,0.23234866142227534,41.02954015733174,5.2793218898677825,12.97045984266826,136.67651338577724,149.64697322844552,1.0,0.0,142.0,142.0,143.0,0.0,0.0,2.0
149.13729939040914,0.0,0.0007843248476022828,0.0010783757619885859,0.0007843248476022828,0.0,0.0,61.86270060959087,0.47843248476022826,40.86270060959087,6.286270060959087,29.058923628420544,130.86270060959086,159.92162423801142,2.215675152397717,0.0,153.56864969520456,151.56864969520456,153.56864969520456,1.0,1.0,2.0
151.0,0.0,0.0,0.0073177709404653145,0.004658885470232657,0.0,0.0,59.63554188093063,1.7434488886975457,15.341114529767342,16.605950082835435,149.65888547023266,50.341114529767346,200.0,9.364458119069372,0.5699688092250241,156.0,148.68222905953468,155.68222905953468,46.7756034167428,1.0,2.0
143.0,0.0,0.0003938644056541585,0.0,0.0,0.0,0.0,65.0,0.5393864405654158,25.575457622616632,12.172389825443714,103.91044069822514,62.301830490466536,166.2122711886917,4.0,0.0,143.39386440565417,144.0,145.39386440565417,1.787728811308317,1.0,2.0
144.74383511479255,0.0,0.00034876702295850797,0.003907397862248953,0.00034876702295850797,0.0,0.0,62.30246595408298,0.5,36.395068091834034,6.430246595408298,32.30246595408298,128.69753404591702,161.0,3.302465954082984,0.0,149.44136916070954,148.09260213775104,150.09260213775104,0.3487670229585079,0.3487670229585079,2.0
144.14725575753607,0.0,0.0017054884849278516,0.0008934069696920093,0.0008934069696920093,0.0,0.0,62.21318606061598,0.5,8.426372121231964,10.185274424246392,86.78681393938402,69.78681393938402,156.57362787876804,1.1065930303079907,0.5699688092250241,147.46703484846006,144.68022090907604,147.46703484846006,3.893406969692009,1.0,2.0
148.65784530460303,0.0,0.0,0.003947071827618216,0.0,0.0,0.0,62.368618781587855,0.4,29.55198895983947,5.907939225857268,13.71077347698482,146.97353591380912,160.68430939079394,0.657845304603036,0.0,154.68430939079394,153.68430939079394,155.68430939079394,0.0,0.0,2.0
142.99706862885333,0.0,2.9313711466675066e-06,0.002000586274229333,0.0,0.0,0.0,64.998241177312,0.5,0.005276468064000284,9.199355098347732,23.002345096917335,128.99530980616532,151.99765490308266,1.9994137257706666,0.5699688092250241,142.99941372577067,142.998241177312,144.998241177312,1.0,0.0005862742293334389,2.0
129.04821203886056,0.0,0.008048212038860556,0.001903575922278888,0.0,0.0,0.0,55.19284815544222,0.5951787961139444,0.7231805829083404,10.275893980569723,57.75893980569722,100.71072776683667,158.4696675725339,3.048212038860556,0.0,140.0964240777211,138.0,140.0964240777211,2.096424077721112,0.04821203886055603,2.0
143.06847744733605,0.0,0.0011826065262294603,0.0,0.0,0.0,0.0,64.29673560512288,0.39771741842213176,19.02282581577868,6.461196113176239,16.885870921106587,137.0,153.88587092110657,1.9543483684426346,0.0,143.95434836844262,143.97717418422133,145.0,0.0,0.0,2.0
155.33782835349416,0.0,0.0,0.004220723882168612,0.0,0.0,0.0,61.33782835349417,0.44069079607228706,14.255263685782964,7.247598756795158,16.627631842891482,150.96546019638564,167.59309203927714,0.8138159214457412,0.0,158.9309203927713,159.96546019638564,161.55855223566277,1.220723882168612,0.5930920392771294,2.0
148.38773964898823,0.0,0.0,0.004353767251686296,0.0,0.0,0.0,49.741506900674516,0.512924654966274,62.775479297976446,4.609527415236082,9.74150690067452,153.12924654966275,162.87075345033725,0.8707534503372591,0.0,159.87075345033725,158.87075345033725,160.87075345033725,0.0,0.8707534503372591,2.0
135.65284354782517,0.0,0.01,0.0026528435478251795,0.0,0.0,0.0,60.647709681165466,0.46528435478251795,66.69431290434964,5.369944677100936,28.04660322318417,115.34715645217481,143.39375967535898,3.0,0.0,137.08807257970864,135.8704580637669,137.8704580637669,0.21761451594172654,1.0,2.0
140.40209756592,0.0,0.001,0.0,0.0,0.0,0.0,62.83508130493334,0.6,25.402097565920005,14.120629269776002,94.29895121704,71.56701626098666,165.86596747802668,3.5670162609866676,0.0,143.56701626098666,144.0,145.13403252197332,3.0,1.0,2.0
128.0,0.0,0.0027846523722460203,0.0,0.0,0.0,0.0,76.69224604625663,0.22615507907486737,33.569304744492044,6.878465237224602,18.30775395374337,125.69224604625663,144.0,1.7384492092513266,0.0,131.9537968370053,133.69224604625663,133.9537968370053,1.7384492092513266,0.0,2.0
144.24296887739732,0.0,0.01,0.0,0.0,0.0,0.0,75.4859377547946,0.2,52.485937754794605,5.442070229691752,15.514062245205391,136.12148443869864,151.63554668390404,1.0,0.0,144.87851556130136,143.87851556130136,145.87851556130136,0.0,0.0,2.0
134.4248419299062,0.0011917193566979341,0.0,0.0073834387133958675,0.001,0.0,0.0,43.29522739797376,1.2404140321651034,4.445543538161362,11.510891292367727,116.50764836292686,60.595859678348965,177.10350804127583,6.233122573208264,0.5699688092250241,115.56975318769236,124.80828064330207,133.4248419299062,76.0,0.595859678348967,2.0
139.34593367687353,0.0003270331615632387,0.0,0.005345933676873523,0.0,0.0,0.0,42.327033161563236,1.3018900515310283,17.308132646252954,11.165406632312648,46.69186735374704,125.6351658078162,172.32703316156324,3.289232130942671,0.5699688092250241,154.59736477719562,151.6351658078162,153.61626529250591,5.308132646252955,0.3270331615632387,2.0
151.0,0.0,0.0,0.006,0.0053351867711271695,0.0,0.0,61.67315369894509,1.598609921654623,22.675933855635847,11.443128006684947,149.66759338556358,50.332406614436415,200.0,11.332406614436415,0.5699688092250241,156.0,150.0,156.33240661443642,43.983319059855475,1.0,2.0
142.0,0.0,0.0,0.006,0.0,0.0,0.0,58.80784594194126,0.4,31.80784594194126,6.261569188388251,22.0,141.0,163.0,1.1921540580587413,0.0,155.0,153.0,155.0,1.0,0.0,2.0
135.86056621298954,0.0,0.008762285134776615,0.002,0.0015245702695532316,0.0,0.0,58.81142567388308,0.5237714865223384,6.860566212989542,9.080343784357414,49.61486351745722,102.52457026955324,152.13943378701046,3.0,0.0,143.04914053910647,139.52457026955324,143.04914053910647,3.5245702695532315,0.7622851347766157,2.0
142.0,0.0,0.004,0.0,0.0,0.0,0.0,68.0,0.3,38.797813648858636,6.7,15.0,136.0,151.0,1.0,0.0,142.0,142.0,143.0,0.0,0.0,2.0
137.87116662962586,0.002,0.003049083203690531,0.001128833370374134,0.0,0.0,0.0,59.51533348149653,0.6306749944438799,8.564416685187068,8.279141646294226,69.7730002222448,125.87116662962586,195.64416685187066,5.306749944438799,0.435583314812933,145.12883337037414,144.87116662962586,146.43558331481293,2.8711666296258658,-1.0,2.0
151.45350264852507,0.0,0.0,0.005,0.0,0.0,0.0,60.54649735147493,0.4,62.54649735147493,4.109299470294987,12.817834216175022,149.2713368647001,162.0891710808751,1.0,0.0,158.72483951322516,157.0891710808751,159.0891710808751,0.0,1.0,2.0
139.24041811074122,0.0,0.006519163778517566,0.0,0.0,0.0,0.0,76.87979094462939,0.2,55.84146338759426,4.3,11.120209055370609,133.1202090553706,144.24041811074122,1.0,0.0,140.24041811074122,139.1202090553706,141.1202090553706,0.0,0.0,2.0
141.27755451019576,0.0010889781959216992,0.0010889781959216992,0.0021779563918433984,0.0,0.0,0.0,61.45551090203915,0.44555109020391503,6.633467293882548,6.263346729388255,14.266934587765096,142.5551090203915,156.8220436081566,1.0,0.0,149.7330654122349,149.6440872163132,151.18857631427406,0.0,0.0,2.0
127.03455196298873,0.0,0.005023034641992486,1.727598149436471e-05,0.0,0.0,0.0,60.994241339501876,0.5994241339501878,4.057586604981216,11.499424133950187,88.9481720555169,62.03455196298873,150.98272401850562,4.0,0.0,131.03455196298873,129.04031062348685,131.04031062348685,2.0,1.0,2.0
144.32458582990026,0.0,0.0020262425102991893,0.0003245858299002703,0.001,0.0,0.0,60.649171659800544,0.567541417009973,7.32458582990027,9.019337327840432,102.53452591229379,61.219615788703514,163.7541417009973,2.3508283401994596,0.3245858299002703,145.2983433196011,147.7016566803989,148.67541417009974,8.052485020598379,1.0,2.0
146.0,0.0,0.0,0.0036335384651286023,0.0,0.0,0.0,64.36646153487139,0.4,33.931692278971184,7.126707693025721,19.0,137.0,156.0,1.633538465128602,0.0,150.0,147.73292306974278,150.3664615348714,1.0,0.3664615348713979,2.0
138.39617269160925,0.0007923453832185108,0.0011885180748277661,0.003622963850344468,0.0023961726916092553,0.0,0.0,55.22679115873521,1.535789960770181,9.057409625861169,6.979234538321851,138.33876306574808,56.83061846712596,195.16938153287404,9.58469076643702,0.5699688092250241,143.37703614965554,133.9808634580463,142.58469076643703,50.16938153287404,0.0,2.0
133.17280324013916,0.0,0.01,0.0029135983799304134,0.0,0.0,0.0,64.69546720668986,0.4,63.73654089365807,5.091359837993041,24.390934413379725,116.60906558662028,141.0,2.3909344133797243,0.0,134.47733603344932,133.47733603344932,135.47733603344932,0.0,0.6954672066898622,2.0
159.0,0.0,0.0,0.003,0.0,0.0,0.0,63.83432569618896,0.43885581012703456,12.114418987296542,11.73253944304883,91.0,81.0,172.0,0.0,0.0,163.0,163.0,164.61144189872965,2.0,1.0,2.0
143.41045101901975,0.0008973872452450613,0.0008973872452450613,0.0017947744904901225,0.0,0.0,0.0,60.44869362262253,0.4,10.205225509509877,5.9038242603602775,13.140855358357715,141.3078382642648,154.44869362262253,0.44869362262253065,0.0,148.65391913213242,147.65391913213242,149.10261275475494,0.0,0.0,2.0
150.57473521475404,0.0,0.001425264785245965,0.0015249117382513451,0.0015249117382513451,0.0,0.0,62.90035304699462,0.5,57.19929390601076,5.205335394644889,56.48666151338778,103.2757943557379,159.76245586912566,4.475088261748655,0.5699688092250241,157.57473521475404,153.81227934562835,156.57473521475404,3.7624558691256724,1.0,2.0
147.88024462511197,0.0,0.004852273291181421,0.0,0.0012534964167413198,0.0,0.0,60.35926612466406,0.9387237458594619,48.02797133393056,12.8,121.52097850044792,63.97202866606944,185.49300716651737,9.760489250223959,0.5699688092250241,148.88024462511197,147.2534964167413,149.88024462511197,5.7604892502239595,0.6267482083706599,2.0
147.86365186368425,0.0007727303727368486,0.0002272696272631515,0.00540911260915794,0.0007727303727368486,0.0,0.0,39.409044408947274,1.3318191118210545,10.0,10.109044408947273,119.63638223642108,60.95450515442097,180.59088739084206,6.681808881789454,0.0,160.72730372736848,156.40911260915794,160.72730372736848,9.863651863684243,1.0,2.0
146.21958777130533,0.0,0.01,0.0,7.319592376844364e-05,0.0,0.0,65.41443260985245,0.5585567390147549,39.09793885652665,12.829278369507378,114.87835108522133,72.82886521970491,187.70721630492622,6.439175542610662,0.07319592376844364,147.21958777130533,146.14639184753688,148.21958777130533,2.439175542610662,0.07319592376844364,2.0
125.4137943735255,0.0,0.0030172429669068895,0.0003965514066186221,0.0,0.0,0.0,63.379308439711735,0.6,13.120682352228307,11.936206547280484,97.32757953899106,57.241383120576536,154.5689626595676,5.189654219855866,0.0,128.62069156028826,126.62069156028826,128.62069156028826,2.0,1.0,2.0
144.331787201445,0.0,0.0033410639927750813,0.0,0.0,0.0,0.0,64.33642559711004,0.4,21.663574402889967,9.19721696260097,28.327148805779935,127.0092767913301,155.33642559711004,2.6635744028899673,0.0,148.67285119422007,145.33642559711004,147.668212798555,2.3364255971100327,1.0,2.0
138.0,0.0,0.01,0.0031415289619711566,0.002,0.0,0.0,59.61949034600961,0.5,15.468664117836553,7.254063314836535,49.663567577932696,101.85847103802884,151.52203861596155,3.7610193079807708,0.0,145.14152896197115,141.90254826995192,145.52203861596155,3.6194903460096146,1.0,2.0
144.78096426280342,0.0013904821314017172,0.004634940438005723,0.004609517868598283,0.0,0.0,0.0,59.926988087601146,0.44634940438005727,29.219035737196567,6.809843448180629,23.85397617520229,140.07301191239887,163.92698808760113,1.4634940438005724,0.0,154.07301191239887,152.53650595619942,154.53650595619942,1.4634940438005724,0.0,2.0
140.13935734053769,0.0012404284396415404,0.0012404284396415404,0.0035191431207169193,0.0,0.0,0.0,61.72128531892462,0.4,29.75957156035846,6.348085687928308,25.721285318924622,137.27871468107537,163.0,1.3797857801792297,0.0,158.72128531892463,152.37978578017922,156.24042843964153,8.442570637849242,0.6202142198207702,2.0
148.0,0.0,0.0,0.0,0.0,0.0,0.0,65.0,0.4,20.863333649571825,6.527333270085635,17.546665401712698,144.4533345982873,162.0,0.13666635042817477,0.0,156.1366663504282,155.0,157.0,0.13666635042817477,0.13666635042817477,2.0
151.0,0.0,0.0,0.006,0.005038163570272436,0.0,0.0,60.63357249595353,1.821377322295673,21.19081785136218,15.21532265754006,149.51908178513622,50.480918214863784,200.0,11.480918214863783,0.5699688092250241,156.0,150.0,156.48091821486378,46.65652786754808,1.0,2.0
148.0,0.0,0.0,0.0055208181223702696,0.0,0.0,0.0,50.52081812237027,0.5,62.0,4.595836375525947,8.958363755259462,154.04163624474054,163.0,1.0,0.0,160.0,159.0,161.0,0.0,0.47918187762973097,2.0
144.10256826322575,0.0,0.01,0.0,0.0,0.0,0.0,74.87178967096783,0.3,67.02564206580644,4.228206272387079,16.025642065806437,136.0,152.02564206580644,2.0,0.0,145.12821032903219,146.05128413161287,147.0769261974193,0.0,0.025642065806435688,2.0
143.0,0.0,0.0,0.002,0.0,0.0,0.0,65.0,0.5341247827626157,2.3887347933830947,10.462616962216778,25.04748696575694,129.0,154.04748696575695,2.6824956552523127,0.5699688092250241,145.3887347933831,143.68249565525232,145.34124782762615,2.3649913105046254,0.0,2.0
132.42176056907272,0.0,0.0031405868563575716,0.0011405868563575713,0.0,0.0,0.0,66.33863066849901,0.3760391237571714,12.099021906070714,7.790097809392928,25.760391237571714,124.71882628728486,150.47921752485658,0.38019561878585706,0.0,140.14058685635757,136.9009780939293,138.28117371271514,2.8594131436424286,-0.23960876242828588,2.0
149.20235443820619,0.0,0.0,0.0030058860955154976,0.0,0.0,0.0,60.1905822471752,0.46011772191031,19.3988227808969,7.301177219103099,20.3988227808969,144.60706331461859,165.0058860955155,2.202354438206199,0.0,161.8094177528248,156.20235443820619,158.20235443820619,4.607063314618597,0.3988227808969005,2.0
144.0,0.0,0.01,0.0,0.0,0.0,0.0,76.16034473845467,0.24198276307726677,64.09913815386334,3.967931052309067,13.67931052309067,137.16034473845465,150.83965526154535,2.0,0.0,144.41982763077266,144.83965526154535,146.41982763077266,0.0,0.0,2.0
140.06720509345377,0.0,0.006067205093453757,0.0,0.0,0.0,0.0,72.86558981309248,0.4,57.672050934537566,10.053764074763006,78.46639745327312,67.60080764018063,146.06720509345377,3.865589813092486,0.0,142.1344101869075,140.60080764018065,142.60080764018065,2.0,1.0,2.0
137.0,0.001,0.0,0.005607905092793445,0.0,0.0,0.0,62.607905092793445,0.4,46.25533564955411,5.035256944323933,22.0,133.0,155.0,2.0,0.0,142.0,140.60790509279343,142.0,0.0,0.0,2.0
145.7053502153736,0.0,0.0,0.0,0.0007648832615421283,0.0,0.0,65.29464978462639,0.4,30.764883261542128,7.729163433841021,31.175583692289358,123.29464978462639,154.47023347691575,3.764883261542128,0.23511673845787173,146.94046695383147,145.94046695383147,147.94046695383147,1.0,1.0,2.0
143.1870142612839,0.0,0.01,0.0,0.0,0.0,0.0,70.93507130641953,0.3,51.49611409027125,4.894284312587702,12.43895721614828,142.3740285225678,154.8129857387161,1.1870142612839065,0.0,147.74805704513562,146.74805704513562,148.74805704513562,0.0,0.18701426128390652,2.0
144.02686153358547,0.0,0.004845630771320517,0.0,0.0,0.0,0.0,78.0,0.2,57.56375384754701,4.27181230762265,11.718123076226494,135.872492304906,147.59061538113247,1.0,0.0,142.872492304906,141.872492304906,143.872492304906,0.0,0.0,2.0
150.04447630404508,0.0,0.0,0.0002668578242703921,0.003133428912135196,0.0,0.0,72.59971326359441,0.9088952608090131,46.06599761505363,4.719942652718882,148.08895260809012,50.95552369595494,199.04447630404508,8.133428912135196,0.08895260809013061,154.08895260809012,150.0,155.04447630404508,29.40028673640559,1.0,2.0
150.76297642520728,0.0,1.8232582676361632e-05,0.005981767417323638,0.005908837086618192,0.0,0.0,53.07293033070545,2.8726511259854575,3.1276280787345314,17.555315838805065,148.69004609450184,51.164093244087255,199.8541393385891,10.963534834647277,0.5699688092250241,155.74474384253094,146.63534834647277,154.69004609450184,75.0,0.9817674173236384,2.0
133.7831119427342,0.0001957779856835461,0.0,0.007412666042949362,0.0,0.0,0.0,50.740891799569646,0.5608444028632907,45.21688805726581,6.525910820043036,24.41266604294936,126.56622388546837,150.97888992841774,2.0,0.0,144.41266604294935,141.6084440286329,143.6084440286329,0.8042220143164539,0.8042220143164539,2.0
145.0,0.0029773113750655735,0.0029773113750655735,1.512574995628424e-05,0.0,0.0,0.0,53.96218562510929,0.6,0.02268862493442636,6.63781437489071,21.045377249868853,144.9621856251093,166.00756287497813,0.0,0.0,157.0151257499563,156.0,158.0,1.0151257499562842,0.00756287497814212,2.0
142.52525285845397,0.001,0.0071222218557006325,0.0024676770009177786,0.00035252528584539696,0.0,0.0,47.654544854782856,1.0762626429226985,5.467677000917779,8.448181728217428,121.0,56.05757585753619,177.0575758575362,6.0,0.5699688092250241,157.17272757260858,150.87777814429936,153.28787928768097,9.705050571690794,1.0,2.0
139.79606109789998,0.00010196945105001313,0.0,0.004,0.0,0.0,0.0,47.490152744749935,0.9203938902100026,20.898030548949986,9.683545011890024,37.71378615735009,134.3881832936999,172.10196945105002,2.611816706300079,0.5699688092250241,152.12166396155015,152.30590835315004,152.71378615735009,3.5098472552500652,0.1019694510500131,2.0
140.7565177034237,0.0,0.002756517703423701,0.003026070813694803,0.0,0.0,0.0,62.191340669186694,0.45130354068474016,21.7565177034237,7.92174114828815,24.2695531102711,128.2434822965763,152.5130354068474,1.2434822965762993,0.0,144.7825885171185,143.2695531102711,145.02607081369482,1.0,0.7565177034237007,2.0
131.70813817918523,0.0,0.0002918618208147734,0.0046351727239815335,0.0,0.0,0.0,64.65668909683325,0.38540690895926133,37.56220726877784,6.372965455203693,22.0,121.0729654552037,143.0729654552037,1.9270345447963066,0.0,132.70813817918523,132.0,133.0,0.21889636561108006,0.0,2.0
146.0,0.0,0.0,0.003939732609710439,0.0,0.0,0.0,64.06026739028957,0.4,31.482139122316486,7.187946521942088,19.0,137.0,156.0,1.9397326097104393,0.0,150.0,147.12053478057913,150.06026739028957,1.0,0.06026739028956085,2.0
144.0,0.0,0.007180151517500743,0.0,0.0,0.0,0.0,76.86887205361103,0.20655639731944858,62.32781986597243,3.826225589277794,12.262255892777944,137.86887205361103,150.13112794638897,2.0,0.0,144.0655639731945,144.13112794638897,146.0655639731945,0.0,0.0,2.0
142.0548680617189,0.0,0.007977585683073786,0.0,0.0,0.0,0.0,70.1646041851567,0.4,49.977585683073784,9.692271762135487,79.0548680617189,70.35162268723964,149.40649074895853,2.3516226872396344,0.0,143.70324537447928,142.0548680617189,144.0548680617189,1.3516226872396344,1.0,2.0
138.0,0.0,0.0008985791715507835,0.005,0.0008985791715507835,0.0,0.0,57.405683313796864,1.3594316686203134,10.202841656898434,9.011562911294138,130.58010840171096,60.91278745604295,191.49289585775392,9.30426248534765,0.5699688092250241,141.79715834310156,127.30426248534765,138.20284165689844,72.97158343101567,0.0,2.0
148.0,0.0,0.004,0.004514128240813675,0.0,0.0,0.0,76.54238472244103,0.5485871759186326,2.0565129632546975,10.340110231430428,32.0,140.0,172.0,1.0,0.0,150.0,150.0,151.0,0.5141282408136744,-1.0,2.0
143.94578745823594,0.0,0.007446520463894731,0.002770329703161524,0.001256776567720508,0.0,0.0,54.540659406323044,0.6486446864558983,39.37802178103086,7.278314983294375,65.89157491647187,94.79743597404355,160.68901089051542,4.256776567720508,0.5699688092250241,154.43223432279493,150.20256402595643,153.94578745823594,6.71611716139746,1.0,2.0
147.70923741177154,0.0,0.0,0.002,0.0,0.0,0.0,60.715127098038074,0.4,54.13949160784769,7.141847482354307,42.43614388234269,120.84872901961923,163.28487290196193,4.145381294114231,0.0,157.85461870588577,154.85461870588577,157.85461870588577,2.0,1.0,2.0
141.61457992985257,0.0,0.01,0.0016927100350737135,0.001385420070147427,0.0,0.0,60.92186989477886,0.4307289964926287,39.156260210442284,6.921346849183032,37.692710035073716,120.69271003507372,158.38542007014743,3.614579929852573,0.3072899649262866,151.5416802805897,147.77084014029487,151.5416802805897,6.15626021044228,1.0,2.0
136.42420718266132,0.0,0.01,0.0016060517956653269,0.0021969741021673366,0.0,0.0,62.75763743034271,0.48030258978326634,33.969741021673364,5.953011360680453,56.78789640866935,103.39394820433468,160.18184461300402,4.393948204334674,0.0,147.06051795665326,140.8484143653226,142.2423625696573,7.818155386995981,0.8030258978326634,2.0
150.91258084987118,0.0,0.001078322553350509,0.0013825161699742366,0.0,0.0,0.0,53.91258084987118,0.6617483830025763,8.695806383376272,13.415664510670101,90.46083872332474,77.22587106327322,167.68670978659796,2.695806383376272,0.5391612766752545,157.60838723324747,156.53006467989695,157.53006467989695,2.5391612766752543,1.0,2.0
130.0,0.0,0.0023113076991560038,0.0,0.0023113076991560038,0.0,0.0,74.688692300844,0.33113076991560036,58.528615220255915,2.2245230796624016,60.0,105.0,165.0,6.0,0.0,130.311307699156,128.688692300844,131.0,1.6226153983120073,0.0,2.0
152.0,0.0,0.0,0.004610333783310918,0.0,0.0,0.0,60.831001349932755,0.4389666216689082,60.168998650067245,7.119698245087418,30.06566081695806,132.10333783310918,162.16899865006724,1.168998650067245,0.38966621668908163,159.38966621668908,156.38966621668908,158.38966621668908,1.3896662166890816,1.0,2.0
128.01305471956235,0.0,0.0021484520226695805,0.00028384932577680644,0.0021484520226695805,0.0,0.0,73.43230134844639,0.37161506742231937,46.5415892124289,3.6353973031072258,57.72920539378555,99.03916415868707,156.76836955247262,5.148452022669581,0.0,128.72920539378555,126.58075337111597,129.01305471956235,2.432301348446387,0.28384932577680644,2.0
145.09049600293415,0.0,0.01,0.0,0.0,0.0,0.0,74.1821279977994,0.3,64.81900799413172,4.227262400073354,15.454751998532933,136.8178720022006,152.27262400073354,1.7273759992664663,0.0,146.36312000366766,146.54524800146706,147.8178720022006,0.0,0.27262400073353377,2.0
137.0,0.001,0.0,0.005413549101525352,0.0,0.0,0.0,61.8270982030507,0.4,46.654196406101406,4.975935269542394,22.0,133.0,155.0,2.0,0.0,142.0,140.41354910152535,142.0,0.0,0.0,2.0
149.7562278133261,0.0,0.003047152333423689,0.0,0.0,0.0,0.0,77.26868343997832,0.21218860933369477,51.97508874669558,4.739056953331526,11.365658280010843,145.14679734664136,156.5124556266522,1.0,0.0,153.5124556266522,152.39056953331527,154.39056953331527,0.0,1.0,2.0
146.0,0.0,0.0,0.00581885065046532,0.00018114934953468033,0.0,0.0,65.0,0.4,34.44919479627744,7.327540260186129,29.63770130093064,134.0,163.63770130093064,1.543448048604041,0.0,150.36229869906936,149.18114934953468,151.18114934953468,1.0,0.0,2.0
152.0,0.0,0.0,0.0026811178539649827,0.0,0.0,0.0,60.681117853964984,0.4,62.405589269824915,6.418882146035017,34.0,129.0,163.0,3.0,0.5699688092250241,160.0,157.0,160.0,1.0,1.0,2.0
143.0,0.0,0.0,0.005092808261521866,0.0,0.0,0.0,63.0,0.5,35.0,7.116890382165131,33.72575339078251,126.54849321843498,160.2742466092175,4.181438347695627,0.18143834769562694,146.81856165230437,145.81856165230437,147.63712330460874,0.3628766953912539,0.18143834769562694,2.0
151.0,0.0,0.0,0.007050326767334121,0.00547483661633294,0.0,0.0,57.20130706933648,2.0597385861327036,9.301960604004723,15.675719118029043,149.52516338366706,50.47483661633294,200.0,9.42450984899882,0.5699688092250241,156.0,147.52516338366706,155.0,57.66960833898702,1.0,2.0
146.58190747655513,0.0008728612148327019,0.007872861214832702,0.0008728612148327019,0.0,0.0,0.0,63.83618504688973,0.5,30.254277570334594,8.888997149617108,30.96332383205703,134.7457224296654,165.70904626172242,3.4180925234448654,0.0,153.0,151.29095373827758,154.0,1.2909537382775673,0.0,2.0
146.89312307690525,0.0,0.0022444153849896205,0.0017862461538105123,0.0017862461538105123,0.0,0.0,70.67936923071576,0.3,17.641261538568465,5.949627692332641,15.53438461547372,138.67936923071576,154.2137538461895,0.10687692309474384,0.0,143.42750769237898,145.2137538461895,146.2137538461895,1.0,0.0,2.0
142.0,0.0,0.004,0.0,0.0,0.0,0.0,68.0,0.3,38.4326877803711,6.7,15.0,136.0,151.0,1.0,0.0,142.0,142.0,143.0,0.0,0.0,2.0
142.48687443259726,0.0,0.0020525022696109103,0.0,0.0,0.0,0.0,71.28281391850682,0.3,49.0,5.120406051409045,11.973748865194544,136.74343721629864,148.71718608149317,1.0,0.0,145.2303116488959,143.2303116488959,145.2303116488959,0.0,0.25656278370136376,2.0
128.22243874857452,0.0,0.0049258537504751594,0.0,0.0,0.0,0.0,74.1853656238121,0.2,44.88878062571274,6.848097625332612,21.8146343761879,122.22243874857452,144.03707312476243,1.0370731247624203,0.0,133.07414624952483,130.1853656238121,132.1482924990497,1.0,0.0,2.0
129.9341825868797,0.0,0.0025822717664003765,0.0024177282335996237,0.0,0.0,0.0,68.64808917952068,0.3483545646719925,38.0,6.71316348262406,22.0,121.51645435328008,143.51645435328007,1.4835456467199246,0.0,130.9341825868797,130.96709129343984,131.96709129343984,0.5164543532800753,0.0,2.0
138.0,0.0,0.0,0.005805992549775158,0.001805992549775158,0.0,0.0,57.805992549775155,1.1388014900449686,14.223970199100632,7.540224585741978,132.0,60.0,192.0,8.582022350674526,0.5699688092250241,140.80599254977517,130.83595529865096,140.22397019910062,52.432208606295575,0.0,2.0
140.0,0.0,0.0031484142049061675,0.0005502265421562617,0.0022488672892186914,0.0,0.0,60.44977345784374,0.8449773457843739,24.80362467450019,11.739728149412485,124.04796112059364,72.25339813234393,196.30135925293757,9.0,0.44977345784373823,141.44977345784375,139.6506796264688,141.55022654215625,6.598187662749906,0.0,2.0
143.69611227001627,0.0,0.0019565874671451807,0.0,0.0,0.0,0.0,47.56436292711265,0.7913174934290362,11.477537861403011,13.57829373357259,90.26047519712891,73.86976240143554,164.13023759856446,4.913174934290362,0.5699688092250241,152.5658746714518,150.69611227001627,151.65269973716144,3.0,1.0,2.0
144.63315137559403,0.0,0.0,0.0029347889952478215,0.0,0.0,0.0,64.16575687797011,0.4,9.366848624405979,7.663315137559402,21.266302751188043,135.36684862440597,156.63315137559403,1.3668486244059777,0.0,148.0,147.26630275118805,148.63315137559403,0.36684862440597765,0.0,2.0
136.04859665779335,4.859665779334294e-05,0.0,0.002194386631173372,0.0,0.0,0.0,65.85421002661997,0.4,60.41684010647988,5.561122673765325,23.902806684413314,127.29157994676005,151.19438663117336,1.048596657793343,0.0,142.0,140.04859665779335,142.0,0.0,0.0,2.0
149.59355271941467,0.0,0.0,0.005,0.0,0.0,0.0,53.983881798536686,0.46016118201463313,62.0,4.421128274102432,11.195164539561006,151.804835460439,163.0,1.0,0.0,160.0,158.60161182014633,160.60161182014633,0.0,1.0,2.0
150.36162228114642,0.0,0.0,0.0007232445622928391,0.0,0.0,0.0,54.62730026515889,0.481918885942679,62.904055702866046,4.391513315656074,13.27675543770716,151.1808111405732,164.45756657828036,0.1808111405732098,0.0,160.8191888594268,158.8191888594268,160.8191888594268,0.8191888594267902,0.1808111405732098,2.0
144.88420646334842,0.0027684129266968157,0.0026526193900452233,0.0005789676832579612,0.0,0.0,0.0,53.07365170678726,0.6231587073303184,0.2315870733031844,7.167388329592802,22.15793536651592,144.18944524343885,166.34738060995477,0.3473806099547767,0.0,157.57896768325796,156.2315870733032,158.34738060995477,1.4631741466063688,0.1157935366515922,2.0
148.77192022805107,0.0,0.0,0.0038596011402553376,0.0,0.0,0.0,63.91231908779573,0.4,65.45615954389787,4.668423931584679,12.684239315846797,144.40344159635748,157.08768091220426,1.6842393158467974,0.0,152.3157606841532,152.08768091220426,154.08768091220426,0.0,1.0,2.0
138.0,0.0,0.0007879551600917734,0.005,0.001,0.0,0.0,57.0,1.3787955160091774,10.212044839908227,9.175658291880694,132.0,60.0,192.0,9.424089679816454,0.5699688092250241,141.57591032018354,126.78795516009177,137.78795516009177,75.0,0.0,2.0
136.94509505574504,0.0012219619777019835,0.009164714832764875,0.00038901901114900825,0.0,0.0,0.0,56.33411406689405,0.9221961977701983,18.558418245278183,14.560395438680453,127.3317718662119,71.05724714493711,198.389019011149,9.610980988850992,0.0,146.49882889965892,142.221961977702,144.44392395540396,8.498828899658925,0.0,2.0
149.17794306038658,0.0,0.01,0.0,0.0,0.0,0.0,75.53382918115977,0.24110284698067047,54.28822775845364,4.594485765096647,12.233085409420115,143.12280071135308,155.3558861207732,1.0,0.0,152.3558861207732,150.94485765096647,152.94485765096647,0.0,1.0,2.0
138.0,0.0,0.0,0.0033202773942665595,0.0,0.0,0.0,44.16013869713328,0.6160138697133279,61.16013869713328,5.356221915413247,22.202773942665594,127.27764214873424,149.48041609139983,1.3202773942665593,0.0,141.0,139.83986130286672,141.83986130286672,0.16013869713327966,0.16013869713327966,2.0
151.49988438300994,0.0,0.0,0.006499884383009944,0.006199953753203978,0.0,0.0,51.10043934456221,3.149942191504972,2.7000693701940337,17.555315838805065,149.099976876602,50.900023123398014,200.0,10.700069370194033,0.5699688092250241,152.10090181252244,145.40036997436818,153.1004393445622,76.0,0.9000231233980112,2.0
152.0,0.0,0.0,0.0030602641379081546,0.0,0.0,0.0,60.70684275860543,0.4,59.0,6.5698679310459225,30.81920758627554,131.47394965511901,162.29315724139457,1.9397358620918457,0.5699688092250241,159.64657862069728,156.64657862069728,159.29315724139457,1.0,1.0,2.0
141.1843527948724,0.0,0.0,0.003289388323076554,0.0,0.0,0.0,48.47374111794896,0.8526258882051035,20.05251776410207,8.978884770256139,38.18435279487241,132.63129441025518,170.8156472051276,3.4212233538468926,0.5699688092250241,151.47374111794898,152.47374111794898,152.71061167692343,2.763129441025518,0.23687055897448206,2.0
149.12210206097544,0.0,0.001316846908536829,0.0,0.0007805255152438618,0.0,0.0,74.46367860670703,0.2658423454268415,43.438948969512275,6.472952011585601,36.536321393292965,121.68315309146317,158.21947448475615,2.097372423780691,0.0,153.78052551524385,152.34157654573158,154.34157654573158,1.4389489695122764,1.0,2.0
147.07635775116304,0.0014503879289037278,0.0,0.007351163786711183,0.0007251939644518639,0.0,0.0,41.12209053322204,1.0175581893355592,10.0,7.809146556411799,71.0,99.87790946677796,170.87790946677796,6.0,0.0,160.25193964451864,156.25193964451864,160.25193964451864,6.450387928903728,1.0,2.0
148.0,0.0,0.0,0.005177385681486322,0.0,0.0,0.0,50.17738568148632,0.5,62.0,4.664522863702736,9.645228637027357,153.35477136297266,163.0,1.0,0.0,160.0,159.0,161.0,0.0,0.8226143185136784,2.0
131.2712147609463,0.0,0.005186355717161134,0.00296616777554134,0.0,0.0,0.0,52.2201879416198,0.6271214760946289,21.356073804731444,10.393233555108267,50.881308731756185,99.6611207901364,150.5424295218926,4.0,0.0,143.2712147609463,138.84747650729753,142.42373825364876,4.0,1.0,2.0
133.0,0.0,0.009664900201417059,0.00333245010070853,0.0,0.0,0.0,65.66225050354265,0.36675498992914707,26.329800402834117,6.134039919433176,14.00264969787441,129.0,143.0026496978744,1.6675498992914703,0.0,136.33245010070854,135.0,137.0,0.0,0.0,2.0
148.0,0.0018089293723306636,0.0,0.007904464686165333,0.0,0.0,0.0,43.71339405849599,0.9095535313834668,14.044646861653318,9.963034192571739,60.0,135.0,195.0,4.904464686165332,0.09553531383466818,157.0,157.713394058496,158.0,1.0955353138346682,0.0,2.0
125.49543729870629,0.0,0.003119296623382865,0.000376140675323427,0.0,0.0,0.0,63.25684405194056,0.6,12.65123553243882,11.913754742855769,96.89895418179196,57.48631189611888,154.38526607791084,5.128422025970281,0.0,128.74315594805944,126.74315594805944,128.74315594805944,2.0,1.0,2.0
147.25883839368615,0.0,0.0,0.003,0.0,0.0,0.0,55.517676787372295,0.7903535357474458,5.1929292850510835,8.535530303621169,25.807070714948917,139.6446969637883,165.45176767873724,0.5482323212627709,0.0,152.54823232126276,152.45176767873724,153.90353535747445,1.9035353574744582,0.0,2.0
146.0,0.0,0.004106259242228319,0.0024803492209471553,0.0,0.0,0.0,65.0,0.45866084631754744,32.41339153682453,8.631877772668496,31.759825389526423,133.41339153682452,165.17321692635096,2.7598253895264224,0.0,151.7598253895264,150.17321692635096,152.7598253895264,1.0,0.0,2.0
128.0,0.0,0.004168014207744863,0.0,0.0,0.0,0.0,73.16801420774486,0.2,34.184184700683225,7.232794316902055,22.0,122.0,144.0,1.0,0.0,129.67205683097944,131.66397158451028,132.83198579225513,2.663971584510273,0.0,2.0
142.52625251011165,0.0,0.0,0.0072631262550558184,0.0,0.0,0.0,60.263126255055816,0.4,8.526252510111636,7.673687374494418,20.0,136.0,156.0,0.5262525101116358,0.0,147.26312625505582,146.0,148.0,1.0,0.0,2.0
146.6279707754323,0.0018627970775432286,0.0,0.0073139853877161425,0.0,0.0,0.0,42.35356493051874,1.2155667216505743,12.941956163148427,10.36833636575792,61.09762337965417,133.49076785297552,194.58839123262968,4.862797077543228,0.13720292245677146,157.41160876737032,158.0,158.13720292245677,2.372029224567715,0.0,2.0
139.43347960018156,0.0,0.005433479600181552,0.0,0.0,0.0,0.0,74.1330407996369,0.4,51.33479600181551,9.546783680145241,78.78326019990922,66.65021940027232,145.43347960018156,5.133040799636897,0.0,140.8669592003631,139.65021940027233,141.65021940027233,2.0,1.0,2.0
141.19142911104032,0.0,9.571455552016173e-05,0.0027128563334395147,0.0,0.0,0.0,61.28714366656048,0.4,21.712856333439515,6.861714177791936,18.808570888959675,133.38285822208064,152.19142911104032,1.0957145555201617,0.0,144.0,143.09571455552017,145.0,0.0,0.0,2.0
152.0,0.0,0.0,0.003952722827907327,0.0,0.0,0.0,59.02363858604634,0.4976361413953664,61.88180706976832,9.464542120930496,37.95272282790733,126.04727717209268,164.0,2.9763614139536636,0.5699688092250241,160.0,157.0,159.02363858604633,2.0,1.0,2.0
144.64197150044328,0.000358028499556734,0.0,0.003074085498670202,0.0,0.0,0.0,47.9259145013298,0.6716056999113468,2.6419715004432662,11.564197150044327,28.432113998226935,139.28394300088652,167.71605699911348,1.074085498670202,0.0,160.0740854986702,156.71605699911348,159.0740854986702,3.716056999113468,1.0,2.0
121.78581192782244,0.0,0.0,0.0045716238556448765,0.005,0.0,0.0,25.571623855644876,1.4607094036088781,0.0,1.7680768376004865,71.53615367520098,67.0709403608878,138.60709403608877,2.392905963911219,0.39290596391121924,119.46384632479902,108.35743578346731,110.75034174737854,38.069573371373664,0.39290596391121924,2.0
151.0,0.0,0.0,0.008,0.005,0.0,0.0,60.54669741271407,1.118678965085628,15.90660517457186,7.281551630269897,138.2141327305658,50.0,188.2141327305658,8.0,0.54669741271407,156.0,148.0,155.0,39.73348706357035,1.0,2.0
148.30415871165206,0.0,0.0041750477300875576,0.0,0.0015361058077680491,0.0,0.0,60.94310063397158,1.0376370327188171,55.159735480579876,12.939168257669586,122.52079355826037,61.71115353785561,184.231947096116,10.144423231072196,0.5699688092250241,149.30415871165206,147.768052903884,150.30415871165206,6.608317423304148,0.7680529038840246,2.0
147.56362398362205,0.0,0.0,0.003045470020472427,0.0,0.0,0.0,72.51815396314963,0.26090940040944854,53.43637601637794,4.678181199181102,11.0,145.3909059959055,156.3909059959055,0.39090599590551467,0.0,152.78181199181103,151.17271798771654,153.17271798771654,0.0,0.39090599590551467,2.0
140.0,0.000405523664813827,0.0,0.002433141988882962,0.0,0.0,0.0,69.67733130739357,0.4594476335186173,32.94476335186173,7.356685801111704,71.94476335186172,91.70494963146271,163.64971298332443,5.405523664813827,0.0,145.4607603129521,142.83866565369678,145.64971298332443,2.216570994441481,1.0,2.0
149.00646628228165,0.0,0.0,0.003019398846844984,0.0,0.0,0.0,60.470901729732525,0.45032331411408305,19.496766858859168,7.303879769368997,19.99353371771834,144.52263198798582,164.51616570570414,1.5032331411408306,0.0,154.98706743543667,156.00646628228165,157.50323314114084,2.0064662822816612,0.4967668588591694,2.0
143.04885791914046,0.0,0.0019755710404297747,0.001,0.0,0.0,0.0,61.06107239892556,0.5975571040429775,16.98778552021489,14.314498641504212,83.95114208085955,74.0,157.95114208085954,9.890069681933985,0.5699688092250241,145.03664343935534,144.02442895957023,146.02442895957023,2.9755710404297746,1.0,2.0
142.54575901022693,0.0,0.004272879505113466,0.0,0.0,0.0,0.0,69.2279577730106,0.2863560247443267,39.4093192576702,6.41347651963086,14.5906807423298,136.13643975255673,150.72712049488652,1.0,0.0,142.0,142.0,143.0,0.0,0.0,2.0
140.47572277023798,0.0,0.002780578216190375,0.0012194217838096249,0.0,0.0,0.0,65.86601187833315,0.3304855445952406,37.475722770237965,6.456115643238075,15.0,134.78057821619038,149.78057821619038,1.0,0.0,142.0,141.39028910809517,142.6951445540476,0.0,0.0,2.0
137.0,0.0,0.004,0.001,0.0,0.0,0.0,75.0,0.2,31.191362463791414,7.0404318768104295,24.0,127.0,151.0,2.0,0.0,138.0,139.0,139.5956812318957,1.0,0.0,2.0
141.0,0.0,0.01,0.0008563992298512295,0.0,0.0,0.0,76.28459884477684,0.25718003850743854,49.0,4.685639922985123,9.428199614925616,136.0,145.4281996149256,1.0,0.0,142.5718003850744,141.0,143.0,0.0,0.5718003850743852,2.0
139.0,0.0,0.007,0.0,0.0,0.0,0.0,77.71759776565817,0.2,57.870391062632706,4.228240223434183,11.0,133.0,144.0,1.0,0.0,140.0,139.0,141.0,0.0,0.0,2.0
141.1546169079462,0.0,0.0003075638486756304,0.002077308453973109,0.0,0.0,0.0,62.769744605297475,0.6,24.76974460529748,12.061345773013445,88.38320233543193,72.38487230264874,160.76807463808066,5.769744605297479,0.5699688092250241,145.0773084539731,144.69243615132436,146.0773084539731,2.3075638486756302,1.0,2.0
145.02623201889344,0.0,3.497602519124659e-05,4.372003148905845e-05,0.0,0.0,0.0,66.10492807557374,0.4008744006297812,8.956279968510941,7.720111214484967,22.087440062978118,135.04372003148904,157.13116009446716,1.0,0.0,148.01748801259563,148.01748801259563,149.01748801259563,0.00874400629781169,-0.00874400629781169,2.0
147.61481713163764,0.0,0.0,0.007229634263275249,0.0,0.0,0.0,44.64197144727063,0.6,16.945691368733996,7.503453160434389,20.027154315633002,148.71605710545876,168.74321142109176,0.8716057105458748,0.0,162.4864228421835,160.35802855272937,162.35802855272937,0.3851828683623757,0.12839428945412523,2.0
129.9369868444575,0.0,0.01,0.002312328948152499,0.00020821929876833269,0.0,0.0,55.41643859753667,0.5895890350615833,2.7068508839883245,9.737807893325503,57.58356140246333,100.89589035061583,158.47945175307916,3.2082192987683325,0.0,140.72876754568915,138.72876754568915,140.83287719507334,2.1041096493841662,0.10410964938416634,2.0
141.51904935415868,0.0005513223657425178,0.004859256560197624,0.0,0.0,0.0,0.0,51.826983548613775,1.0724338817128742,10.0,17.555315838805065,119.6862401088114,69.62169408564371,189.3079341944551,9.275661182871259,0.0,152.17301645138622,148.79471053702994,151.07037171990117,7.653967097227553,0.7243388171287412,2.0
146.0,0.0,0.0029512915809551364,0.0028919345850320455,0.0005783869170064091,0.0,0.0,65.0,0.4421613082993591,37.20548225305768,8.054032707483977,30.108065414967953,133.5783869170064,163.68645233197435,4.0,0.0,152.4216130829936,150.4216130829936,152.84322616598718,1.0,0.0,2.0
126.45167866688038,0.0,0.005,0.00027416066655980585,0.00027416066655980585,0.0,0.0,64.91912466591864,0.47258393334401944,10.854016663995147,10.148525200448816,86.80671466752155,59.258393334401944,146.0651080019235,4.274160666559806,0.0,127.90335733376078,126.62919666720097,128.62919666720097,1.2741606665598058,1.0,2.0
133.79419368988988,0.0,0.008444064417077093,0.002841161262022027,0.0,0.0,0.0,60.07941936898899,0.5079419368988987,14.23825810696696,11.63825810696696,80.31767747595595,68.47651621393392,148.79419368988988,4.47651621393392,0.0794193689889866,137.6353549519119,136.6353549519119,138.6353549519119,2.0794193689889866,1.0,2.0
152.0,0.0,0.0,0.002171316499192861,0.001828683500807139,0.0,0.0,60.82868350080714,0.5,61.08565824959643,3.922515322538226,59.029860259282096,101.31277273910362,160.3426329983857,3.9143417504035694,0.5699688092250241,159.08565824959643,155.17131649919287,158.08565824959643,3.8286835008071387,1.0,2.0
144.52904562667942,0.00010580912533588176,0.0008941908746641183,0.0007406638773511717,0.00010580912533588176,0.0,0.0,49.41286311996177,1.1317427376007645,10.0,17.555315838805065,115.63485475201529,69.62448137063353,185.25933612264882,8.682572623992355,0.0,154.0580912533588,151.74066387735118,154.0580912533588,6.529045626679409,1.0,2.0
140.11054057190617,0.0003837346494374858,0.0,0.0057674692988749715,0.0001918673247187429,0.0,0.0,36.19186732471874,2.150572477865634,1.918673247187429,14.196447147643816,76.6569287269688,112.08132675281257,188.73825547978137,6.0,0.5699688092250241,160.57560197415623,157.38373464943749,160.57560197415623,12.6569287269688,0.1918673247187429,2.0
151.0896559409603,0.002029885313653438,0.0,0.0006467431242310415,0.0,0.0,0.0,53.73639906519136,0.6,0.9701146863465623,7.404903685116229,26.323371562115522,148.79616969249824,175.11954125461375,0.6766284378844792,0.5699688092250241,160.35325687576895,159.3831421894224,160.70651375153793,1.6467431242310415,-0.3532568757689585,2.0
123.0,0.0,0.0,0.000773343597773012,0.0,0.0,0.0,73.09337439109204,0.3453312804453976,56.97365153096337,6.443975365344771,56.30647164231277,85.13328201113494,141.43975365344772,3.453312804453976,0.0,123.0,124.0,126.0,1.0,0.773343597773012,2.0
125.48497414082357,0.0,0.0007099926116638746,0.0006450036941680628,0.0007099926116638746,0.0,0.0,73.06498891749581,0.3,60.8399704466555,4.938016254339476,54.8399704466555,91.45492242247069,146.2948928691262,4.064988917495812,0.0,125.48497414082357,125.12997783499162,126.48497414082357,1.0,0.6450036941680627,2.0
146.0,0.0,0.0,0.0048611523145078136,0.0,0.0,0.0,65.0,0.4,43.652880786269534,6.627769537098437,21.79172847176172,134.20827152823827,156.0,2.8611523145078133,0.0,151.86115231450782,149.9305761572539,151.9305761572539,1.0,1.0,2.0
156.40470104545864,0.0025190597909082704,0.0,0.004328461881825566,0.0,0.0,0.0,56.96188041818346,0.5519059790908271,6.252222718192485,6.650444543638497,33.695043345467674,149.63341853635788,183.32846188182558,1.4809402090917296,0.5190597909082704,163.88564125455036,166.29034230000903,167.77128250910076,4.366581463642108,-0.5190597909082704,2.0
139.8113507631066,0.0018647748728155703,0.0027971623092233554,0.00040567538155328943,0.0032028376907766447,0.0,0.0,51.13522512718443,2.2473287945145506,0.2028376907766447,8.066859659368673,148.0676125635922,51.93238743640779,200.0,11.932387436407785,0.5699688092250241,147.60851307232994,137.67612563592215,145.67612563592215,56.352251271844295,0.0676125635922149,2.0
137.0,0.0018003565078223616,0.0,0.001600713015644723,0.0,0.0,0.0,64.39750444524347,0.48003565078223615,16.7860961949279,7.181105174249321,73.20320857040126,126.79679142959874,200.0,3.800356507822362,0.0,144.80213904693417,143.60071301564471,145.40106952346707,2.199643492177638,-1.0,2.0
138.86969665528346,0.000766287918089567,0.0042068174743877945,0.000766287918089567,0.0,0.0,0.0,69.63598457337304,0.3766287918089567,45.13030334471654,6.267424163820866,62.42916709898524,134.06515167235827,196.4943187713435,3.0,0.0,143.46742416382088,143.23371208191043,144.46742416382088,0.766287918089567,-1.0,2.0
148.919976170791,0.0,0.0,0.0027599285123729366,0.0,0.0,0.0,60.860107231440594,0.44599880853954893,19.54001191460451,7.251985702474587,20.080023829209022,144.21991659776842,164.29994042697746,1.4599880853954894,0.0,155.16004765841805,155.919976170791,157.45998808539548,1.9199761707909788,0.5400119146045106,2.0
131.55897186170105,0.0,0.008160553612930208,0.005400395437807291,0.0,0.0,0.0,66.28047452536875,0.5119920912438541,21.40039543780729,14.311992091243855,84.0,72.23984182487709,156.2398418248771,11.760158175122916,0.11992091243854175,143.2398418248771,140.47968364975418,143.35976273731563,3.8800790875614584,1.0,2.0
140.79298104762245,0.0,0.007810528428566331,0.002,0.001650877369047194,0.0,0.0,57.55614158333036,0.5698245261905611,36.18947157143367,7.253859420238648,60.88771683333928,99.50877369047194,160.39649052381122,4.0,0.3491226309528058,153.09473578571684,146.79298104762245,148.84034894048085,8.650877369047194,1.0,2.0
145.33521106724334,0.0,0.002131831146205341,0.0,0.0,0.0,0.0,65.13183114620534,0.4,32.13183114620534,8.107154877483264,30.736337707589318,125.26366229241069,156.0,3.0,0.4670422134486647,150.53295778655132,147.401126640346,149.93408442689733,2.0659155731026706,1.0,2.0
147.02699874065388,0.0,0.002026998740653873,0.0027026649875384976,0.0,0.0,0.0,74.78366120950011,0.4,5.621668765576878,9.254032367834636,20.64866750623075,138.37833123442311,159.02699874065388,1.0,0.0,149.35133249376923,150.02699874065388,151.7026649875385,0.6756662468846244,0.0,2.0
143.9990057391746,0.0,0.0,0.006,0.0,0.0,0.0,63.666003826116395,0.4666998086941802,34.333996173883605,6.7997017217523785,32.00099426082541,129.99801147834918,161.9990057391746,3.000994260825406,0.0,147.9990057391746,146.9990057391746,148.9990057391746,0.33300191305819793,0.0,2.0
123.66102608960362,0.0,0.0023220521792072396,0.0003305130448018099,0.0,0.0,0.0,69.00846086559457,0.3,63.025382596783714,5.56948695519819,24.711791283171042,105.62718262722534,130.3389739103964,1.0,0.0,123.66102608960362,123.3305130448018,124.66102608960362,0.6694869551981901,1.0,2.0
137.02930319389415,0.0,2.3442555115329826e-05,0.00397655744488467,0.0,0.0,0.0,61.04102447145183,0.3994139361221168,34.02344255511533,5.904688511023067,15.0,132.02344255511534,147.02344255511534,1.0,0.0,142.0,140.01172127755765,142.00586063877884,0.0,0.0,2.0
140.97103513909627,0.0003381608101506214,0.01,0.002028964860903728,0.0,0.0,0.0,64.32367837969876,0.3338160810150621,45.02896486090373,5.925126622743944,23.32367837969876,131.67632162030125,155.0,2.0,0.0,145.30919594924688,143.64735675939752,145.30919594924688,0.6618391898493786,0.0,2.0
137.0,0.001,0.0,0.005442216582629975,0.0,0.0,0.0,61.88443316525995,0.4,46.7688663305199,4.967335025211007,22.0,133.0,155.0,2.0,0.0,142.0,140.44221658262998,142.0,0.0,0.0,2.0
143.65325255119623,0.001730650510239246,0.0,0.0033467474488037695,0.0,0.0,0.0,57.54178571330111,0.6191951530717739,14.69349489760754,6.661609693856453,65.26934948976076,103.0,168.26934948976074,7.461301020478492,0.0,152.73065051023926,153.11455357167472,154.65325255119623,3.0,1.0,2.0
149.0,0.0,0.0,0.006465205612283718,0.0,0.0,0.0,61.46520561228372,0.4,39.58246734740462,5.553479438771628,12.930411224567436,147.06958877543255,160.0,1.0,0.0,154.0,153.0,155.0,0.0,0.0,2.0
154.30071171300392,0.0,0.0,0.003939857657399215,0.0,0.0,0.0,65.0,0.8699288286996074,0.9622774816125634,13.243629909237958,91.93985765739922,74.4209963982055,166.3608540556047,1.8797153147984296,0.0,156.4209963982055,158.30071171300392,159.3608540556047,2.0,1.0,2.0
137.0,0.001,0.0,0.00556229681587791,0.0,0.0,0.0,62.56229681587791,0.4,45.936077711145366,5.062621910473254,22.0,133.0,155.0,2.0,0.0,142.0,140.56229681587791,142.0,0.0,0.0,2.0
144.87287585351615,0.002,0.0,0.0021271241464838595,0.0,0.0,0.0,50.04237471549462,0.7042374715494619,11.87287585351614,6.62712414648386,64.3643792675807,103.38137243945158,167.74575170703227,8.0,0.0,153.0,154.74575170703227,155.7881264225269,3.0423747154946197,1.0,2.0
147.05181765414596,0.0,0.0,0.002350605884715319,0.0,0.0,0.0,60.64939411528468,0.417530294235766,54.57772648121894,7.273317944365681,43.77287940349638,119.40242353886127,163.17530294235766,4.6493941152846805,0.17530294235765964,157.52590882707298,154.52590882707298,157.35060588471532,2.0,1.0,2.0
144.90004890820666,0.0016900048908206657,0.0,0.006450024454103328,0.0,0.0,0.0,40.28005868984799,1.6129887511124688,10.350073362309987,11.335972611404271,62.47996087343468,131.59005379902732,194.070014672462,4.690004890820665,0.30999510917933426,157.929985327538,158.0,158.30999510917934,4.099951091793343,0.0,2.0
132.20093368865906,0.002401867377318113,0.01,0.007995331556704717,0.001401867377318113,0.0,0.0,31.387862047432264,1.4210270575249622,0.0,13.063081172574886,106.20093368865906,62.205602131954336,168.40653582061339,3.803734754636226,0.5699688092250241,107.84108230099848,124.20093368865906,131.80373475463622,76.0,0.7990663113409435,2.0
122.07165536894617,0.0,0.0,0.0035358276844730816,0.002320861577634594,0.0,0.0,43.289796641030925,1.0177550839742269,0.0,5.5726079185200454,59.4267570484307,77.96575989815005,137.39251694658077,3.0716553689461623,0.0,124.07165536894617,115.64489832051547,117.64489832051547,25.672788091872857,0.5358276844730813,2.0
146.6132942014131,0.0,9.667644964671962e-05,0.001806647100706561,0.001806647100706561,0.0,0.0,70.32326485247296,0.309667644964672,17.19335289929344,5.8676735147527035,15.193352899293439,138.80664710070656,154.0,0.19335289929343924,0.0,143.0966764496467,144.9033235503533,145.9033235503533,0.9033235503532804,0.0,2.0
141.0,0.0,0.01,0.0010992581274836296,0.0,0.0,0.0,76.64888719122544,0.24503709362581852,49.0,4.709925812748363,9.549629063741815,136.0,145.5496290637418,1.0,0.0,142.4503709362582,141.0,143.0,0.0,0.45037093625818514,2.0
137.24383667110476,0.0,0.01,0.0012191833555237697,0.0,0.0,0.0,64.24383667110476,0.4,12.487673342209508,8.209861326232394,21.512326657790492,130.51232665779048,152.024653315581,1.4876733422095079,0.0,144.024653315581,142.26848998668575,144.26848998668575,1.0,0.0,2.0
130.39028609695592,0.0,0.002780572193911857,0.0010427145727169463,0.0,0.0,0.0,64.2621423788051,0.43475715242389823,2.695143048477964,8.648157018489323,18.60971390304407,124.08542914543389,142.69514304847797,0.3475715242389821,0.0,133.04271457271696,133.04271457271696,134.04271457271696,0.6524284757610179,0.0,2.0
141.35088275512783,0.001335088275512782,0.0,0.00467544137756391,0.0,0.0,0.0,36.02105930615338,2.4292969663206017,5.02632413269173,13.32350565712842,65.31929379589775,127.6859710306406,193.00526482653834,4.335088275512782,0.5699688092250241,158.99473517346166,158.0,158.6649117244872,7.64911724487218,0.0,2.0
140.02275019605136,0.0007954499607897292,0.009363599686317833,0.0,0.00020455003921027084,0.0,0.0,55.22730023526162,0.8386349882369187,3.8182001568410833,9.215904964710756,118.74994956868701,55.40910007842054,174.15904964710757,5.3863498823691875,0.5699688092250241,151.9544996078973,147.40910007842055,148.20455003921026,9.204550039210272,1.0,2.0
139.43693308312328,0.0018543556389589053,0.0018543556389589053,0.0037087112779178107,0.0,0.0,0.0,61.36411090260274,0.4,8.072822180520546,6.494668834676712,17.364110902602736,137.78153345843836,155.1456443610411,1.0,0.0,147.07282218052055,146.1456443610411,148.07282218052055,0.0,0.0,2.0
138.0,0.0,0.004061431672578186,0.0022960737544336393,0.00023464208185545356,0.0,0.0,62.93856832742181,0.47653579181445466,11.58106290040999,7.79496529358791,28.407852491132722,120.06143167257818,148.4692841637109,1.2346420818554535,0.0,142.4692841637109,140.23464208185544,142.4692841637109,1.2346420818554535,1.0,2.0
144.80205225257208,0.0,0.004402736336762768,0.0,0.0,0.0,0.0,75.80205225257208,0.3,58.20478858933484,5.380547267352553,26.60410450514415,124.39247507390239,150.99657957904654,3.600684084190692,0.0,148.59726366323724,147.59726366323724,148.59726366323724,0.0,1.0,2.0
138.30483202666085,0.0,0.0003048320266608349,0.0042379199333479126,0.0,0.0,0.0,65.60966405332167,0.38475839866695827,15.066912093312922,7.198140817329543,20.304832026660836,129.0,149.30483202666085,2.8475839866695827,0.0,141.0,140.15241601333042,142.0,1.0,0.0,2.0
128.07516497841624,0.0,0.0,0.0059924835021583755,0.0,0.0,0.0,30.045098987049748,1.2090197974099497,0.0,14.213529696114923,77.00751649784162,118.96241751079188,195.9699340086335,3.0225494935248745,0.007516497841624781,148.0901979740995,154.02254949352488,155.03758248920812,13.007516497841625,0.0,2.0
136.8540019358486,0.00014599806415140928,0.01,0.0,0.0,0.0,0.0,63.92700096792429,0.4072999032075705,11.708003871697182,8.366403097357745,22.802989352832753,131.1459980641514,153.94898741698415,1.0,0.0,144.70800387169717,142.9270009679243,144.8540019358486,1.0,-0.07299903207570468,2.0
145.0799142605611,0.0,0.01,0.0,0.0,0.0,0.0,75.07991426056113,0.3,57.07991426056112,5.320085739438881,21.220300088036083,133.15982852112225,154.38012860915833,2.920085739438881,0.0,150.0,149.46004286971944,151.0,0.0,1.0,2.0
138.2101664718821,0.0,0.0021579667056235785,0.0,0.0,0.0,0.0,77.31593341124716,0.2,41.15796670562358,5.331593341124716,17.0,128.0,145.0,1.1579667056235787,0.5699688092250241,140.89423306063495,140.05219976625852,141.89423306063495,0.15796670562357873,0.8420332943764213,2.0
144.9580840454559,0.0,0.0010419159545440844,0.002395210113639789,0.0,0.0,0.0,72.12574786363226,0.3,56.56287393181613,4.287425213636775,10.479042022727958,144.47904202272795,154.9580840454559,1.0419159545440844,0.0,151.47904202272795,150.0,152.0,0.0,0.5209579772720422,2.0
145.50565724798895,0.0006235856880027598,0.0,0.0036235856880027597,0.0,0.0,0.0,41.74151412801656,0.837641431199724,7.646214679958604,12.012924293599172,33.37641431199724,135.0,168.37641431199725,3.62358568800276,0.0,160.1179284400138,156.24717137600553,159.24717137600553,4.24717137600552,0.6235856880027597,2.0
137.17824886423205,0.002,0.0006238710248121164,0.0018217511357679669,0.0,0.0,0.0,62.287004543071866,0.526737329634805,8.910875567883984,7.898036875327618,73.9305068146078,125.17824886423203,199.10875567883983,4.26737329634805,0.08912443211601662,145.82175113576795,144.17824886423205,146.08912443211602,2.1782488642320335,-1.0,2.0
144.22364789751597,0.0,0.00024472957950319213,0.004531622522980848,0.00024472957950319213,0.0,0.0,62.51054084099361,0.5,35.97891831801277,6.451054084099361,32.51054084099361,128.48945915900637,161.0,3.510540840993616,0.0,148.71310705652235,147.46837747701915,149.46837747701915,0.24472957950319207,0.24472957950319207,2.0
142.87228651636477,0.0,0.0,0.0026385674181761743,0.0,0.0,0.0,64.36143258182382,0.4872286516364765,1.0217078690818786,9.008429774547148,22.616859549094297,129.89399438544663,152.51085393454093,1.7445730327295303,0.5699688092250241,143.51085393454093,143.3831404509057,145.3831404509057,1.0,0.0,2.0
147.30427052101012,0.0,0.0,0.0033478647394949435,0.0,0.0,0.0,38.86966184873736,0.8652135260505057,14.217082084040454,11.852135260505056,35.04359421848483,133.95640578151517,169.0,2.652135260505057,0.0,157.0,154.82606763025254,157.65213526050505,3.0,0.0,2.0
152.0,0.0,0.0,0.0034359438246592284,0.0,0.0,0.0,61.21797191232962,0.4,62.91014043835193,5.991014043835192,32.03825278903347,130.5258033863073,162.56405617534077,2.3460842630111576,0.5699688092250241,159.7820280876704,156.7820280876704,159.56405617534077,1.0,1.0,2.0
137.25246818645786,0.0,0.004456276511285118,0.0008737659067710709,0.0,0.0,0.0,71.63117046614465,0.3582510604514047,9.669957581943812,6.595134013836939,16.708744697742976,128.0,144.708744697743,1.0,0.5699688092250241,138.54372348871487,138.54372348871487,139.54372348871487,0.0,0.7087446977429764,2.0
150.56607543370285,7.232076104952423e-05,0.00010848114157428635,0.005783037716851428,0.005891518858425713,0.0,0.0,52.927679238950475,2.8746877336326664,2.8915188584257137,17.555315838805065,148.96383961947524,51.03616038052476,200.0,11.036160380524763,0.5699688092250241,155.67455657527714,146.63839619475237,154.63839619475237,74.27679238950476,0.9638396194752379,2.0
145.90938506783598,0.0,0.0,0.0,0.0,0.0,0.0,63.0,0.4,25.1218984916173,9.914994630487474,32.21251342378132,122.39374328810935,154.60625671189067,3.6968716440546716,0.3031283559453286,147.2125134237813,145.51564177972665,148.2125134237813,1.0,1.0,2.0
149.0,0.0,0.0,0.0,0.001263112569910843,0.0,0.0,57.736887430089155,1.2736887430089157,53.263112569910845,13.094754972035663,126.0,58.0,184.0,12.0,0.5699688092250241,150.0,148.0,151.0,8.0,1.0,2.0
144.0,0.0,0.002279727185056962,0.0,0.000639863592528481,0.0,0.0,56.75877233275633,0.7800682037357596,8.080409222414557,13.253800578624052,111.80068203735759,62.04190970460127,173.84259174195887,5.160818444829115,0.0,147.24122766724366,149.72027281494303,150.4405456298861,8.559454370113924,1.0,2.0
132.73707175970847,0.0,0.009,0.003262928240291516,0.0,0.0,0.0,60.61349922734687,0.5,14.701141974110708,11.654163965615131,80.35057098705535,68.35057098705535,148.7011419741107,4.701141974110708,0.0,137.52585648058303,136.35057098705536,138.4382137338192,2.175285493527677,1.0,2.0
138.0,0.0,0.00018912653090681153,0.005810873469093189,0.0018739156460621255,0.0,0.0,58.12608435393788,1.0936957823031064,14.55870476121744,6.937825306181363,131.11740952243488,60.567379592720435,191.68478911515533,8.126084353937875,0.5699688092250241,141.06304217696893,131.87391564606213,140.93695782303107,47.88259047756512,0.0,2.0
143.2309887964381,0.0,0.009414638092110397,0.002,0.0011076044814247526,0.0,0.0,60.44619775928762,0.4,46.35437311145149,6.135437311145148,41.12338431501337,119.66140672213713,160.78479103715048,3.8923955185752472,0.0,155.33859327786288,151.2309887964381,155.33859327786288,5.322813444274257,1.0,2.0
137.08342706802594,0.0,0.005804961902502447,0.0026944756893419767,0.0,0.0,0.0,49.80496190250245,0.5388951378683953,60.69447568934198,4.763923258276174,15.63923258276174,130.91657293197406,146.55580551473582,1.0,0.0,139.47237844670988,138.7779027573679,140.47237844670988,0.0,0.0,2.0
123.0,0.0,0.0,0.0006030184829257166,0.0,0.0,0.0,72.41207393170286,0.3793963034148567,51.69357297069722,6.85275564097828,59.54264882441139,85.98490758537142,145.5275564097828,3.793963034148567,0.0,123.0,124.0,126.0,1.0,0.6030184829257166,2.0
138.55279745949517,0.0,0.001658392378485493,0.0022360127025241785,0.0,0.0,0.0,71.08077205444681,0.34472025405048357,12.89440508100967,6.502482286454352,18.341607621514505,128.44720254050483,146.78881016201933,1.8944050810096713,0.5527974594951643,140.44720254050483,140.0,141.44720254050483,0.44720254050483565,0.5527974594951643,2.0
143.79286799967258,0.0012011886667212346,0.001801783000081852,0.002396433999836296,0.004198216999918148,0.0,0.0,51.79881133327876,2.479583966647568,1.1982169999181482,12.811501032943172,148.39940566663938,51.60059433336062,200.0,11.600594333360617,0.5699688092250241,150.59465099975444,140.99405666639382,148.99405666639382,62.988113332787655,0.3994056666393827,2.0
142.0,0.0,0.005031358855392996,0.0,0.0,0.0,0.0,68.5156794276965,0.3,39.0,6.5968641144607005,14.484320572303503,136.5156794276965,151.0,1.0,0.0,142.0,142.0,143.0,0.0,0.0,2.0
132.19391973214417,0.0,0.008274527758929756,0.0030806080267855827,0.0,0.0,0.0,60.0,0.5080608026785582,12.871487625001842,11.319391973214417,77.74297525000368,69.28972842856932,147.032703678573,4.0,0.0,136.032703678573,135.032703678573,137.032703678573,2.0,1.0,2.0
147.4787443803408,0.0,0.0005030365170941698,0.0004969634829058302,0.0004969634829058302,0.0,0.0,57.460525277775794,1.4975707863246641,9.50303651709417,17.555315838805065,122.45445224358745,63.545547756412546,186.0,5.521255619659188,0.0,151.5091095512825,149.5091095512825,152.00607303418835,7.490890448717491,1.0,2.0
144.9921580148233,0.0,0.0,6.2735881413499e-05,0.0,0.0,0.0,65.96079007411656,0.4,9.007841985176688,7.699215801482332,21.984316029646624,135.0078419851767,156.9921580148233,1.0078419851766873,0.0,148.0,147.98431602964664,148.9921580148233,0.007841985176687327,0.0,2.0
138.40569983098038,0.0011485750422549042,0.01,0.0,0.0,0.0,0.0,54.0,0.9148575042254905,4.0400252957843295,10.484597808460801,122.63432546480395,56.63432546480395,179.2686509296079,6.594300169019617,0.5699688092250241,153.40569983098038,146.40569983098038,147.7028499154902,9.445725126764714,0.8514249577450957,2.0
140.37446845692799,0.0,0.0027914894856426644,0.0031659579425706566,0.0,0.0,0.0,61.66808411485869,0.45829789712853286,21.791489485642664,7.6748936913855985,24.374468456927993,128.0,152.37446845692799,1.0,0.0,145.58297897128534,143.58297897128534,145.58297897128534,1.0,1.0,2.0
144.0,0.0,0.00048583349749258594,0.00744476171715133,0.0009305952146439162,0.0,0.0,60.069404785356085,0.4069404785356084,7.930595214643916,7.359631006318993,33.4164287121365,123.13880957071217,156.55523828284868,0.20821435606825123,0.0,146.79178564393175,144.86119042928783,147.72238085857566,1.9305952146439163,0.9305952146439163,2.0
150.88363360211451,0.0,0.0,0.005301801612687143,0.005883633602114524,0.0,0.0,63.814564785198336,1.3116366397885477,24.141892742907856,7.75780768803519,149.88363360211451,50.11636639788548,200.0,8.232732795770952,0.5699688092250241,155.76726720422906,148.76726720422906,155.88363360211451,45.163663978854764,1.0,2.0
137.3651005830176,0.0,0.0028174497084911916,0.0008174497084911916,0.0,0.0,0.0,75.36510058301762,0.2,35.27785204056166,6.607919533585907,22.72214795943834,127.1825502915088,149.90469825094715,1.8174497084911916,0.18255029150880842,138.73020116603524,139.3651005830176,140.54765087452643,0.8174497084911916,0.18255029150880842,2.0
144.91002730437472,0.0007612465869531602,0.005709349402148701,0.0006193767065234199,0.0006193767065234199,0.0,0.0,60.1937670652342,1.557439035871078,9.38062329347658,17.555315838805065,130.76124658695315,59.8062329347658,190.56747952171895,5.044986347812641,0.0,150.0,146.0968835326171,149.0968835326171,10.14186988042974,0.6193767065234199,2.0
146.09823111599437,0.00036607703866479166,0.0,0.0017559486408901391,0.0,0.0,0.0,49.85417975688451,0.6,2.6339229613352084,10.84344078675943,26.87797432044507,141.5863338342141,168.46430815465916,0.12202567955493049,0.12202567955493049,159.24405135910987,156.61012839777464,158.48810271821972,2.7559486408901392,0.755948640890139,2.0
141.7361133802149,0.0,0.005208340140644702,0.0,0.0,0.0,0.0,61.395829929677646,0.6736113380214901,50.020850351611756,11.59306077449427,78.60417007032235,72.71526302860315,151.3194330989255,11.076396830752152,0.0,142.7361133802149,141.7361133802149,143.7361133802149,2.736113380214901,1.0,2.0
131.2237016004705,0.002194074599882379,0.00329926819800044,0.007835552400705726,0.0013881491997647577,0.0,0.0,33.223701600470484,1.355259679905903,0.0,11.157922560752777,106.9703729994119,59.641477800823345,166.61185080023523,5.134820598706167,0.5699688092250241,104.82223799647136,121.67110480141146,130.61185080023523,76.0,1.0,2.0
139.25981738215762,0.0,0.003950152181535307,0.004049847818464693,0.00020996956369293863,0.0,0.0,61.580060872614126,0.4790030436307061,8.790030436307061,7.911027392676355,28.25981738215763,121.41993912738587,149.6797565095435,0.7900304363070614,0.0,143.04984781846468,141.04984781846468,143.25981738215762,1.2099695636929386,1.0,2.0
141.0,0.0,0.0009140374172941224,0.003304679139098041,0.0,0.0,0.0,60.69532086090196,0.4304679139098041,22.0,7.174211225188237,20.828074834588243,131.4766043045098,152.30467913909803,1.0,0.0,144.60935827819608,143.30467913909803,145.30467913909803,0.3046791390980408,0.3046791390980408,2.0
138.83816143389748,0.0018381614338974957,0.0035374663779737915,0.0036763228677949913,0.0,0.0,0.0,61.323677132205006,0.4,8.242757849153756,6.537562781187129,17.242757849153758,137.59540358474374,154.83816143389748,1.0,0.0,146.83816143389748,145.83816143389748,147.83816143389748,0.08091928305125218,0.0,2.0
146.0,0.0,0.0,0.005,0.00040298017876516147,0.0,0.0,65.0,0.4,42.791059463704514,6.7611920715060645,24.41788107259097,134.0,158.41788107259097,3.4029801787651612,0.0,152.0,150.0,152.0,1.0,0.5970198212348385,2.0
143.0,0.0,0.01,0.0,0.0,0.0,0.0,70.0,0.3,49.82647548501349,5.134704902997301,13.0,141.13237742506746,154.13237742506746,1.0,0.0,146.8264754850135,145.65295097002698,147.65295097002698,0.0,0.0,2.0
148.16970653341477,0.0,0.01,0.0,0.0,0.0,0.0,73.30504891109754,0.3,47.660586933170464,7.025455980012215,25.69495108890246,128.9151467332926,154.6100978221951,3.305048911097538,0.0,150.0,149.30504891109754,151.0,0.0,1.0,2.0
137.0,0.0,0.0036539002734622145,0.001,0.0,0.0,0.0,75.69219945307557,0.2,33.460997265377856,6.926950136731107,25.730498632688928,127.0,152.73049863268892,2.0,0.0,138.0,139.69219945307557,139.69219945307557,1.692199453075571,0.0,2.0
138.0,0.0010243897991400852,0.0,0.004048779598280171,0.0,0.0,0.0,43.0,1.0975610200859915,19.975610200859915,11.307316939742027,44.0,129.0,173.0,8.0,0.5699688092250241,162.0,155.0,159.0,8.024389799140085,0.9756102008599149,2.0
127.48680454141733,0.0,0.005768748696107988,0.003845832464071992,0.0,0.0,0.0,68.077083767964,0.5,25.949307149201346,12.145832464071994,79.33263700548932,78.10347468512936,157.43611169061867,9.486804541417325,0.0,135.81944154690663,134.2555532375253,136.89652531487064,2.922916232035996,0.640972077345332,2.0
137.0,0.001,0.0,0.005355038872731278,0.0,0.0,0.0,60.82248056363436,0.4,42.86976676361233,5.224263605455947,22.0,133.0,155.0,2.0,0.0,142.0,140.0,142.0,0.17751943636563905,0.0,2.0
149.7349506545163,0.0,0.0,0.004337376636290758,0.0,0.0,0.0,58.060197381934785,0.48674753272581517,19.132524672741848,7.567475327258152,20.132524672741848,146.20485196354892,166.33737663629077,2.734950654516303,0.0,163.93980261806522,156.7349506545163,158.7349506545163,6.20485196354891,0.13252467274184843,2.0
144.13798551772737,0.0004139565531821325,0.0004139565531821325,0.005172086893635735,0.0,0.0,0.0,46.241869659546396,0.6862014482272623,0.0,9.358446343272393,28.758130340453604,139.82791310636426,168.58604344681785,1.7240289645452451,0.0,157.0,155.13798551772737,157.13798551772737,1.8620144822726226,0.0,2.0
140.38621404743301,0.0,0.0,0.003768271571540183,0.0,0.0,0.0,48.15448561897321,0.8845514381026789,20.691028762053577,9.330065819129468,37.38621404743303,134.22757190513394,171.61378595256699,2.463456856919634,0.5699688092250241,151.1544856189732,152.1544856189732,152.2317284284598,2.922757190513394,0.07724280948660567,2.0
143.3835572693704,0.002487061918818936,0.005896495350551487,0.002487061918818936,0.0,0.0,0.0,62.53881424354319,0.4487061918818936,27.538814243543193,6.938355726937043,27.025876162362128,136.94824767527575,163.97412383763788,1.4870619188189358,0.0,157.10350464944852,152.0,155.5388142435432,7.642318892991705,0.5129380811810641,2.0
139.42501175100392,0.0,0.0,0.00157498824899609,0.0,0.0,0.0,61.0,0.4,30.968735311245112,5.5362482373494135,13.787494124498044,133.81875881325294,147.60625293775098,1.0,0.0,143.21250587550196,141.81875881325294,143.81875881325294,0.0,0.6062529377509774,2.0
141.58885880541797,0.0,0.00023519019909700454,0.0,0.0,0.0,0.0,64.58885880541797,0.5235190199097004,26.58885880541797,13.405923920361198,93.70557059729101,71.764809800903,165.470380398194,3.7648098009029956,0.0,143.764809800903,144.0,145.529619601806,2.2351901990970044,1.0,2.0
139.12580686369793,0.0003496772545208251,0.0026225794089061883,0.0008251613727395875,0.0,0.0,0.0,58.950968236437525,0.8349677254520825,28.153550200270924,12.161612449932269,122.09806352712495,76.72709784561464,198.8251613727396,9.174838627260412,0.0,142.57354764534372,141.34967725452083,142.69935450904165,4.573547645343713,0.0,2.0
144.00513215292688,0.0,0.0,0.0014923017706096728,0.0,0.0,0.0,63.99486784707312,0.4994867847073115,18.523094688170982,11.842558378256017,34.482037464755905,121.50769822939033,155.98973569414622,4.4974339235365575,0.0,145.50256607646344,144.49743392353656,146.50256607646344,1.4974339235365575,0.5025660764634424,2.0
155.41203275004918,0.0,0.0,0.004398663027772313,0.0,0.0,0.0,64.21604366673225,0.37973260555446264,20.202673944455373,6.918261936104007,16.993315138861565,150.6080218333661,167.6013369722277,1.1959890833169393,0.0,163.79732605554463,160.6080218333661,162.00668486113844,2.7906411944061915,0.6013369722276869,2.0
146.0,0.0,0.0,0.003853626007837751,0.0,0.0,0.0,64.14637399216225,0.4,32.17099193729799,7.17072520156755,19.0,137.0,156.0,1.8536260078377509,0.0,150.0,147.2927479843245,150.14637399216224,1.0,0.1463739921622491,2.0
133.0,0.0,0.01,0.003632465577708469,0.0,0.0,0.0,67.16232788854234,0.33675344222915315,27.529862310833874,5.894027537833225,13.102603266874594,129.0,142.10260326687458,1.3675344222915315,0.0,136.63246557770847,135.0,137.0,0.0,0.0,2.0
135.54537847508394,0.0,0.0009318276906145064,0.0,0.0,0.0,0.0,56.681723093854934,0.9659138453072532,38.25010459675957,16.202300302782067,89.27268923754197,67.34086154692747,156.61355078446945,7.727310762458026,0.0,143.0681723093855,140.27268923754198,142.27268923754198,5.727310762458026,1.0,2.0
145.97418809305051,0.0,0.005845128558303078,5.162381389897397e-05,0.0,0.0,0.0,76.81931665135359,0.2025811906949487,41.94837618610103,4.618068334864641,12.051623813898974,137.05162381389897,149.10324762779794,1.0,0.0,142.10324762779794,142.10324762779794,143.10324762779794,0.0,0.0,2.0
154.67583144577412,0.002594501132535532,0.0,0.00040549886746446827,0.0,0.0,0.0,57.216496602393406,0.5729667421690354,1.4868291807030505,5.589232804816752,24.51317081929695,153.0,177.51317081929696,0.8648337108451772,0.5699688092250241,161.27033257830965,161.13516628915482,162.27033257830965,0.8648337108451772,-0.7296674216903545,2.0
129.22130933046495,0.0,0.01,0.004889345334767522,0.0,0.0,0.0,64.11065466523247,0.3963115111589174,54.47950354934074,5.307376977682165,23.18442444205413,117.92623022317835,141.1106546652325,1.1106546652324782,0.0,131.18442444205414,130.18442444205414,132.18442444205414,0.0,0.036884888410826155,2.0
141.0,0.0,0.01,0.0010990590717900339,0.0,0.0,0.0,76.64858860768506,0.2450470464104983,49.0,4.709905907179003,9.549529535895017,136.0,145.549529535895,1.0,0.0,142.450470464105,141.0,143.0,0.0,0.45047046410498304,2.0
150.03417783884677,0.0,0.0,0.0002050670330806803,0.00503417783884678,0.0,0.0,69.76075512807255,1.3965822161153219,47.07719835113694,4.529875787617764,149.03417783884677,50.96582216115322,200.0,9.93164432230644,0.10253351654034004,154.06835567769355,147.06835567769355,155.03417783884677,53.6582216115322,1.0,2.0
142.27000848667947,0.0,0.0011350042433397362,0.001,0.0005675021216698681,0.0,0.0,70.21503819005763,0.6864995756660264,26.892480904971187,11.086499575666027,123.40501273001921,76.16248939165067,199.56750212166986,6.7299915133205275,0.0,143.83751060834933,143.27000848667947,144.83751060834933,3.0,0.0,2.0
140.0,0.001,0.0,0.007,0.0,0.0,0.0,78.31181613308526,0.4,21.376367733829483,6.78818386691474,66.31181613308526,103.0,169.31181613308527,5.68818386691474,0.0,152.31181613308527,148.0,151.31181613308527,3.3118161330852596,1.0,2.0
141.50614186284025,0.0,0.004024567451360976,0.0,0.0,0.0,0.0,63.96314882295854,0.5518425588520732,48.04913490272195,10.71842558852073,78.50614186284024,70.50614186284024,149.01228372568048,7.061418628402441,0.0,143.0,141.50614186284025,143.50614186284025,2.012283725680488,1.0,2.0
138.71365195222782,0.0,0.007911210395392382,0.00392341817956963,0.0,0.0,0.0,66.15316364086074,0.612097662273418,58.43951168863291,11.438290910215185,120.52830129324053,72.87902337726582,193.40732467050634,6.241953245468359,0.5604883113670899,139.15316364086075,138.59267532949366,140.15316364086075,2.0,0.0,2.0
136.577341262953,0.0017886706314765122,0.0012679762111409269,0.0017886706314765122,0.0,0.0,0.0,63.63398810557047,0.48943353157382563,10.690634948187903,8.032462305375837,73.20370036755035,125.2113293685235,198.41502973607385,4.105664684261744,0.0,144.62635910459733,143.15468252590605,145.04901784164431,2.211329368523488,-1.0,2.0
151.0,0.0,0.0,0.008,0.005,0.0,0.0,60.64082631469021,1.1563305258760825,15.718347370619588,7.9498668343004635,140.66148418194535,50.0,190.66148418194535,8.0,0.5699688092250241,156.0,148.0,155.0,40.20413157345103,1.0,2.0
146.4877327224328,0.0,0.0012160381825095997,0.0,0.0007839618174904004,0.0,0.0,61.5122672775672,0.47839618174904003,47.919809087452,5.750568003042238,81.919809087452,76.2716945399232,158.1915036273752,2.7839618174904004,0.0,151.6235799923944,149.6235799923944,151.6235799923944,1.0,1.0,2.0
142.90206022551087,0.0,0.01,0.002,0.0012391759097956593,0.0,0.0,60.38041204510217,0.4,45.56494454122605,6.056494454122604,40.66288431571519,119.85876386469349,160.52164818040868,3.760824090204341,0.0,155.1412361353065,150.90206022551087,155.1412361353065,5.717527729386978,1.0,2.0
128.0,0.0,0.004349798907601846,0.0,0.0,0.0,0.0,73.34979890760185,0.2,36.54738579882401,7.160080436959261,22.0,122.0,144.0,1.0,0.0,130.39919563040738,131.3004021847963,132.65020109239816,2.3004021847963068,0.0,2.0
128.91214911877188,0.0,0.0021520248531286482,0.0,0.0,0.0,0.0,78.15202485312865,0.2,33.520248531286484,6.602367690932757,17.0,127.15202485312865,144.15202485312864,2.0,0.0,133.3040497062573,135.0,135.15202485312864,1.847975146871352,0.0,2.0
139.12269925422135,0.0,0.006754601491557328,0.0,0.0,0.0,0.0,76.93865037288933,0.2,55.42944738977468,4.3,11.061349627110669,133.06134962711067,144.12269925422135,1.0,0.0,140.12269925422135,139.06134962711067,141.06134962711067,0.0,0.0,2.0
123.9038079303422,0.0,0.003903807930342199,0.0007807615860684398,0.0007807615860684398,0.0,0.0,70.65771524179468,0.42192384139315603,32.06933779504185,6.069579454521667,77.27294696316348,54.1923841393156,131.46533110247907,4.342284758205319,0.0,123.9038079303422,126.06933779504185,124.12304634427376,17.565927389140775,1.0,2.0
147.2411974573841,0.0,0.0013794012713079606,0.0016205987286920394,0.0,0.0,0.0,59.62059872869204,0.716079830492272,3.91960084753864,8.286179618607612,27.08039915246136,139.37940127130796,166.4598004237693,0.4598004237693202,0.0,149.7009978811534,152.08039915246135,153.1607983049227,4.379401271307961,-0.4598004237693202,2.0
137.0,0.0010581637955054757,0.0,0.00011632759101095159,0.0,0.0,0.0,69.59285343146166,0.4058163795505476,45.73161197528644,4.880307766066975,66.52347415954928,133.4765258404507,200.0,3.0581637955054757,0.0,140.34898277303284,142.11632759101096,143.17449138651642,2.9418362044945243,-1.0,2.0
151.0,0.0,0.0,0.007989732634339535,0.0050051336828302335,0.0,0.0,61.0154010484907,1.2989732634339535,15.056470511132561,10.461497378773252,150.0,50.0,200.0,8.015401048490698,0.5699688092250241,156.0,148.01026736566047,155.00513368283023,41.97946526867907,1.0,2.0
140.28890280498183,0.0010577805609963667,0.0,0.006711097195018167,0.0,0.0,0.0,77.32436373110536,0.41733416829891,19.537755512029065,6.123112224398547,66.88443887800727,103.0,169.88443887800727,5.1733416829891,0.0,153.0,148.40446392697456,152.23112224398545,3.942219439003633,1.0,2.0
143.86524660200988,0.0,0.004780140915434213,0.0,0.0,0.0,0.0,77.0,0.2,41.69503522885855,4.813475339799012,13.524823855707234,134.255317059727,147.7801409154342,1.0,0.3049647711414468,142.0,141.69503522885856,143.0,0.0,0.3049647711414468,2.0
141.0,0.0,4.8963224209759224e-05,0.0030163210747365865,0.0,0.0,0.0,60.98367892526341,0.40163210747365863,22.0,6.914688967262928,19.097926448419518,132.91839462631708,152.0163210747366,1.0,0.0,144.03264214947316,143.0163210747366,145.0163210747366,0.016321074736586394,0.016321074736586394,2.0
139.52163979156816,0.0,0.004804099478920372,0.0,0.0025216397915681487,0.0,0.0,66.76081989578408,0.4,23.80409947892037,7.028245968735222,26.913440833727407,120.80409947892038,147.71754031264777,1.2391801042159256,0.0,142.47836020843184,138.71754031264777,141.71754031264777,3.5216397915681488,1.0,2.0
149.43100252525122,0.0,0.0018534962121231771,0.0,0.0008577506313128039,0.0,0.0,61.568997474748784,0.5,38.86200505050243,6.669422916667748,31.284498737374392,130.42674810606158,161.711246843436,2.2844987373743924,0.0,153.8577506313128,151.8577506313128,154.0,1.0,0.8577506313128038,2.0
147.5144602423103,0.0001213849394224289,0.0,0.003121384939422429,0.0,0.0,0.0,38.728309636534576,0.8878615060577572,15.179225908663566,12.163584518173272,33.87861506057757,135.0,168.87861506057757,3.1213849394224287,0.0,157.60692469711213,155.24276987884485,158.24276987884485,3.242769878844858,0.1213849394224289,2.0
123.6065502951352,0.0,0.0015163757378379777,0.005180349114594427,0.003786899409729618,0.0,0.0,40.73755619783901,1.0967248524324045,8.794979279460271,5.288515383675748,78.21310059027039,58.27052367189164,136.483624262162,3.6065502951351913,0.5699688092250241,117.33602662324355,115.33602662324355,118.03275147567595,11.057423081621257,1.0,2.0
128.0,0.0,0.004898954188989353,0.0,0.0,0.0,0.0,73.0,0.28989541889893533,37.39372513393612,7.120209162202129,22.0,122.0,144.0,1.0,0.0,129.0,130.2020916220213,131.2020916220213,1.2020916220212934,0.0,2.0
152.53538817557677,0.0,0.0,0.003307838658305868,0.0,0.0,0.0,58.84322683388264,0.5847031949835209,17.23135463322347,11.261757987458804,93.46270926644695,81.0,174.46270926644695,2.4627092664469448,0.5699688092250241,162.69216134169415,160.84512939185893,163.1529680501648,3.847031949835209,1.0,2.0
143.1868753943902,0.0,0.0037508328074797492,0.0003114589906503135,6.22917981300627e-05,0.0,0.0,66.87541640373988,0.4,34.43604258691044,7.468854100934968,27.06229179813006,129.31145899065032,156.37375078878037,3.0622917981300626,0.0,151.06229179813008,146.24916719252025,149.1868753943902,2.875416403739875,0.9377082018699373,2.0
134.96231148740085,0.0004905778718502103,0.006113065537797477,0.0004905778718502103,0.0,0.0,0.0,68.5094221281498,0.4,35.792713180704624,7.939572938229117,61.43404510295147,130.92462297480168,192.35866807775315,4.018844256299579,0.0,137.9057787185021,139.43404510295147,140.43404510295147,2.528266384449369,-1.0,2.0
141.9834842692649,0.0,6.936606908748699e-05,0.006976877976970838,0.0,0.0,0.0,60.016515730735115,0.4,8.00990943844107,7.701321258458809,20.0,135.99009056155893,155.99009056155893,0.003303146147023206,0.0,146.99339370770596,145.99339370770596,147.99339370770596,1.0,0.0,2.0
159.0,0.0,0.0,0.004744118921975925,0.0,0.0,0.0,68.44191080851806,0.3186029730493981,19.51176215604815,6.790662434037361,16.67426757444583,152.2558810780241,168.9301486524699,0.0,0.0,163.37205946098797,163.18602973049397,164.37205946098797,0.0,1.0,2.0
141.53912224707597,0.0,0.0007695611235379782,0.001,0.0003847805617689891,0.0,0.0,66.9260501118418,0.7230438876462022,28.5369749440791,11.123043887646201,122.30868337061393,77.07609719115506,199.384780561769,7.460877752924043,0.0,142.92390280884496,142.53912224707597,143.92390280884496,3.0,0.0,2.0
141.3874927584268,0.0013874927584267768,0.0,0.005306253620786612,0.0,0.0,0.0,48.243717412920496,0.983752172471967,11.143775345506281,9.990005793258579,49.387492758426774,115.67504344943934,165.06253620786612,5.856224654493719,0.0,152.3874927584268,149.3062536207866,151.0,4.0,0.6937463792133883,2.0
145.24779167258328,0.0,0.01,0.0,0.0,0.0,0.0,66.87168750887491,0.33761041637083616,22.247791672583276,7.726545829191706,22.632729145958532,133.36727085404146,156.0,1.3761041637083615,0.0,148.1283124911251,146.62389583629164,148.0,1.752208327416723,0.3761041637083615,2.0
137.0,0.0,0.003,0.001,0.0,0.0,0.0,76.0540829278233,0.2,37.16224878346991,6.7418875608265045,26.63520731955826,127.0,153.63520731955825,2.0,0.0,138.0,140.05408292782332,140.52704146391164,2.0540829278233033,0.0,2.0
135.53908399057482,0.0,0.0060174163127674,0.0038695830805481426,0.0,0.0,0.0,64.44349969665777,0.5426083383890371,19.869583080548143,14.342608338389038,84.0,72.85216676778074,156.85216676778074,11.147833232219257,0.4260833838903715,143.85216676778074,141.7043335355615,144.2782501516711,3.5739166161096287,1.0,2.0
137.09136602784318,0.001738579246519601,0.01,0.00013071037674019948,0.00013071037674019948,0.0,0.0,55.307103767402,1.1176393390661796,9.869289623259801,17.555315838805065,131.7385792465196,64.692896232598,196.4314754791176,8.954316986078403,0.0,150.0,143.653551883701,146.653551883701,11.607868869779402,0.13071037674019947,2.0
137.43302107620232,0.00045358313903813303,0.01,0.004886604215240467,0.0012267915695190665,0.0,0.0,52.9177517486568,1.5020562062835798,8.866042152404667,9.671091336364826,129.16510538101167,60.793770493316735,189.9588758743284,8.773208430480933,0.5699688092250241,142.11339578475955,126.77320843048093,137.6598126457214,75.11339578475953,0.0,2.0
143.34935394646396,0.0,0.00220086140471471,0.000899569297642645,0.0,0.0,0.0,68.89956929764264,0.3,38.89956929764264,6.070301491650149,14.550215351178677,137.34935394646396,151.89956929764264,1.0,0.0,143.79913859528529,143.79913859528529,144.79913859528529,0.0,0.0,2.0
145.02688744089616,0.0,0.008530092653669946,0.0003892450236415301,0.0,0.0,0.0,77.19462251182077,0.2,43.362357582745354,4.638924502364152,11.61075497635847,136.80537748817923,148.4161324645377,1.0,0.0,142.0,141.80537748817923,143.0,0.0,0.0,2.0
150.3677593508773,0.0,0.0,0.002942074807018317,0.003735518701754579,0.0,0.0,68.58688778947253,1.0471037403509158,35.23170077192673,6.896228300000551,148.7355187017546,50.63224064912271,199.3677593508773,8.0,0.3677593508772896,154.7355187017546,149.2644812982454,155.0,33.780871561404766,1.0,2.0
122.07064876264464,0.0,0.003242389257586781,0.00041412975252892704,0.0,0.0,0.0,67.75761074241322,0.3,31.353243813223173,6.503044296965287,19.828259505057854,113.17174049494214,133.0,1.171740494942146,0.0,122.07064876264464,121.6565190101157,123.07064876264464,0.0,-0.585870247471073,2.0
141.17246210443312,0.0011724621044331258,0.01,0.001689848417732503,0.0008275378955668743,0.0,0.0,55.13768947783437,0.5517386313299377,15.620303164534995,7.762170419309564,50.82753789556688,119.44784106010187,170.27537895566874,4.689848417732502,0.0,153.82753789556688,148.17246210443312,151.82753789556688,6.482613686700622,0.1724621044331257,2.0
142.5327712388772,0.0,0.0,0.0051353006639298145,0.0,0.0,0.0,60.532771238877196,0.4266385619438598,13.803372566736824,6.613530066392981,18.33614380561402,143.5983137166316,161.9344575222456,0.26638561943859795,0.0,153.0,152.5327712388772,153.5327712388772,0.733614380561402,0.0,2.0
136.76930489364133,0.001,0.0,0.00576930489364134,0.0,0.0,0.0,62.53860978728268,0.42306951063586606,48.76930489364134,5.538224340347712,24.076255957227943,130.92374404277206,155.0,3.614865744510621,0.0,142.0,140.76930489364133,141.76930489364133,0.4613902127173204,0.0,2.0
137.06618758657189,0.0009889687355713528,0.00023165655300159152,0.0059338124134281165,0.0,0.0,0.0,63.0220625288573,0.3988968735571353,48.933812413428114,4.8187531495287,22.022062528857294,132.9779374711427,155.0,2.0,0.0,142.05515632214323,141.04412505771458,142.05515632214323,0.011031264428647214,0.0,2.0
144.58384600182023,0.0017515380054607156,0.0017515380054607156,0.002496923989078569,0.0,0.0,0.0,50.25461401638215,0.6416153998179761,0.0,7.931692794175237,24.745385983617854,142.50307601092143,167.2484619945393,0.832307996359523,0.0,157.0,155.58384600182023,157.58384600182023,1.4161539981797615,0.0,2.0
141.96268830327065,0.0005186558483646764,0.01,0.001,0.0005186558483646764,0.0,0.0,60.92537660654129,0.5,36.55596754509403,7.92910777621423,37.51865584836467,120.51865584836467,158.03731169672935,3.9626883032706472,0.4813441516353236,150.14924678691742,147.0746233934587,150.14924678691742,5.111935090188059,1.0,2.0
147.92323089270778,0.0,0.00305757683046917,0.0,0.0,0.0,0.0,70.1343459377614,0.2980807723176943,67.88484633906165,5.271211584765415,16.904038615884716,136.03838455364613,152.94242316953083,2.0,0.0,149.88484633906165,147.92323089270778,149.92323089270778,0.0,0.9808077231769433,2.0
138.81869246121525,0.0,0.01,0.002078505669960274,0.0,0.0,0.0,63.2205603737649,0.4,11.480373582509932,8.340186791254965,21.48037358250993,132.29906604372516,153.7794396262351,1.2598132087450342,0.0,145.7794396262351,143.7794396262351,145.7794396262351,1.0,0.0,2.0
159.0,0.0,0.0,0.00704115929248854,0.0,0.0,0.0,66.71913053063359,0.3760289823122135,14.917681415022919,7.9966086285564835,21.842608408099217,149.95884070751146,171.80144911561067,0.0,0.0,164.52057964624427,163.76028982312212,165.52057964624427,0.0,1.0,2.0
140.685548528645,0.0,0.0,0.003588670882813003,0.0,0.0,0.0,48.274219411458,0.8725780588542003,20.451561177084002,9.198358647396201,37.68554852864499,133.62890294271,171.314451471355,2.8226582343739945,0.5699688092250241,151.274219411458,152.274219411458,152.411329117187,2.862890294271001,0.13710970572899905,2.0
139.32344934273704,0.0,0.0018587594741896335,0.0021412405258103666,0.0,0.0,0.0,64.25282907983186,0.35353101314525914,35.85875947418963,6.2717518948379265,15.0,133.85875947418964,148.85875947418964,1.0,0.0,142.0,140.92937973709482,142.4646898685474,0.0,0.0,2.0
142.49358689587933,0.0,0.002569596255965525,0.0,0.0007847981279827625,0.0,0.0,60.0,0.6,10.228028080258563,9.489928611279293,106.98717379175868,60.01282620824132,167.0,3.0,0.0,143.78479812798275,147.92399063991382,147.92399063991382,8.493586895879337,1.0,2.0
139.06060387321946,0.0009878792253561067,0.01,0.0,1.2120774643893274e-05,0.0,0.0,54.07272464786336,0.896363767606832,3.048483098575573,9.389091302820496,120.86667147891717,55.02424154928779,175.89091302820495,5.96363767606832,0.5699688092250241,153.87879225356107,147.02424154928778,148.0121207746439,9.012120774643893,1.0,2.0
141.5175970848009,0.001517597084800917,0.0,0.005241201457599542,0.0,0.0,0.0,48.82918688160413,0.9447208745597249,10.68841020319679,9.885922332159266,49.51759708480092,114.8944174911945,164.4120145759954,6.31158979680321,0.0,152.5175970848009,149.24120145759954,151.0,4.0,0.7587985424004585,2.0
154.12063122544973,0.0,0.0,0.0020241262450899464,0.0,0.0,0.0,48.41014616652909,0.8879368774550269,0.3860199214391393,12.654160134329102,90.02412624508995,92.71048505892065,182.7346113040106,3.903495019640215,0.0,166.90349501964022,161.0482524901799,163.0482524901799,7.855242529460323,1.0,2.0
141.603074223766,0.0,0.0048092226712979375,0.0,0.0,0.0,0.0,61.595388664351034,0.6603074223765979,49.02305667824484,11.287070714661752,78.40461133564897,73.58001754552113,151.9846288811701,10.610759783180928,0.0,142.603074223766,141.603074223766,143.603074223766,2.6030742237659794,1.0,2.0
139.3638102011107,0.001919153288642067,0.006717036510247234,0.0002829634897527659,0.0,0.0,0.0,54.434073020494466,0.8080846711357934,7.8787299329631,9.08190510055535,62.8787299329631,127.32338684543173,190.20211677839484,6.8787299329631,0.5699688092250241,144.52550362382658,146.3638102011107,147.44465691246864,3.919153288642067,-0.9595766443210334,2.0
146.4635621317791,0.0,0.0,0.0,0.0005121459560736376,0.0,0.0,64.53643786822091,0.4,30.51214595607364,8.082995661496907,32.439270219631815,122.53643786822091,154.97570808785272,3.5121459560736374,0.48785404392636245,147.95141617570545,146.95141617570545,148.95141617570545,1.0,1.0,2.0
137.76815339074253,0.0,0.01,0.0008778895894200281,0.0,0.0,0.0,63.67079140396749,0.4,11.780527602644993,8.490263801322497,21.780527602644995,131.5486809933875,153.32920859603252,1.1097361986775036,0.0,145.32920859603252,143.32920859603252,145.32920859603252,1.0,0.0,2.0
142.28775693384216,0.0,0.01,0.0,0.0,0.0,0.0,77.0,0.2,43.19183795589477,5.573979744486846,19.191837955894773,128.5479594889737,147.73979744486846,1.0,0.45204051102630705,144.19183795589478,143.19183795589478,145.19183795589478,0.0,1.0,2.0
142.90875466911993,0.0,0.0009087546691199218,0.0016368679963201173,0.0,0.0,0.0,49.7281133272002,0.8,10.454377334559961,12.181381069855899,79.63316935663926,82.18433998160059,161.81750933823983,5.545622665440039,0.4543773345599609,153.0,149.90875466911993,152.54562266544005,4.091245330880078,1.0,2.0
145.53307124821885,0.0,0.0006225716690415363,0.005066142496437696,0.0,0.0,0.0,65.31128583452077,0.4,33.15564291726039,7.415564291726039,29.533071248218846,133.2217854136981,162.75485666191693,1.311285834520768,0.0,150.1556429172604,148.53307124821885,150.68871416547924,1.311285834520768,0.15564291726038404,2.0
144.0,0.001,0.0,0.004901917419215755,0.0,0.0,0.0,45.80383483843151,0.8,2.0,11.539233032313698,31.19616516156849,137.70575225764728,168.90191741921575,3.0980825807842445,0.0,162.0,157.90191741921575,160.90191741921575,5.0,1.0,2.0
141.97648227404355,0.0010235177259564437,0.0,0.002,0.0,0.0,0.0,63.464723411065336,0.5488241137021778,10.582312040847553,10.29002979881107,31.55879431489111,126.95296454808711,158.5117588629782,2.4647234110653344,0.4882411370217782,150.0,145.5117588629782,147.53527658893466,3.4647234110653344,0.5117588629782218,2.0
146.64956201775414,0.00030009732938796854,0.0010503406528578898,0.005949659347142111,0.0,0.0,0.0,43.10068130571578,0.9699902670612032,5.450145994081953,12.724781008877072,60.45014599408195,133.79961068244813,194.24975667653007,4.450145994081953,0.5699688092250241,155.0493673589782,153.64956201775414,156.34946468836617,2.3000973293879685,-0.15004866469398426,2.0
144.6233796344503,0.0,0.01,0.0,0.0,0.0,0.0,70.64935185378012,0.3,52.92208334201054,4.840259258487952,13.32467592689006,141.02597221932982,154.35064814621987,1.0,0.0,147.97402778067018,146.64935185378013,148.64935185378013,0.0,0.32467592689006,2.0
138.0,0.0,0.0028385004582854026,0.0002626429226122004,0.0012626429226122004,0.0,0.0,65.4747141547756,0.4,22.626429226122003,6.85252858452244,35.101143380897604,117.2626429226122,152.3637863035098,2.0,0.0,144.0,141.5252858452244,144.2626429226122,2.787928767836601,0.7373570773877997,2.0
143.90407251747507,0.0,0.006,0.0,0.0,0.0,0.0,72.80814503495013,0.25239818706312334,40.4280543881063,5.595565554199343,13.047963741262468,137.0,150.04796374126246,1.0,0.0,142.0,142.0,143.0,0.0,0.0,2.0
145.62411171485422,0.0,0.0,0.0026241117148542306,0.0,0.0,0.0,67.50355314058308,0.36241117148542307,35.63121799602038,6.360989915252192,17.120558574271154,138.37588828514578,155.49644685941692,1.0,0.0,148.49644685941692,146.62411171485422,148.8723351445627,0.6241117148542307,0.0,2.0
147.21104744285992,0.0,0.0006055237214299648,0.0007889525571400706,0.001,0.0,0.0,57.238666050009755,0.578895255714007,47.027618607149826,6.101771719281116,77.87180837858953,83.91714417855053,161.78895255714008,3.3944762785700355,0.3944762785700353,155.18342883571012,152.0,154.78895255714008,3.761333949990247,1.0,2.0
152.1082984739102,0.002,0.0,0.0062433193895640796,0.0,0.0,0.0,53.86497908434612,0.5918893536811973,8.405532315940134,8.827004183130777,42.91889353681197,143.24331938956408,186.16221292637604,2.4594467684059866,0.0,164.70276615797007,165.5677452423162,168.48663877912816,6.1622129263760534,0.0,2.0
142.35504963151118,0.0,0.0,0.0023550496315111707,0.0,0.0,0.0,64.0,0.5785016543837057,28.364818017792373,10.740066175348227,83.06514889453351,75.36481801779237,158.42996691232588,6.570033087674114,0.5699688092250241,144.9250827191853,143.9250827191853,145.9250827191853,1.7850165438370569,1.0,2.0
145.3237459331793,0.0,0.0004316612442390624,0.0004316612442390624,0.0,0.0,0.0,66.97123779953789,0.42158306221195313,8.02876220046211,8.023745933179297,23.079153110597655,135.53957655529882,158.6187296658965,1.0,0.0,148.21583062211954,148.21583062211954,149.21583062211954,0.0,-0.1079153110597656,2.0
158.77667343251963,0.0,0.0,0.0029553346865039284,0.0,0.0,0.0,64.24068967056678,0.4223326567480359,15.285354984062852,10.884864095642538,90.95533468650393,81.53598376195286,172.49131844845678,0.1786612539842869,0.0,163.17866125398427,162.91066937300786,164.91066937300786,2.26799188097643,1.0,2.0
145.0,0.0,0.0,0.0027869033862552954,0.0,0.0,0.0,50.57380677251059,0.6786903386255294,6.14761354502118,9.081909163983056,24.639289841234113,140.7869033862553,165.42619322748942,0.7869033862552951,0.0,154.27857968246823,152.8523864549788,154.06548306872352,1.4261932274894098,0.2130966137447049,2.0
148.05377931275595,0.0,0.0,0.005738372417007949,0.0,0.0,0.0,62.946220687244036,0.4,43.79215172976391,5.973110343622019,15.577034478740064,143.16133793826788,158.73837241700795,1.0,0.0,152.73837241700795,151.73837241700795,153.73837241700795,0.31540689574801273,0.31540689574801273,2.0
141.1186529391346,0.001311865293913458,0.0,0.004559326469567289,0.0,0.0,0.0,35.74238352696149,2.482709823999047,4.677979408701868,13.453554354084636,65.50507764869234,127.43051823304803,192.93559588174037,4.311865293913458,0.5699688092250241,159.06440411825963,158.0,158.68813470608654,7.881347060865421,0.0,2.0
141.49917500755686,0.0,0.009189665605163232,0.0,0.0,0.0,0.0,65.56239687594461,0.4,9.875206248110784,7.875041249622157,21.124793751889214,134.12479375188923,155.24958750377843,1.0,0.0,146.68719062783381,146.24958750377843,147.68719062783381,0.4376031240553919,0.0,2.0
141.5093412440921,0.0014906587559078976,0.0,0.002,0.0,0.0,0.0,62.764011866138155,0.5254670622046052,12.21730564567764,9.098820172434861,32.72664688976975,126.01868248818421,158.74532937795394,1.7640118661381536,0.2546706220460512,150.0,145.74532937795394,148.23598813386184,2.7640118661381536,0.7453293779539488,2.0
144.6365136822963,0.0,0.01,0.0,0.0,0.0,0.0,73.72697263540738,0.3159128420574077,67.0,4.311389894401854,15.840871579425922,136.47738526172222,152.31825684114816,2.3182568411481546,0.0,145.79564210287037,146.47738526172222,147.6365136822963,0.0,0.1591284205740774,2.0
138.07685269792464,0.0,0.002,0.0,0.0,0.0,0.0,68.03842634896232,0.3,21.0,7.242268983858557,22.0,128.03842634896233,150.03842634896233,1.038426348962325,0.0,143.88472095311303,141.96157365103767,143.92314730207536,1.0,0.961573651037675,2.0
145.49119003932287,0.0027052859764062705,0.0027052859764062705,0.0002947140235937296,0.0,0.0,0.0,54.687666055052034,0.6294714023593729,0.29471402359372956,6.80629981651561,21.687666055052034,144.31233394494797,166.0,0.0,0.0,156.50880996067713,155.70528597640626,157.70528597640626,1.196476015729153,0.0,2.0
139.07704507075053,0.0005385225353752659,0.01,0.0055385225353752655,0.0009229549292494683,0.0,0.0,69.23192817213005,0.4461477464624734,26.538522535375265,6.030897324288058,60.46227042450319,101.6155676061258,162.07783803062898,5.538522535375266,0.0,149.69261267687634,146.07704507075053,149.6155676061258,3.538522535375266,1.0,2.0
126.91160443042484,0.0,0.005,0.00036279852319171955,0.0,0.0,0.0,70.82320886084969,0.3,44.893171940642674,6.301843248978217,19.097611814466244,119.46041033765796,138.5580221521242,1.0,0.0,127.54880590723312,127.82320886084969,129.1860073840414,0.6372014768082804,0.36279852319171957,2.0
159.0,0.0016593539222057828,0.0,0.008659353922205782,0.0,0.0,0.0,57.65935392220578,0.5,11.296769611028914,8.374710685573639,41.31870784441156,146.68129215558844,188.0,1.3187078444115654,0.0,167.0,170.97806176661734,172.63741568882313,6.978061766617348,0.0,2.0
141.83905807434772,0.004475588703532682,0.01,0.0017902354814130729,0.001,0.0,0.0,53.52441129646732,1.0314646777880392,30.62205648233659,6.039058074347709,123.3146467778804,57.10488225929346,180.41952903717385,12.895117740706537,0.10488225929346362,153.58047096282615,148.89511774070652,153.6853532221196,9.790235481413072,1.0,2.0
159.0,0.0,0.0,0.0036366696821672076,0.0,0.0,0.0,67.54667872866882,0.3363330317832793,17.366696821672072,6.5453321271331175,15.0,153.0,168.0,0.0,0.0,163.0,162.6366696821672,164.0,0.0,1.0,2.0
142.0,0.0,0.004,0.0,0.0,0.0,0.0,68.0,0.3,38.61393358476006,6.7,15.0,136.0,151.0,1.0,0.0,142.0,142.0,143.0,0.0,0.0,2.0
152.0,0.0,0.0,0.00386669591887862,0.0,0.0,0.0,59.06665204056069,0.493334795943931,61.80004387831793,9.340035102654344,37.73339183775724,126.19995612168206,163.93334795943932,3.0,0.5699688092250241,160.0,157.0,159.06665204056068,1.9333479594393101,1.0,2.0
143.0,0.0,0.0,0.0,0.0,0.0,0.0,65.5184080219452,0.5,26.073632087780815,12.007064868030133,101.66865560498633,64.29452835112326,165.9631839561096,4.0,0.0,143.5184080219452,144.0,145.5184080219452,1.518408021945204,1.0,2.0
123.30033800163409,0.0,0.0007508450040852083,0.00609898599509775,0.0043993239967318335,0.0,0.0,34.30709803431575,1.2498309991829584,4.354901023694208,4.890439402124308,77.60067600326816,59.64847899264662,137.24915499591478,3.300338001634083,0.5699688092250241,115.65185900898746,113.65185900898746,116.50169000817041,13.047802989378459,1.0,2.0
149.69841044931565,0.0005251324625570289,0.0,0.010474867537442971,0.006162036381050399,0.0,0.0,34.0,3.8999999999999995,0.0,5.68935270463448,138.44708582374537,52.88822854406366,191.33531436780902,6.687168843607428,0.2625662312785144,112.27380783698675,129.1620363810504,134.68716884360742,76.0,0.2625662312785144,2.0
146.46333423756198,0.0,0.0019511123167493022,0.0019511123167493022,0.0,0.0,0.0,70.39000271268593,0.4975556158374651,4.60999728731407,9.163334237561976,26.877780791873256,137.43889039593662,164.31667118780987,1.0,0.0,148.97555615837464,148.97555615837464,149.97555615837464,0.0,-0.4877780791873255,2.0
146.0,0.0,0.004639544441583293,0.0,0.0,0.0,0.0,76.31977222079165,0.3,58.95931666237494,4.815703887029141,21.517494428708112,130.2034166881253,151.7209111168334,2.6395444415832934,0.0,149.04068333762507,148.04068333762507,149.7209111168334,0.0,1.0,2.0
147.87498129819284,0.0,0.003833308397590463,0.003833308397590463,0.0,0.0,0.0,74.62494389457854,0.5916654198795231,0.3750561054214584,10.574981298192846,31.583270993976157,139.79163549698808,171.37490649096424,1.0,0.0,149.91665419879524,149.91665419879524,150.91665419879524,0.0,-0.9583270993976157,2.0
146.0,0.0,0.01,0.0,0.0,0.0,0.0,73.32166387163358,0.5,57.219367663038135,13.34912479037252,111.25437604813742,74.0,185.2543760481374,4.169584032091606,0.0,147.0,146.9152079839542,148.0,2.0,0.0,2.0
135.85102983581194,0.0,0.009312204044814868,0.0028510298358119532,0.0,0.0,0.0,60.759114537379006,0.41347064477492707,65.58161694031341,5.840411934324782,31.120442731310497,115.14897016418804,146.26941289549853,3.7163233880626825,0.0,137.4183830596866,136.13470644774927,138.13470644774927,0.28367661193731775,1.0,2.0
137.78374699200398,0.0,0.0009370963679827538,0.00478374699200398,0.0,0.0,0.0,46.58585539197082,0.6711662656005306,62.360421679993365,6.613498796801592,38.207072304014595,113.21625300799602,151.4233253120106,3.0720843359986736,0.0,140.63957832000662,138.7116626560053,140.7116626560053,0.9279156640013266,1.0,2.0
135.42754036659156,0.002,0.0,0.0001425134555305172,0.0,0.0,0.0,62.92874327223474,0.5,8.427540366591552,5.571016146636621,33.07125672776526,132.42994617787792,165.5012029056432,1.0,0.0,141.64131054988732,142.28502691106104,143.42754036659156,1.0712567277652587,-0.8574865444694828,2.0
123.04843390093956,0.0,6.054237617443725e-05,0.006915240673355788,0.004939457623825563,0.0,0.0,28.42379663322106,1.3891023722886011,0.0484339009395498,4.582337631597235,77.14530170281864,61.01210847523489,138.15741017805354,3.0121084752348875,0.5699688092250241,114.18162712852332,112.1937356037582,115.18162712852332,14.830481346711576,1.0,2.0
144.65201118639584,4.349860170051992e-05,0.01,4.349860170051992e-05,0.0,0.0,0.0,74.69550978809636,0.304349860170052,39.34798881360416,7.7130027965989605,54.47848461870572,131.17399440680208,185.6524790255078,3.0,0.0,144.91300279659896,143.95650139829948,145.91300279659896,0.04349860170051989,-1.0,2.0
141.212525078377,0.0005249832810819862,0.0005249832810819862,0.004950033437836027,0.0,0.0,0.0,60.31245820270497,0.4,31.21252507837702,6.352498328108198,23.57494984324596,139.42505015675405,163.0,1.0,0.0,156.57494984324595,152.737508359459,155.52498328108197,4.149899686491917,0.26249164054099305,2.0
149.29349718299588,0.0,0.008831285212551604,0.0,0.0,0.0,0.0,75.88049154898762,0.23532514085020642,53.826011268016515,4.623374295748968,12.059754225506193,143.52724014048556,155.58699436599176,1.0,0.0,152.58699436599176,151.23374295748968,153.23374295748968,0.0,1.0,2.0
139.37228465030125,0.0,0.00804110488189014,0.0007034644187123447,0.0,0.0,0.0,77.0,0.2,41.482677906438276,6.362771534969876,26.627715349698757,127.59307116257531,154.22078651227406,1.7034644187123447,0.0,140.37228465030125,142.18614232515063,142.77921348772594,2.1103932561370344,0.2965355812876552,2.0
146.55207739177905,0.0,0.0,0.006,0.0,0.0,0.0,60.3005935405083,0.4,33.3005935405083,5.844792260822095,15.497032297458496,145.55207739177905,161.04910968923755,1.0,0.0,154.34970322974584,153.0,155.0,0.34970322974584955,0.0,2.0
137.45069293763763,0.0004506929376376363,0.01,0.0009013858752752726,0.0,0.0,0.0,64.09861412472473,0.4,10.323960593543546,7.7169110030080095,19.323960593543546,134.12673234409408,153.45069293763763,1.0,0.0,145.45069293763763,144.45069293763763,146.45069293763763,0.7746535311811819,0.0,2.0
148.0,0.0019841118332112433,0.006613706110704144,0.0019841118332112433,0.0,0.0,0.0,62.354517555718346,0.46613706110704145,24.30685305535207,7.095233549963373,22.95233549963373,141.0317763335775,163.98411183321124,1.3227412221408288,0.0,154.01588816678876,153.01588816678876,155.01588816678876,1.3227412221408288,0.0,2.0
138.48156454293974,0.000814804432132532,0.0033335202216144225,0.0,0.0,0.0,0.0,70.92597783933734,0.38148044321325325,46.33323988919279,5.274106260389151,63.77765318559038,133.44441329639758,197.22206648198798,3.0,0.0,140.92597783933735,142.37039113573493,143.55558670360242,2.444413296397596,-1.0,2.0
135.0,0.0,0.01,0.002,0.0,0.0,0.0,64.65178132933183,0.4,66.60712531732733,4.825890664665915,22.040141299320567,118.95985870067943,141.0,2.6517813293318313,0.0,136.0,135.1741093353341,137.0,0.0,0.8258906646659157,2.0
148.9016043502866,0.0,0.0,0.005409626101719616,0.0,0.0,0.0,61.39358259885359,0.4,32.72085655372584,5.688556084742057,12.491978248566987,147.7048130508598,160.1967912994268,0.9016043502866027,0.0,154.1967912994268,153.1967912994268,155.1967912994268,0.0,0.0,2.0
143.0,0.0,0.0003396972802986619,0.0019809081591040147,0.0,0.0,0.0,64.33969728029867,0.6,26.679394560597324,12.721001024985584,87.7175782423893,72.66030271970133,160.37788096209064,5.980908159104015,0.5699688092250241,145.32060543940267,144.66030271970135,146.66030271970135,2.3396972802986618,1.0,2.0
148.47125467555654,0.0,0.0007643726622217359,0.0,0.001,0.0,0.0,64.53441006667396,0.4293117986665208,39.94250935111306,6.04080992844391,31.942509351113056,128.35060863555216,160.2931179866652,1.764372662221736,0.0,154.0,152.23562733777825,154.23562733777825,1.0,1.0,2.0
148.0,0.002204860715024988,0.0073495357167499605,0.002204860715024988,0.0,0.0,0.0,62.060185713300015,0.4734953571674996,24.409721430049977,7.214467500172497,24.67476785837498,139.53009285665001,164.20486071502498,1.734953571674996,0.0,154.06018571330003,152.79513928497502,154.79513928497502,1.734953571674996,0.265046428325004,2.0
135.06283488309273,0.0,0.006062834883092738,0.002979055038969087,4.1889922061825626e-05,0.0,0.0,60.979055038969086,0.5,20.748660467629048,9.48324403117527,36.23039457134004,107.89527519484544,144.12566976618547,4.958110077938175,0.0,138.12566976618547,135.10472480515458,137.1466147272164,3.0209449610309127,1.0,2.0
146.0,0.0,0.006424798327665009,0.0004930300048585641,0.0,0.0,0.0,65.0,0.4917828332523573,32.08217166747643,9.327439498299503,32.753484997570716,133.08217166747642,165.83565666504714,3.753484997570718,0.0,152.75348499757072,150.83565666504714,153.75348499757072,1.0,0.0,2.0
134.83930017422514,0.0,0.01,0.001935720069690061,6.42799303099391e-05,0.0,0.0,67.25711972123976,0.3,66.96786003484503,5.390724118473104,29.028478884959025,115.64646038329533,144.67493926825435,4.064279930309939,0.0,135.8071602090702,134.8071602090702,136.8071602090702,0.03213996515496953,0.9678600348450305,2.0
138.59088955495483,0.0,0.002,0.0,0.0,0.0,0.0,68.29544477747741,0.3,21.0,7.5249892552251625,22.0,128.29544477747743,150.29544477747743,1.2954447774774203,0.0,143.11366566756774,141.70455522252257,143.40911044504517,1.0,0.7045552225225797,2.0
132.6153388870288,0.0,0.0027692231478381336,0.0,0.0,0.0,0.0,78.76922314783813,0.2,39.69223147838134,5.800009907810426,17.0,127.76922314783813,144.76922314783815,2.0,0.0,134.53844629567627,135.0,135.76922314783815,1.2307768521618665,0.0,2.0
128.0,0.0,0.005,0.0,0.0,0.0,0.0,73.62466356885426,0.23753364311457362,42.372644981979846,6.975067286229147,22.0,122.0,144.0,1.0,0.0,131.49865427541707,130.0,131.62466356885426,1.0,0.0,2.0
137.32642252242974,0.0,0.0,0.0032916378379173753,0.0,0.0,0.0,60.0,0.7618060360347104,41.930430630975295,10.703478468451236,123.05551711722316,76.32642252242972,199.3819396396529,8.618060360347105,0.3819396396528959,137.94448288277684,137.56254324312394,138.94448288277684,2.618060360347104,0.0,2.0
143.61706178658667,0.0,0.0031772509512177794,0.0012341235731733306,0.0,0.0,0.0,66.5886254756089,0.4,33.79431273780445,7.4794312737804445,27.617061786586664,130.02843631097778,157.64549809756443,2.5886254756088896,0.0,150.79431273780443,146.61706178658667,149.4113745243911,2.5886254756088896,0.7943127378044449,2.0
154.60693209079705,0.0,0.0,0.0038786135818405934,0.0,0.0,0.0,65.0,0.8393067909202968,1.9421826905505029,13.084395312785544,91.8786135818406,74.84970492711585,166.72831850895645,1.7572271636811871,0.0,156.84970492711585,158.60693209079705,159.72831850895645,2.0,1.0,2.0
148.46005187215547,0.0,0.009840207488621867,0.001924935159805667,0.0,0.0,0.0,69.92010374431094,0.33849870319611336,44.0,7.030509077627206,24.460051872155468,130.3099221917668,154.76997406392226,3.0,0.0,150.76997406392226,149.38498703196115,151.38498703196115,0.3849870319611334,1.0,2.0
127.32390134191337,0.0,0.004774633780637788,0.0004507324387244241,0.0,0.0,0.0,71.42243646446451,0.3225366219362212,33.94340805148018,7.009853512255115,22.0,119.07023914829125,141.07023914829125,1.0,0.0,126.9717040257401,127.9717040257401,128.97170402574008,1.0,0.0,2.0
131.93171276062338,0.0,0.009,0.004068287239376608,0.0,0.0,0.0,62.49267022521209,0.5,16.848765971670954,12.432677664730722,81.42438298583548,69.42438298583548,150.84876597167096,6.848765971670955,0.0,139.1365744787532,137.42438298583548,139.78047873229434,2.7121914929177384,1.0,2.0
135.40909360025253,0.0,0.003,0.0004696978667508417,0.0,0.0,0.0,77.12120853299663,0.2,38.242417065993266,6.157577013451179,20.287885067255893,127.53030213324917,147.81818720050504,2.0,0.0,136.40909360025253,136.87879146700337,137.87879146700337,1.0,0.0,2.0
146.08390244686328,0.0001258536702949088,0.007125853670294909,0.0001258536702949088,0.0,0.0,0.0,64.83219510627346,0.5,31.748292659410183,9.411902430793564,32.706341435978544,133.25170734058983,165.95804877656838,3.9160975531367272,0.0,153.0,151.04195122343162,154.0,1.0419512234316364,0.0,2.0
154.1575561120281,0.0,0.0,0.003968488777594384,0.0,0.0,0.0,64.90546633278315,0.8873955110377536,0.18906733443369728,13.393697755518877,91.96848877759439,74.22057855683931,166.1890673344337,1.9369775551887676,0.0,156.2205785568393,158.1575561120281,159.1575561120281,2.0,1.0,2.0
141.79228514992744,0.0,0.0,0.0,0.0,0.0,0.0,65.39614257496372,0.5,29.610286466763405,12.292285149927448,93.60385742503628,71.79871419165457,165.40257161669086,3.7987141916545744,0.0,143.79871419165457,143.39614257496373,145.39614257496373,1.7987141916545746,1.0,2.0
151.36460166969133,0.0,0.0,0.0031215338898971058,0.00029282203670096473,0.0,0.0,64.12153388989711,0.7828711853196141,2.342576293607718,12.433687278886817,90.53588981649517,72.82871185319614,163.36460166969133,1.7071779632990354,0.29282203670096474,153.65742370639228,154.19331352288745,155.7789575962894,2.5856440734019293,1.0,2.0
141.10014835320575,0.0,0.01,0.0019599406587177013,0.0019599406587177013,0.0,0.0,60.18026703577034,0.402002967064115,41.080118682564596,5.708160221462206,38.080118682564596,120.9198813174354,159.0,3.060089011923448,0.0,153.97997032935885,149.02002967064115,153.9599406587177,7.899851646794254,1.0,2.0
142.80564476890896,0.0,0.01,0.0,0.0,0.0,0.0,72.4169343067269,0.4,54.231987023817474,10.04263422549085,79.80564476890896,70.60188158963632,150.40752635854528,2.601881589636322,0.0,144.20376317927264,142.80564476890896,144.80564476890896,1.601881589636322,1.0,2.0
144.2418039238652,0.002,0.0029230413925492747,0.004659381265657972,0.0,0.0,0.0,48.59335075972029,0.8582422658207247,12.076958607450726,9.307695860745072,61.25273202537826,131.65938126565797,192.91211329103623,5.8351546835855075,0.4175773417927535,151.5714945566942,152.98907189848697,153.4066492402797,2.2527320253782603,-0.4175773417927535,2.0
122.49614635885906,0.0,0.0,0.005992292717718129,0.005,0.0,0.0,26.99229271771813,1.4251926820570466,0.0,3.3663293074328946,74.73265861486578,63.51926820570468,138.25192682057047,2.7480731794295323,0.5699688092250241,116.26734138513422,110.4884390765772,113.23651225600672,24.57321918167778,0.7480731794295321,2.0
141.25876254291836,0.0008117697880901376,0.008929467668991513,0.00018823021190986244,0.00018823021190986244,0.0,0.0,55.882302119098625,1.0882302119098624,4.129381271459175,12.825789856759496,122.69407190718876,55.18823021190986,177.88230211909863,5.24707915236055,0.5699688092250241,153.24707915236056,147.18823021190985,148.5646906357296,9.0,1.0,2.0
149.3435213926685,0.0,0.0,0.0,0.0016870427853369948,0.0,0.0,63.152820890027456,1.1625914429326012,50.93887164398902,10.314420301584622,133.55747063870695,55.59535025132052,189.15282089002747,10.625914429326011,0.5699688092250241,151.374085570674,148.68704278533698,152.374085570674,15.213949246038444,1.0,2.0
144.1280957463662,0.0,0.0,0.0069752340290704,0.0,0.0,0.0,61.640478731831,0.4,9.8719042536338,7.61280957463662,20.2561914927324,135.8719042536338,156.1280957463662,1.8719042536338,0.0,148.0,146.2561914927324,148.1280957463662,0.8719042536338,0.0,2.0
150.6617324940055,0.0,0.0,0.00397039496403301,0.0056617324940055015,0.0,0.0,66.029605035967,1.2014802517983496,33.44188513187896,3.4735745083922978,149.6617324940055,50.3382675059945,200.0,10.661732494005502,0.5699688092250241,155.323464988011,148.9851974820165,155.6617324940055,43.412280095911974,1.0,2.0
143.07191635967396,0.0,0.0023664108338050556,0.0,0.0,0.0,0.0,64.50341451771766,0.392808364032605,19.359581798369753,6.521574907902185,17.143832719347902,136.7123345613042,153.8561672806521,1.9280836403260497,0.0,144.07191635967396,144.0,145.07191635967396,0.0,0.0,2.0
150.0,0.0,0.0,0.0,0.0,0.0,0.0,76.4492312236877,0.2775384388156148,35.26769662503319,5.265230632893689,11.224615611843852,146.0,157.22461561184386,0.7753843881561481,0.0,154.0,153.22461561184386,155.0,0.0,1.0,2.0
138.6278329761625,0.0012556659523249734,0.00188349892848746,0.00223300214302508,0.002627832976162487,0.0,0.0,53.605169166862595,1.7906162737787354,5.5825053575627,7.0255665952324975,142.0453276185998,54.97733619070011,197.0226638092999,10.511331904649946,0.5699688092250241,144.7669978569749,135.13916488081244,143.51133190464995,52.02266380929989,0.0,2.0
151.0,0.0,0.0,0.006,0.004864153765888392,0.0,0.0,55.271692468223215,2.729623064883259,10.383000521725453,17.555315838805065,149.0,51.0,200.0,11.567923117055804,0.5699688092250241,156.0,148.7037693511674,156.1358462341116,64.20946077593972,1.0,2.0
136.7576199587778,0.0,0.01,0.0011211900206110955,0.0,0.0,0.0,69.15166985572233,0.3121190020611096,57.80297505152774,4.131821496908335,9.318214969083357,133.0,142.31821496908336,1.0,0.0,137.7576199587778,137.31821496908336,138.7576199587778,0.0,0.0,2.0
144.06469791247264,0.0,0.009805906262582117,0.0007741208350109489,0.0,0.0,0.0,78.61293958249452,0.2,53.29057707746168,4.493530208752737,11.22587916498905,136.61293958249453,147.83881874748357,1.0,0.0,143.22587916498904,142.22587916498904,144.22587916498904,0.0,0.0,2.0
139.02463492059528,0.0,0.0009430758377447076,0.0053415449735317545,0.0013984691357870468,0.0,0.0,55.69074426812827,1.62769664902117,9.430758377447075,8.581224691370362,133.02463492059528,59.43075837744708,192.45539329804234,8.943075837744708,0.5699688092250241,140.5768959436177,127.22769664902117,137.8861516754894,76.0,0.0,2.0
147.27792186450247,0.0,0.0,0.0,0.0,0.0,0.0,63.0,0.4,28.315151017172465,9.18510833893201,34.03722915266998,121.481385423665,155.51861457633498,3.240692711832505,0.5699688092250241,149.03722915267,147.79653644083749,150.03722915267,1.0,1.0,2.0
143.60750688150458,0.0,0.0,0.005270991742194492,0.0,0.0,0.0,63.0,0.4878498623699082,34.39249311849541,6.779453165492112,33.24300275260184,127.14949036589357,160.39249311849542,3.878498623699082,0.12150137630091806,147.36450412890275,146.36450412890275,148.36450412890275,0.12150137630091806,0.12150137630091806,2.0
133.78988195943975,0.00019747048985993733,0.0,0.007605059020280126,0.0,0.0,0.0,50.96205734789906,0.5605059020280125,46.592411469579815,6.405059020280126,24.40758853042019,126.5797639188795,150.9873524492997,2.0,0.0,144.40758853042018,141.80252951014006,143.60505902028012,0.8025295101400627,0.8025295101400627,2.0
146.0,0.0,0.002374577095605339,0.0026607747006278087,0.0,0.0,0.0,66.22615019958145,0.388692490020927,31.869249002092694,7.022615019958146,19.11307509979073,137.77384980041853,156.88692490020927,1.0,0.0,149.6607747006278,147.0,149.77384980041853,1.0,0.0,2.0
140.81229731389686,0.0007083783746895879,0.004520675688586442,0.0,0.0,0.0,0.0,61.70837837468959,0.5,7.354189187344794,8.047824331886344,36.87486487593124,127.83351349875835,164.7083783746896,2.291621625310412,0.0,142.9374324379656,142.6458108126552,143.6458108126552,1.0,-0.354189187344794,2.0
136.14362715695665,0.0,0.01,0.0014281864215216797,0.0,0.0,0.0,67.00269504934825,0.342818642152168,58.570466053804196,4.085772036771748,8.85772036771748,133.0,141.8577203677175,1.0,0.0,137.14362715695665,136.8577203677175,138.14362715695665,0.0,0.0,2.0
143.0,0.0,0.0,0.002,0.0,0.0,0.0,65.0,0.5815946938968617,5.711628572780321,12.219003674183885,27.895681633811705,129.0,156.8956816338117,3.6318938779372347,0.5699688092250241,148.7116285727803,144.63189387793724,145.8159469389686,4.2637877558744695,0.0,2.0
144.0,0.000861369996363436,0.0,0.004138630003636564,0.0,0.0,0.0,43.861369996363436,0.7861369996363436,1.861369996363436,11.664328993817842,33.97041002545595,134.16821997818062,168.13863000363656,3.584109989090308,0.0,161.30684998181718,156.5841099890903,159.44547998545374,4.722739992726872,0.861369996363436,2.0
138.46045698392916,0.0,0.002153485661309722,0.0006139426452388881,0.0,0.0,0.0,66.77211470952223,0.3306971322619444,21.153485661309723,7.292091396785834,22.460456983929166,128.0,150.46045698392916,1.0,0.0,144.30697132261943,142.30697132261943,144.30697132261943,1.0,1.0,2.0
128.48644079816268,0.0,0.0020810734663604456,0.0,0.0,0.0,0.0,78.08107346636045,0.2,32.81073466360446,6.69460449373142,17.0,127.08107346636045,144.08107346636044,2.0,0.0,133.1621469327209,135.0,135.08107346636044,1.9189265336395545,0.0,2.0
140.26120510086682,0.001495517959653277,0.0022522410201733616,0.002991035919306554,0.0,0.0,0.0,61.0,0.4,8.0,6.475672306052009,16.74775897982664,138.50448204034672,155.25224102017336,0.7477589798266384,0.0,147.25224102017336,146.25224102017336,148.25224102017336,0.0,0.0,2.0
142.48991614250744,0.0,0.0,0.0052852935012239486,0.0,0.0,0.0,60.48991614250745,0.42449580712537216,14.060503144955339,6.6285293501223945,18.550419287462784,143.46974842752232,162.02016771498512,0.2449580712537217,0.0,153.0,152.48991614250744,153.48991614250744,0.7550419287462783,0.0,2.0
143.07892100545172,0.0,0.00161838150817758,0.0032237764809189802,0.0,0.0,0.0,58.92107899454828,0.453946050272586,10.52647396728968,7.33946050272586,23.6973025136293,141.46053949727414,165.15784201090344,0.53946050272586,0.0,149.76323698364484,151.46053949727414,151.92107899454828,3.6973025136293,-0.53946050272586,2.0
146.0,0.0,0.0033180303893087064,0.0033679942115602463,0.0,0.0,0.0,64.63200578843976,0.3841998552890062,29.735988423120492,7.2,19.15800144710994,136.84199855289006,156.0,1.8419985528900615,0.0,149.52599565867018,147.0,149.68399710578012,1.0,0.0,2.0
144.91396270864647,0.0,0.0,0.002357546614191934,0.0,0.0,0.0,54.62905593703032,0.4728490677161613,32.0,7.684132286607064,25.642453385808068,137.35754661419193,163.0,1.7284906771616133,0.5699688092250241,158.64245338580807,155.18547203148484,157.18547203148484,1.7284906771616133,0.7284906771616132,2.0
142.88223723249862,0.00022355255350027536,0.004788420428002202,0.0,0.0007764474464997247,0.0,0.0,58.65868467899835,0.6670657660500826,6.1057897859988985,8.701197298150248,112.45907808850303,56.55289489299945,169.01197298150248,3.670657660500826,0.22355255350027536,146.23552553500275,148.55289489299946,148.77644744649973,9.776447446499725,1.0,2.0
144.65616183768108,0.0,0.0010315144869567855,0.0006561618376810715,0.001,0.0,0.0,61.312323675362144,0.5343838162318928,7.656161837681071,9.549858940289715,94.90827773333535,65.53010388985393,160.4383816231893,1.687676324637857,0.5699688092250241,146.62464735072427,146.37535264927573,148.34383816231892,6.063028973913571,1.0,2.0
130.77428769469708,0.0,0.0005322863084091206,0.0,0.0,0.0,0.0,67.77428769469707,0.38225712305302934,3.774287694697069,8.567713691590878,19.46771369159088,123.06457261681824,142.5322863084091,0.17742876946970687,0.17742876946970687,133.41943015575765,133.41943015575765,134.41943015575765,0.8225712305302931,0.17742876946970687,2.0
135.2748654055153,0.0,0.0,0.006635080756690815,0.0,0.0,0.0,46.63508075669081,0.6454973081103061,53.27956929764899,6.7545026918896935,31.369623135442865,119.54032302676326,150.90994616220613,2.454973081103062,0.0,143.18010767558775,140.63508075669083,142.63508075669083,1.0,1.0,2.0
140.98466973952452,0.0,3.06605209509838e-05,0.002954009218573525,0.0,0.0,0.0,61.12264208380393,0.39846697395245084,21.98466973952451,6.921462364665689,19.045990781426475,132.93867895809802,151.98466973952452,1.015330260475492,0.0,143.95400921857353,142.969339479049,144.95400921857353,0.015330260475491797,0.0,2.0
139.12701480305185,0.0,0.0009373880664971189,0.0053756716010172866,0.001438283534520168,0.0,0.0,55.559925529433734,1.6504477340115247,9.373880664971189,8.549373172383866,133.12701480305185,59.37388066497119,192.50089546802306,8.93738806649712,0.5699688092250241,140.43470166242798,127.25044773401153,137.87477613299424,76.0,0.0,2.0
151.0,0.0,0.0,0.008,0.005,0.0,0.0,60.04317373579701,0.9172694943188047,16.913652528405976,3.706533524158783,125.1225171307223,50.0,175.12251713072231,8.0,0.04317373579701167,156.0,148.0,155.0,37.21586867898506,1.0,2.0
131.3185185258355,0.0,0.004483333341564934,0.00032962963145887424,0.002835185184270563,0.0,0.0,71.69259257978788,0.41648148157294373,40.35185184270563,3.2087037076365794,59.34074073708225,104.67037036854113,164.01111110562337,5.670370368541126,0.0,134.29629631458874,130.637037051671,133.30740742021212,3.9888888943766228,0.16481481572943713,2.0
142.79037264072738,0.00039518632036368573,0.001317287734545619,0.005604813679636314,0.0,0.0,0.0,59.26345754690912,0.4131728773454562,31.209627359272627,6.444901650800018,22.526915093818246,140.73654245309086,163.26345754690914,1.131728773454562,0.0,154.73654245309086,152.86827122654543,154.86827122654543,1.131728773454562,0.0,2.0
140.62989954992648,0.0002740200900147045,0.002903919639941182,0.0016441205400882274,0.0,0.0,0.0,66.62989954992648,0.32740200900147043,41.740200900147045,6.179361828972062,16.918140630102933,135.17793972995588,152.0960803600588,1.2740200900147045,0.0,142.0,141.72597990998528,142.72597990998528,0.0,0.0,2.0
149.6355706597139,0.0,0.001,0.0,0.001,0.0,0.0,61.0,0.5,39.817785329856946,6.218221467014305,31.0,130.0,161.0,2.0,0.0,154.0,152.0,154.0,1.0,1.0,2.0
159.0,0.001213511366310672,0.0,0.008213511366310672,0.0,0.0,0.0,57.21351136631067,0.5,9.06755683155336,8.86513749705826,40.427022732621346,147.57297726737866,188.0,0.4270227326213438,0.0,167.0,169.64053409893202,170.85404546524268,5.640534098932016,0.0,2.0
145.0234107718073,0.0,0.000988294614096342,0.001,0.0,0.0,0.0,63.52926346475915,0.4988294614096342,16.49414730704817,10.859031149337198,81.97658922819268,74.0,155.9765892281927,5.447325763433539,0.494147307048171,146.5175580788555,145.01170538590367,147.01170538590367,1.988294614096342,1.0,2.0
137.203515140056,0.0,0.0012743757759103996,0.0046814060560224,0.0,0.0,0.0,64.3628121120448,0.41592969719888,12.407030280112,7.12743757759104,19.3628121120448,128.8407030280112,148.203515140056,2.6814060560224,0.0,140.0442181680672,139.203515140056,141.0442181680672,0.8407030280112,0.0,2.0
145.3280154476625,0.0002671984552337494,0.0,0.0032671984552337494,0.0,0.0,0.0,39.335992276168746,0.95343969104675,17.80159536570125,11.959521390289625,36.67198455233749,133.3968092685975,170.06879382093499,4.3359922761687475,0.5343969104674988,158.33599227616875,155.0,158.26719845523374,4.3359922761687475,0.2671984552337494,2.0
143.0,0.0,0.002168948821967393,0.00274657676704891,0.0,0.0,0.0,65.16894882196739,0.44577627945081516,34.45776279450815,7.0422372054918485,29.74657676704891,128.54223720549186,158.28881397254077,3.4577627945081515,0.0,149.1689488219674,146.0,148.54223720549186,1.6267116164755449,0.5422372054918483,2.0
132.59034769045877,0.0023613907618350916,0.01,0.002771043071376319,0.005048261547706136,0.0,0.0,24.277218476329818,3.1602698500365767,0.0,13.56980799038562,120.92817852440172,60.03591073779914,180.96408926220087,7.0,0.4096523095412271,138.90347690458773,122.54208614275264,132.54208614275262,74.77104307137631,0.0,2.0
150.52508164074885,0.0,0.0,0.005,0.0,0.0,0.0,61.47491835925116,0.4,63.47491835925116,4.294983671850232,12.508360546916279,148.03344218766512,160.5418027345814,1.0,0.0,156.55852382841397,155.5418027345814,157.5418027345814,0.0,1.0,2.0
148.0,0.0,0.007438711282970515,0.0,0.0,0.0,0.0,68.4877422565941,0.37024515486811793,64.61961238944943,4.721470929208708,14.702451548681179,139.0,153.70245154868118,3.107354646043538,0.0,150.0,148.70245154868118,150.70245154868118,0.0,1.0,2.0
148.0,0.0013049340214229517,0.004349780071409839,0.0013049340214229517,0.0,0.0,0.0,63.260087971436064,0.4434978007140984,22.609868042845903,7.004484604998689,23.17489003570492,140.13004398571803,163.30493402142295,1.434978007140984,0.0,155.26008797143606,153.69506597857705,155.69506597857705,1.434978007140984,0.5650219928590161,2.0
148.66672046924865,0.0,0.0013777706041001815,0.0009333440938497279,0.0,0.0,0.0,51.66672046924864,0.7066655906150272,9.444426510250453,13.475554120820036,90.3111146979499,76.17780288564937,166.4889175835993,3.4444265102504534,0.5699688092250241,156.1111469794991,154.7333763753989,155.7333763753989,2.6888853020500907,1.0,2.0
151.23993749516484,0.0,0.0,0.002,0.0,0.0,0.0,60.12667708413919,0.4,58.239937495164845,7.061996874758242,35.39344792553111,127.60655207446888,163.0,3.253354168278385,0.5699688092250241,159.61996874758242,156.61996874758242,159.61996874758242,1.1266770841391924,1.0,2.0
159.0,0.0,0.0,0.003636291353979248,0.0,0.0,0.0,67.545165415917,0.3363708646020752,17.36291353979248,6.545483458408301,15.0,153.0,168.0,0.0,0.0,163.0,162.63629135397926,164.0,0.0,1.0,2.0
144.14990616661157,0.000477756925913684,0.000955513851827368,0.004566729222258948,0.0,0.0,0.0,60.19439231478421,0.4,33.91102770365474,5.893906612973368,23.19439231478421,141.0,164.1943923147842,1.238878462956842,0.0,155.4777569259137,153.71663538887051,155.71663538887051,1.0,0.0,2.0
159.0,0.0,0.0,0.003160071634954573,0.0,0.0,0.0,65.64028653981829,0.38399283650454274,12.60071634954573,6.735971346018171,15.0,153.0,168.0,0.0,0.0,163.0,162.16007163495456,164.0,0.0,1.0,2.0
148.15377010232083,0.0,0.0037693448465187396,0.0,0.0005384425255802101,0.0,0.0,62.84622989767916,0.5,36.30754020464168,7.723139665585307,31.92311494883958,131.38467242325936,163.30778737209894,2.92311494883958,0.0,153.53844252558022,151.53844252558022,154.0,1.0,0.5384425255802101,2.0
150.0093316198271,0.0,0.0,5.598971896255978e-05,0.00302799485948128,0.0,0.0,72.90668380172907,0.9037326479308373,46.757377884495575,4.831727507412117,148.0186632396542,50.990668380172906,199.0093316198271,8.0,0.027994859481279888,154.0186632396542,149.9906683801729,155.0093316198271,29.1399742974064,1.0,2.0
147.76660567739188,0.0007533211354783769,0.00024667886452162303,0.005273247948348639,0.0007533211354783769,0.0,0.0,39.70018296782435,1.3259963406435131,10.0,10.400182967824346,119.51992681287027,61.2068252387811,180.72675205165137,6.740036593564869,0.0,160.53321135478376,156.27324794834863,160.53321135478376,9.766605677391885,1.0,2.0
144.726461715113,0.0,0.0008206148546609855,0.0021793851453390145,0.0,0.0,0.0,52.914767994208965,0.5726461715113005,10.811693720904039,8.163230857556503,24.547076569773992,141.0,165.547076569774,1.0,0.0,151.35877029067802,151.726461715113,152.452923430226,2.367691424434976,-0.27353828488699516,2.0
145.9754298540481,0.0,0.01,8.190048650636621e-06,0.0,0.0,0.0,71.92628956214428,0.30163800973012733,40.95085970809618,6.92457014595191,35.01638009730127,120.0,155.01638009730127,4.008190048650636,0.00819004865063655,146.99180995134935,145.99180995134935,147.98361990269873,0.0163800973012731,1.0,2.0
143.70246570123834,0.0,0.01,0.0,0.0,0.0,0.0,75.10739710371506,0.4,59.31397230701733,10.461150660577898,80.70246570123835,70.90082190041278,151.60328760165115,2.900821900412784,0.0,144.80164380082556,143.70246570123834,145.70246570123834,1.900821900412784,1.0,2.0
149.19701136827743,0.0,0.0,0.0024089658951677298,0.0,0.0,0.0,52.19701136827742,0.5,62.0,4.5,11.591034104832271,152.60597726344514,164.19701136827743,0.40149431586128825,0.0,160.5985056841387,159.0,161.0,0.5985056841387117,0.0,2.0
143.0,0.0,0.0,0.0005997870939025217,0.0,0.0,0.0,65.60014193739832,0.5199929031300841,27.60014193739832,13.120134840528403,91.40056774959328,72.19992903130084,163.6004967808941,4.599787093902521,0.1999290313008405,144.39985806260168,144.19992903130085,146.19992903130085,2.0,1.0,2.0
143.9798218268555,0.0,0.0,0.0016121069038866967,0.0,0.0,0.0,49.591928730742204,0.7408071269257798,17.816142538515596,7.748878396183577,40.979821826855506,127.04035634628899,168.0201781731445,6.775786192226607,0.20403563462889884,152.5919287307422,153.5919287307422,154.38789309611332,2.204035634628899,0.7959643653711012,2.0
144.55508494930228,0.0,0.0,0.004334745152093141,0.0,0.0,0.0,48.33050969581372,0.7,3.8855946451160035,9.0228810709768,26.669490304186283,140.11016989860457,166.77966020279086,1.4449150506977138,0.0,154.77966020279086,153.33474515209315,154.77966020279086,1.4449150506977138,0.0,2.0
140.0,0.001,0.0,0.006266928703970325,0.0,0.0,0.0,78.26692870397032,0.4,25.131499072207724,6.759764166426708,66.26692870397032,103.0,169.26692870397034,5.733071296029674,0.0,152.26692870397034,147.26692870397034,151.26692870397034,4.0,1.0,2.0
143.76802909947963,0.0,0.008912261895316777,0.0,0.0,0.0,0.0,75.15204364921946,0.26159854502601787,50.54386905234161,5.245613094765839,22.23197090052036,130.23197090052037,152.4639418010407,2.2319709005203583,0.0,149.0799272513009,148.0799272513009,149.4639418010407,0.0,1.0,2.0
141.0,0.0,0.0005640742038462484,0.003188024734615416,0.0,0.0,0.0,60.81197526538458,0.41880247346154165,22.0,7.069222261153874,20.128148407692496,132.05987632692293,152.18802473461542,1.0,0.0,144.37604946923082,143.18802473461542,145.18802473461542,0.18802473461541613,0.18802473461541613,2.0
134.7769228434287,0.0,0.01,0.006289230862628521,0.0007107691373714789,0.0,0.0,48.68615309897183,0.6933846293942783,28.578461725257043,8.961077217279842,50.132307412114436,103.86769258788556,154.0,4.355384568685739,0.0,145.71076913737147,141.7769228434287,144.7769228434287,3.6446154313142607,1.0,2.0
148.13516713794158,0.002,0.0,0.00748654249139778,0.0007837917844853973,0.0,0.0,39.81070680168983,1.013516713794159,10.432416431029205,6.5783791784485395,69.70275070691238,103.7837917844854,173.48654249139778,6.432416431029205,0.0,160.83791784485396,158.13516713794158,161.48654249139778,6.135167137941589,1.0,2.0
140.0,0.001,0.0,0.007,0.0,0.0,0.0,78.55422651413201,0.4,20.891546971735966,6.545773485867983,66.55422651413201,103.0,169.554226514132,5.445773485867983,0.0,152.554226514132,148.0,151.554226514132,3.554226514132017,1.0,2.0
146.98431115937126,0.0,0.0,0.0,0.0,0.0,0.0,60.010459227085825,0.4005229613542913,11.963392705199611,5.503137768125748,10.005229613542912,144.02091845417166,154.02614806771456,0.005229613542912737,0.0,150.01568884062874,149.02614806771456,150.02614806771456,0.0,0.0,2.0
146.0,0.0,0.01,0.0,0.0,0.0,0.0,72.08792608022475,0.5,53.98080596058997,13.256594456016856,111.71702771991572,74.0,185.7170277199157,4.478018479943812,0.0,147.0,146.7609907600281,148.0,2.0,0.0,2.0
150.03531135494023,0.0,0.0,0.0002824908395219126,0.003070622709880478,0.0,0.0,72.57626374071714,0.9141245419760956,45.87003664191235,5.001274723159362,148.07062270988047,50.96468864505976,199.03531135494023,8.0,0.03531135494023907,154.07062270988047,149.92937729011953,155.0,29.45904761422311,1.0,2.0
135.0,0.0,0.01,0.002,0.0,0.0,0.0,65.50853243453754,0.3745733782731232,67.74573378273124,5.127133108634384,25.762798651806303,116.0,141.7627986518063,3.2542662172687677,0.0,136.0,135.0,137.0,0.0,1.0,2.0
147.19007775933906,0.0002024805601652374,0.0,0.003404961120330475,0.0,0.0,0.0,39.6198444813219,0.8797519439834763,13.962791597521438,12.058263607884333,33.39255831950429,135.60744168049573,169.0,3.0,0.0,158.01240280082618,155.60744168049573,158.60744168049573,3.4049611203304746,0.2024805601652374,2.0
143.0,0.0,0.0,0.002874220440358141,0.0,0.0,0.0,64.08385303976124,0.595807348011938,26.08385303976124,11.679660387773177,85.33541215904496,72.95807348011938,158.29348563916435,6.87422044035814,0.5699688092250241,145.91614696023876,144.95807348011937,146.95807348011937,2.0,1.0,2.0
141.83970375651043,0.0013679407513020846,0.0,0.0051602962434895774,0.0,0.0,0.0,68.32971821223956,0.5103822253906254,17.056473989583324,6.247176300520834,66.26411849739583,103.0,169.26411849739583,6.103822253906253,0.0,153.0,150.5755852591146,153.47176300520835,3.6320592486979155,1.0,2.0
146.65386323267614,0.0009807948490142373,0.007980794849014237,0.0009807948490142373,0.0,0.0,0.0,63.69227353464768,0.5,30.038410301971524,8.813443605690034,30.711478685633445,134.96158969802846,165.67306838366193,3.346136767323842,0.0,153.0,151.32693161633807,154.0,1.326931616338079,0.0,2.0
154.7444402516622,0.0025533358490026662,0.0,0.00044666415099733404,0.0,0.0,0.0,57.339992452992,0.570222389933511,1.6377685536568913,5.608443270465423,24.36223144634311,153.0,177.36223144634312,0.8511119496675553,0.5699688092250241,161.2977761006649,161.14888805033243,162.2977761006649,0.8511119496675553,-0.7022238993351106,2.0
144.77758313803915,0.0,0.0,0.0025280210774510743,0.0,0.0,0.0,54.52802107745107,0.4694395784509785,31.694395784509783,7.558231147470548,25.471978922548924,137.5280210774511,163.0,2.0,0.5699688092250241,158.4719789225489,155.08318735352935,157.08318735352935,1.6943957845097852,0.6943957845097851,2.0
145.5066030473128,0.0,0.006,0.0,0.0,0.0,0.0,76.0132060946256,0.21233492381717994,41.6299522854846,4.834363552526419,12.2466984763436,137.0,149.2466984763436,1.0,0.0,142.0,142.0,143.0,0.0,0.0,2.0
144.01466264949102,0.0,0.003003665662372753,1.4662649491010808e-05,0.0,0.0,0.0,58.0623162603368,0.5003665662372753,4.981671688136236,7.810630420880983,26.021993974236516,140.99633433762725,167.01832831186377,1.0,0.0,147.01099698711826,150.99633433762725,151.0,5.978006025763484,-1.0,2.0
135.36619061013695,0.0,0.0,0.0063683095305068485,0.0,0.0,0.0,34.05140483557533,1.1263380938986303,1.8415476525342416,13.905352375594521,70.73873798138358,124.89295248810957,195.63169046949315,3.3683095305068482,0.36830953050684834,151.31478577456164,154.36830953050685,156.10492859152055,8.948595164424669,0.0,2.0
141.1402744166818,0.0,0.004411114952363659,0.0005513893690454574,0.0015513893690454574,0.0,0.0,64.89722126190908,0.4,30.448610630954544,7.179444252381817,36.06528305950003,120.69166378572726,156.75694684522728,2.897221261909085,0.0,144.8972212619091,143.8972212619091,145.8972212619091,3.2055574761818297,0.44861063095454257,2.0
137.22070938202737,0.0,0.0008337871853917891,0.0,0.0008337871853917891,0.0,0.0,66.77929061797263,0.4722070938202737,38.38964530898632,6.1825617848339585,71.5531350112438,89.83651029774252,161.3896453089863,5.277929061797263,0.0,138.22070938202737,136.66485125843283,138.9427803202301,1.555858123594526,0.722070938202737,2.0
148.34141265860478,0.00022760843906985103,0.0013414126586047763,0.0,0.0008861957804650745,0.0,0.0,61.341412658604774,0.48861957804650746,39.11380421953493,6.106532826790627,30.5447831218603,131.25184641488417,161.7966295367445,2.0,0.0,154.34141265860478,152.4552168781397,154.4552168781397,1.0,0.8861957804650745,2.0
139.77913300256034,0.0,0.0008139113316264317,0.0017791330025603526,0.0,0.0,0.0,63.848689660692514,0.3593044334186784,21.593044334186786,7.022086699743965,20.220866997439646,130.96522167093391,151.18608866837357,1.0,0.0,144.0,142.59304433418677,144.59304433418677,0.40695566581321585,0.40695566581321585,2.0
142.04237150911086,0.0007830513963556587,0.0007830513963556587,0.0015661027927113174,0.0,0.0,0.0,61.60847430182217,0.4608474301822171,6.174577094533488,6.217457709453349,13.349154189066976,144.0847430182217,157.43389720728868,1.0,0.0,150.65084581093302,150.86779441457736,152.2593201127552,0.0,0.0,2.0
137.0,0.001,0.0,0.005412621840848624,0.0,0.0,0.0,61.825243681697245,0.4,46.6504873633945,4.976213447745413,22.0,133.0,155.0,2.0,0.0,142.0,140.41262184084863,142.0,0.0,0.0,2.0
150.3043818535032,0.0,0.0,0.001,0.001,0.0,0.0,64.0,1.9695618146496807,8.304381853503193,17.555315838805065,130.0,56.0,186.0,4.086854439490421,0.0,150.0,148.0,151.0,9.695618146496807,1.0,2.0
147.00965479081285,0.0,0.0,0.004983908681978607,0.0,0.0,0.0,48.016091318021395,0.5996781736395721,52.03218263604278,5.197747215477005,17.987126945582887,149.00643652720856,166.99356347279144,1.9935634727914426,0.0,160.00321826360428,158.00321826360428,159.00643652720856,0.0032182636042786816,0.0,2.0
139.76082132508031,0.0,0.008141231987620477,0.0003804106625401593,0.0,0.0,0.0,77.38041066254016,0.2,57.28246397524096,4.452164265016064,11.760821325080318,133.0,144.76082132508031,1.0,0.0,141.14123198762047,139.76082132508031,141.76082132508031,0.0,0.3804106625401593,2.0
146.57802795823457,0.0,0.004066479031324072,0.0,0.0,0.0,0.0,72.48845107308951,0.26445069895586426,65.86704193735186,4.766760484337964,15.222534947793212,136.71098602088273,151.93352096867594,2.0,0.0,147.86704193735184,146.57802795823457,148.57802795823457,0.0,0.6445069895586426,2.0
122.38259199383126,0.0,0.0,0.0007941973312770843,0.0,0.0,0.0,73.79419733127709,0.3411605337445831,59.67814395681877,5.179690659469795,54.46963202467499,79.47234128809586,133.94197331277084,2.7941973312770845,0.0,122.38259199383126,126.6754346933979,124.97098665638542,15.817792148049932,1.0,2.0
150.0,0.0,0.0,0.0,0.0,0.0,0.0,78.0,0.2,50.092990639823135,4.8,11.907009360176868,146.0,157.90700936017686,0.09299063982313216,0.0,154.0,153.90700936017686,155.0,0.0,1.0,2.0
159.0,0.0,0.0,0.005647190932206439,0.0,0.0,0.0,67.76460680084517,0.34117977330516097,17.705618135587123,7.26477523940838,18.706179597464484,151.35280906779357,170.05898866525806,0.0,0.0,163.82359546610323,163.4117977330516,164.82359546610323,0.0,1.0,2.0
141.0,0.0,0.0015570813303416287,0.0035190271101138764,0.0,0.0,0.0,60.480972889886125,0.4519027110113876,22.0,7.367124399102488,22.114162660683256,130.40486444943062,152.51902711011388,1.0,0.0,145.03805422022776,143.51902711011388,145.51902711011388,0.5190271101138763,0.5190271101138763,2.0
129.14604684456864,0.0,0.00643069789637909,0.0010730234222843177,0.0,0.0,0.0,61.926976577715685,0.5,7.576744740947726,11.335767447409477,85.78092973314705,64.14604684456863,149.9269765777157,4.0,0.0,131.86139579275817,130.86139579275817,132.86139579275817,1.3576744740947726,1.0,2.0
138.0,0.0,0.0011297071889659366,0.004870292811034064,0.0009351464055170317,0.0,0.0,57.19456078344891,1.3740585622068127,9.870292811034064,8.809204967723845,131.09204967723844,60.58368235034671,191.67573202758516,9.064853594482969,0.5699688092250241,142.0,127.1945607834489,138.12970718896594,74.09204967723845,0.0,2.0
142.15996757485627,0.0021000810628593438,0.00966037288915298,0.0008400324251437374,0.0004200162125718687,0.0,0.0,59.959805449137576,0.7100081062859344,25.680064850287476,8.215915694626283,116.04019455086242,56.420016212571866,172.4602107634343,7.780145913146819,0.0,147.62017833829054,146.10008106285935,148.7801459131468,4.780145913146819,1.0,2.0
142.80742293979762,0.0015614845879595237,0.0,0.0041925770602023816,0.0,0.0,0.0,62.278431537133336,0.5684453763878571,16.385154120404763,6.7631092472242855,65.43851541204047,103.0,168.4385154120405,7.122969175919048,0.0,152.5614845879595,151.93039211571667,153.80742293979762,3.0,1.0,2.0
128.68198028324852,0.0,0.007242640377664683,0.0033639605664970255,0.0,0.0,0.0,64.36396056649703,0.5439339905583829,14.091881699491077,13.069848264365278,86.19669952791915,67.60660094416171,153.80330047208085,8.485280755329367,0.0,137.72792113299406,135.1672610385779,137.72792113299406,3.1213201888323416,1.0,2.0
139.37907400042127,0.0,0.0006034876665964548,0.0,0.0,0.0,0.0,61.98256166701773,0.5603487666596455,22.793024666807092,12.029416699810428,101.94768500105317,65.05231499894683,167.0,3.396512333403545,0.0,143.0,144.0,144.39651233340354,2.2069753331929096,1.0,2.0
142.20591681605728,0.0,0.0,0.006647064125547276,0.0029705961883209134,0.0,0.0,58.647064125547274,1.0352935874452724,15.647064125547276,5.767637780292268,129.4117434978109,56.76467937226362,186.17642287007453,8.0,0.5699688092250241,145.85298094160456,137.1765130043782,145.52944887883092,43.76467937226362,0.3235320627736378,2.0
149.0,0.0,0.0,0.00580498899968077,0.0,0.0,0.0,61.39002200063846,0.4,56.145121003511534,5.082993399808462,12.80498899968077,146.0,158.80498899968077,1.0,0.0,153.80498899968077,153.0,155.0,0.0,0.19501100031923024,2.0
141.80946216038464,0.0,0.0065869522421796445,0.0,0.0,0.0,0.0,69.42838648115392,0.4,48.58695224217964,9.577749008179499,78.80946216038464,70.26982072012821,149.07928288051286,2.269820720128214,0.0,143.53964144025642,141.80946216038464,143.80946216038464,1.2698207201282143,1.0,2.0
146.60039528144048,0.0,0.0033001976407202485,0.005349901179639876,0.0,0.0,0.0,78.17495058981994,0.44751482305401863,7.673962386218697,9.510138348504174,33.3996047185595,139.47514823054019,172.8747529490997,1.524851769459814,0.0,150.52485176945981,150.0,151.17495058981993,1.174950589819938,-0.8250494101800621,2.0
149.0034886354731,0.0,0.0,0.003010465906419278,0.0,0.0,0.0,60.48430114037108,0.4501744317736546,19.498255682263455,7.302093181283856,19.996511364526906,144.51221022415584,164.50872158868273,1.5017443177365464,0.0,154.99302272905382,156.0034886354731,157.50174431773655,2.0034886354730927,0.4982556822634536,2.0
145.0,0.0002311748374029935,0.0002311748374029935,0.0027688251625970065,0.0,0.0,0.0,51.231174837402996,0.6922941720865669,6.4605920460596815,8.261295097558204,23.768825162597008,141.30823311653734,165.07705827913432,0.9229417208656688,0.0,153.30823311653734,152.30823311653734,153.38529139567166,1.0,0.0,2.0
132.0,0.0,0.004707245353780104,0.000292754646219896,0.0,0.0,0.0,61.175652787731934,0.4,35.175652787731934,5.735130557546388,18.234203716975916,125.70724535378011,143.94144907075602,1.0585509292439792,0.0,133.94144907075602,134.82434721226807,135.82434721226807,0.0,0.0,2.0
141.3423831869606,0.0,0.0,0.005668476637392122,0.0,0.0,0.0,37.6711915934803,1.932066353825515,1.6711915934803039,15.130980371390242,71.98371026347091,121.01900469261727,193.00271495608817,5.331523362607879,0.5699688092250241,158.99728504391183,156.33152336260787,159.33152336260787,9.98914017564727,0.0,2.0
146.0,0.0,0.0,0.003430206045777065,0.0,0.0,0.0,65.0,0.4,40.07551511444266,6.913958790844587,19.645309068665597,136.3546909313344,156.0,1.430206045777065,0.0,150.43020604577706,149.21510302288854,151.21510302288854,1.0,1.0,2.0
143.0,0.0,0.00029231906525908425,0.0,0.0,0.0,0.0,65.70768093474092,0.5292319065259085,28.0,13.909246691362718,93.0,72.0,165.0,4.0,0.0,144.0,144.0,146.0,2.2923190652590844,1.0,2.0
141.5366204239311,0.001577229929344813,0.0023658448940172194,0.0016910802826207482,0.003422770070655187,0.0,0.0,53.113850353275936,2.009753468205166,3.1707755299139038,7.818709120113818,148.4227700706552,51.57722992934481,200.0,11.154459858689625,0.5699688092250241,148.90246531794836,139.32523538860352,147.11385035327595,52.251994540741286,0.21138503532759356,2.0
126.62088339509127,0.0,0.0010345381128832188,0.0,0.0010345381128832188,0.0,0.0,72.58634528220804,0.3965461887116781,50.069878862573105,5.092931850062023,65.3100403791423,97.27630490306575,162.58634528220804,5.517269056441609,0.0,126.62088339509127,126.58634528220804,128.58634528220804,1.0,0.0,2.0
132.35880601226705,0.0,0.01,0.0033205969938664716,0.0,0.0,0.0,64.55980100204451,0.4,61.83721402862313,5.132059699386647,24.119602004089018,116.88039799591098,141.0,2.119602004089019,0.0,133.79900501022254,132.79900501022254,134.79900501022254,0.0,0.5598010020445094,2.0
159.0,0.0,0.0,0.0038847151602377037,0.0,0.0,0.0,65.14745252670629,0.4,11.73726263353142,6.8589810106825135,16.17962021365027,152.1152848397623,168.29490505341258,0.0,0.0,163.29490505341258,162.29490505341258,164.29490505341258,0.0,1.0,2.0
154.0,0.0,0.0,0.0026563855072186233,0.0,0.0,0.0,53.5792768113583,0.9,0.0,12.929734927526518,90.65638550721863,86.76433768142309,177.42072318864172,3.343614492781377,0.0,163.38987971029758,160.01542173917207,161.68722898556274,6.0308434783441305,1.0,2.0
140.17009683086937,0.0,0.0005659806338261247,0.0013020580985216258,0.0005659806338261247,0.0,0.0,65.56598063382613,0.48680387323477503,17.39588380295675,9.62112588013019,35.170096830869376,118.30205809852163,153.472154929391,3.3020580985216257,0.0,144.43401936617389,142.7360774646955,144.86803873234774,2.0,0.5659806338261247,2.0
120.44300214839808,0.0,0.00044300214839808615,8.860042967961723e-05,8.860042967961723e-05,0.0,0.0,72.73419871096115,0.4911399570320383,41.759593984485356,2.8164220194942007,65.5062073045535,61.11399570320383,126.62020300775733,2.2658012890388517,0.0,120.44300214839808,135.75959398448535,121.35440171871846,66.70936949274717,1.0,2.0
146.89694023644395,0.0,0.0007793880472887888,0.0013236717162672675,0.0007793880472887888,0.0,0.0,61.441223905422426,0.5,38.117552189155155,6.344122390542242,31.441223905422422,129.55877609457758,161.0,2.4412239054224223,0.0,152.45571633102153,150.67632828373274,152.67632828373274,0.7793880472887887,0.7793880472887887,2.0
141.01774705936262,0.0,0.009571604705019821,0.0004017747059362612,0.0,0.0,0.0,64.80354941187252,0.4598225294063739,13.607098823745044,9.493788529223085,82.99112647031869,70.41064823561757,153.40177470593625,1.598225294063739,0.0,145.0088735296813,143.60709882374505,145.0088735296813,2.196450588127478,1.0,2.0
139.11469508608647,0.0007356631142391898,0.005551074600977014,0.0,0.0,0.0,0.0,71.05734754304324,0.373566311423919,43.24193605630542,5.704480165891079,62.82795737087028,133.20698934271758,196.03494671358786,2.73566311423919,0.0,141.32168442880405,142.52867377152162,143.79301065728242,2.4713262284783797,-1.0,2.0
138.0264398177128,0.0,0.0,0.0039966950227859,0.0,0.0,0.0,45.00495746582115,0.999834751139295,19.966950227858995,12.30066099544282,98.98512760253655,81.0198298632846,180.00495746582115,7.9933900455717986,0.5699688092250241,162.00826244303525,156.00826244303525,159.0066099544282,8.0,1.0,2.0
143.0,0.0,0.0018662266626871154,0.0009331133313435577,0.0,0.0,0.0,61.334433343282214,0.5933113331343558,17.735753355220865,14.339801998209202,84.60198001790798,73.86622666268711,158.4682066805951,9.598679988061345,0.5699688092250241,144.93311333134355,144.0,146.0,2.9331133313435576,1.0,2.0
138.21691320418327,0.001285130399070383,0.0025020436032536595,0.0,0.0,0.0,0.0,62.28513039907038,0.5,7.642565199535191,6.865482681905715,35.14460880278885,130.14052159628153,165.2851303990704,1.714869600929617,0.0,142.07230440139443,142.3574348004648,143.3574348004648,1.0,-0.6425651995351915,2.0
142.7362558401178,0.001578751946705928,0.01,0.001578751946705928,0.000421248053294072,0.0,0.0,67.57503893411857,0.5578751946705928,7.161216905999224,9.946508565506084,52.736255840117785,123.89375973352963,176.63001557364743,2.8424961065881442,0.0,155.15750389341184,150.89375973352963,153.7362558401178,5.842496106588144,0.0,2.0
139.81911317645884,0.0,0.0006361773647082327,0.001091467905875302,0.0006361773647082327,0.0,0.0,65.63617736470823,0.4727645270583535,17.817064188249397,9.164847129396488,34.819113176458835,118.0914679058753,152.91058108233415,3.0914679058753016,0.0,144.36382263529177,142.45529054116707,144.72764527058354,2.0,0.6361773647082327,2.0
138.4295741107163,0.001571303236160464,0.01,0.000214348381919768,0.000214348381919768,0.0,0.0,56.143483819197684,1.1929135437277911,9.785651618080232,17.555315838805065,131.57130323616047,63.856516180802316,195.4278194169628,8.285212944641856,0.0,150.0,144.07174190959884,147.07174190959884,11.356954854240696,0.21434838191976802,2.0
144.23667238184677,0.0,0.0017633276181532255,0.0005916809546169366,0.0,0.0,0.0,74.28998285445968,0.3,57.64499142722984,4.071001714554033,10.118336190923387,144.1183361909234,154.23667238184677,1.7633276181532254,0.0,151.1183361909234,150.0,152.0,0.0,0.8816638090766127,2.0
150.0,0.0,0.0,0.005590095110303712,0.0,0.0,0.0,56.409904889696286,0.5,19.0,7.818019022060743,19.40990488969629,147.5900951103037,167.0,2.4099048896962882,0.0,157.91885867635546,157.0,158.4099048896963,4.639619558785153,0.0,2.0
148.0,0.0,0.0031601977143643828,0.004,0.0,0.0,0.0,78.35920914254247,0.4320395428728766,3.359209142542469,10.112138400055068,21.922372572372595,140.0,161.92237257237258,1.0,0.0,150.0,150.8398022856356,152.67960457127123,0.8398022856356172,-0.1601977143643828,2.0
144.24250572100433,0.000767665903866088,0.00575749427899566,0.0006161670480669559,0.0006161670480669559,0.0,0.0,60.16167048066956,1.616167048066956,8.767665903866089,17.555315838805065,130.7676659038661,59.83832951933044,190.60599542319653,6.91916475966522,0.0,150.0,146.08083524033478,149.08083524033478,10.767665903866089,0.616167048066956,2.0
150.85625545754561,0.0,0.0,0.001712510915091254,0.0,0.0,0.0,56.85314955895532,0.45718722712271864,64.14063864386407,4.243123362736312,12.287489084908746,151.4281277287728,163.71561681368155,0.42812772877281347,0.0,160.5718722712272,158.5718722712272,160.5718722712272,0.5718722712271865,0.42812772877281347,2.0
145.0,0.0,0.01,0.0,0.0,0.0,0.0,77.0,0.2,45.0,5.8,21.0,129.0,150.0,1.0,0.0,146.0,145.0,147.0,0.0,1.0,2.0
144.0,0.00018447625313363936,0.0,0.0056310474937327215,0.0,0.0,0.0,44.81552374686636,0.7184476253133639,0.3689525062672787,10.187400131580644,30.55342875940092,138.26209498746545,168.81552374686635,2.368952506267279,0.0,157.9223812656682,155.36895250626728,157.55342875940093,2.553428759400918,0.18447625313363936,2.0
133.81117720826146,0.0,0.0031888227917385584,0.0014489417666091536,0.0,0.0,0.0,61.0,0.4,34.63776455834771,5.772447088330458,16.913293675043136,128.17341264991373,145.08670632495688,1.0,0.0,136.8978835332183,136.81117720826146,138.17341264991373,0.0,0.0,2.0
142.32390969006454,0.0,0.007024737063580575,0.0,0.0,0.0,0.0,65.66548871125806,0.4,9.669022577483865,7.833804515496773,21.330977422516135,134.33097742251613,155.66195484503228,1.0,0.0,146.9964661337742,146.66195484503228,147.9964661337742,0.33451128874193214,0.0,2.0
145.05239341706414,0.0,0.0,0.001,0.0009738032914679353,0.0,0.0,62.10478683412826,0.49738032914679353,8.209573668256517,10.029268886963425,86.81662304027554,70.10478683412826,156.9214098744038,1.0,0.5699688092250241,148.0,145.02619670853207,148.0,3.9214098744038055,1.0,2.0
144.02419176389137,0.0,0.0019516164722172896,2.4191763891355244e-05,2.4191763891355244e-05,0.0,0.0,47.36287645837033,0.7927424708325934,10.927424708325935,13.515328826380257,89.92742470832593,73.90323294443458,163.83065765276052,4.9032329444345795,0.5699688092250241,152.87904118054323,150.85484941665186,151.9032329444346,3.024191763891355,1.0,2.0
140.0,0.0,0.0,0.004336605912648454,0.0,0.0,0.0,46.99018226205464,0.9841514781621132,20.158485218378868,9.769284730118763,38.85133251956649,133.14866748043352,172.0,1.8316970436757734,0.5699688092250241,151.0,151.66339408735155,151.83169704367577,3.1683029563242266,0.0,2.0
134.91149566980968,0.0,0.01,0.0,0.0008192124299184373,0.0,0.0,70.63464595013593,0.32730708099728123,21.365354049864063,8.33577962304622,30.088504330190315,116.91149566980968,147.0,1.7269291900271875,0.0,135.45763728975533,136.54614161994562,137.36535404986407,3.2730708099728125,0.2730708099728124,2.0
138.7830548051342,0.0,0.01,0.0,0.0,0.0,0.0,71.40960616880592,0.3518078766238816,27.409606168805922,9.277118149358223,56.07231506495526,128.92768493504474,185.0,3.554236298716446,0.0,138.7830548051342,139.85536987008948,141.33729110385067,2.554236298716446,-1.0,2.0
133.88343245665405,0.0,0.006908920984878588,0.004506372132056135,0.0,0.0,0.0,65.20764655846736,0.5298725573588773,20.506372132056136,14.329872557358877,84.0,72.59745114717755,156.59745114717754,11.402548852822454,0.29872557358877305,143.59745114717754,141.1949022943551,143.8961767207663,3.701274426411227,1.0,2.0
139.11864150976933,0.0,0.005118641509769319,0.0,0.0,0.0,0.0,74.76271698046136,0.4,48.186415097693185,9.294913207815455,78.94067924511533,66.17796226465398,145.11864150976933,5.762716980461362,0.0,140.23728301953864,139.17796226465398,141.17796226465398,2.0,1.0,2.0
148.70351620567112,0.0,0.01,0.0,0.0,0.0,0.0,74.03718703546309,0.27407032411342264,44.25929675886577,6.91105486170134,24.703516205671132,128.2592967588658,152.9628129645369,2.4814064822684525,0.0,148.9628129645369,147.9628129645369,149.9628129645369,0.0,1.0,2.0
144.28137274904427,0.0,0.0,0.0031482840636946753,0.0,0.0,0.0,55.148284063694675,0.4570343187261065,31.570343187261066,7.297720693248236,24.851715936305325,138.1482840636947,163.0,2.0,0.5699688092250241,157.8517159363053,154.7110295617832,156.7110295617832,1.570343187261065,0.5703431872610649,2.0
141.25453949903078,0.0,0.006981842003876815,0.0,0.0,0.0,0.0,74.36365125242301,0.3,49.0,4.689088824660779,9.509078998061593,136.1272697495154,145.636348747577,1.0,0.0,143.3818092485462,141.3818092485462,143.3818092485462,0.0,0.8727302504846018,2.0
128.79033216604097,0.0,0.0034225978988737223,0.0006322657328327653,0.0,0.0,0.0,76.57740210112628,0.21580664332081914,31.525800700375427,6.61032028015017,16.209667833959045,127.31613286641638,143.5258007003754,1.8419335667918086,0.0,133.63226573283276,135.0,135.31613286641638,1.6838671335836173,0.0,2.0
145.93050708923138,0.0,0.0,0.0035583042535388323,0.0,0.0,0.0,51.930507089231384,0.5813898582153723,14.116608507077665,8.22555943286149,23.069492910768613,142.30270992492393,165.37220283569255,1.1861014178462774,0.0,153.0,152.93050708923138,153.93050708923138,1.3722028356925546,0.0,2.0
144.8026433097957,0.0,0.0,0.003592070070612869,0.0,0.0,0.0,49.81585985877426,0.7,5.618503168569973,8.676299366286006,25.18414014122574,140.60528661959142,165.78942676081715,1.1973566902042896,0.0,153.78942676081715,152.59207007061286,153.78942676081715,1.1973566902042896,0.0,2.0
144.4581868867379,0.001374560660213678,0.001374560660213678,0.0,0.0,0.0,0.0,58.33450490609686,0.5458186886737892,2.709065566310537,6.329093443368946,15.581868867378926,146.6254393397863,162.20730820716525,0.5418131132621073,0.0,154.83274754695157,154.91637377347578,156.3745606602137,0.45818688673789265,0.0,2.0
143.17031127914646,0.0004829688720853552,0.0,0.0034829688720853552,0.0,0.0,0.0,40.41484436042678,0.9965937744170711,18.448906616256068,11.765328015123181,38.829688720853554,132.10218676748786,170.93187548834143,5.414844360426776,0.5699688092250241,159.41484436042677,155.0,158.48296887208537,5.414844360426776,0.4829688720853552,2.0
138.0,0.0,0.01,0.004599560082752169,0.002,0.0,0.0,59.13347997241594,0.5,23.730840468928957,5.407223895180587,53.06564019308839,100.40043991724784,153.46608011033624,4.733040055168113,0.0,146.59956008275216,144.33260013792028,147.46608011033624,3.1334799724159437,1.0,2.0
137.48360908254276,0.0009193984862428754,0.001692631788899618,0.005516390917457252,0.0,0.0,0.0,63.16120302751425,0.39193984862428755,48.51639091745725,4.937022573387112,22.16120302751425,132.83879697248574,155.0,2.0,0.0,142.40300756878563,141.3224060550285,142.40300756878563,0.08060151375712465,0.0,2.0
144.72793930697375,0.0,0.0013603034651311742,0.0,0.0007279393069737652,0.0,0.0,65.72793930697377,0.4,28.27939306973765,7.726472831631482,29.183817920921296,125.36030346513117,154.54412138605247,3.4558786139475304,0.0,147.08824277210493,145.27206069302625,147.27206069302625,1.5441213860524696,1.0,2.0
140.9929223047106,0.0,0.0029787669141317988,0.0,0.0,0.0,0.0,62.5106165429341,0.59929223047106,44.4469172853295,9.883721300834377,77.4893834570659,77.5460050193811,155.035388476447,8.475228066487098,0.0,141.9929223047106,140.9929223047106,142.9929223047106,1.9929223047105995,1.0,2.0
141.94204508169375,0.001126298594769641,0.01,0.0033105521078455385,0.0008737014052303591,0.0,0.0,53.931656323536615,0.612629859476964,18.115909836612513,5.8010388758157125,60.19464227123302,101.68944789215446,161.8840901633875,6.689447892154462,0.0,150.37889578430892,150.6314929738482,152.50519437907857,3.0,1.0,2.0
150.2704917713476,0.0014590164573047935,0.0,0.0021639341707808263,0.0035409835426952066,0.0,0.0,50.786884798866446,1.3729508228652396,11.352458856738016,11.667213165843835,146.35245885673802,51.45901645730479,197.8114753140428,8.0,0.27049177134760327,158.1885246859572,152.37704937191438,156.45901645730478,20.844261369080495,1.0,2.0
152.0,0.0,0.0,0.004296538696973329,0.0,0.0,0.0,61.53102579798222,0.4,59.0,5.951730651513335,27.110383909080014,134.35859029293778,161.4689742020178,0.7034613030266708,0.23448710100889025,159.23448710100888,156.23448710100888,158.4689742020178,1.0,1.0,2.0
123.01925518571772,0.0,0.0007945408383467678,0.0,0.0,0.0,0.0,73.3178163353387,0.4841091832330646,43.63563267067742,3.480575540151604,66.3836225150403,62.63563267067742,129.01925518571772,2.6356326706774142,0.0,123.17816335338708,137.3178163353387,124.17816335338708,61.7175200954759,1.0,2.0
145.0,0.001169324551567076,0.001169324551567076,0.0012204502989552825,0.0,0.0,0.0,50.948874252611795,0.6,1.830675448432924,9.651125747388207,24.661350896865848,141.9488742526118,166.61022514947763,0.0,0.0,158.22045029895529,156.0,158.0,2.2204502989552823,0.6102251494776413,2.0
132.59393775316695,0.0,0.0012181867404991696,0.0060525214240562016,0.0,0.0,0.0,45.16566531644297,0.7593937753166944,27.969688765834718,11.01050428481124,48.676770411388425,104.51110509494546,153.18787550633388,4.0,0.0,144.59393775316695,139.72929183544463,142.86464591772233,4.0,1.0,2.0
145.74587474191287,0.0,0.0,0.0,0.0,0.0,0.0,63.0,0.4,24.74037439779668,10.002200137646474,31.994499655883818,122.50275017205809,154.4972498279419,3.7513750860290456,0.24862491397095432,146.99449965588383,145.24312456985479,147.99449965588383,1.0,1.0,2.0
144.5695515626714,0.0,0.0,0.006313910312534279,0.0,0.0,0.0,39.284775781335696,1.4802627812260045,3.2847757813356977,14.291916593705437,66.17480718719149,127.79605828160993,193.9708654688014,4.686089687465721,0.5699688092250241,158.0291345311986,155.6860896874657,158.6860896874657,6.116538124794326,0.0,2.0
142.91322924216692,0.0002169268945827101,0.0009978637150804652,8.677075783308417e-05,4.338537891654208e-05,0.0,0.0,64.4793754530015,0.521692689458271,24.17354151566617,10.174396029633982,111.5206245469985,56.04338537891654,167.56400992591506,4.390468410248879,0.0,143.47723916808195,144.2169268945827,145.39046841024887,1.3904684102488787,1.0,2.0
159.0,0.0018620839672871578,0.0,0.008931041983643579,0.0,0.0,0.0,58.55166413085137,0.49310419836435787,13.0,8.034479008178211,40.75875570558442,146.20687404906926,186.9656297546537,1.8620839672871576,0.0,166.86208396728716,171.44833586914862,173.44833586914862,7.4483358691486306,0.06895801635642118,2.0
148.0,0.0,0.0,0.0,0.0,0.0,0.0,65.0,0.4,20.942945278848747,6.511410944230251,17.228218884605017,144.771781115395,162.0,0.05705472115125432,0.0,156.05705472115125,155.0,157.0,0.05705472115125432,0.05705472115125432,2.0
130.0,0.0,0.0022821870746932,0.0,0.0022821870746932,0.0,0.0,74.7178129253068,0.32821870746932,59.227510207363196,2.21287482987728,60.0,105.0,165.0,6.0,0.0,130.2821870746932,128.7178129253068,131.0,1.5643741493864003,0.0,2.0
147.47658863252818,0.0,0.0025702341024154357,0.0,0.000738294316264094,0.0,0.0,62.046822734943625,0.5,37.168060213848655,7.137458187954899,31.523411367471812,130.78511705120772,162.30852841867954,2.523411367471812,0.0,153.7382943162641,151.7382943162641,154.0,1.0,0.738294316264094,2.0
145.012084803712,0.0,0.006,0.0,0.0,0.0,0.0,75.024169607424,0.2246978799072,41.259063602784,5.0692597182367996,12.493957598144,137.0,149.493957598144,1.0,0.0,142.0,142.0,143.0,0.0,0.0,2.0
145.81250916104207,0.0,0.004187490838957927,0.0,0.0,0.0,0.0,77.90625458052104,0.2,57.46872709739482,4.253127290260518,12.0,137.09374541947895,149.09374541947895,1.0937454194789633,0.0,144.0,143.09374541947895,145.09374541947895,0.0,0.0,2.0
145.0,0.0,0.0,0.002750453800150494,0.0,0.0,0.0,50.50090760030099,0.6,10.504538001504939,9.12350245950337,24.748638599548517,140.7504538001505,165.499092399699,0.7504538001504939,0.0,154.49727719909703,152.99818479939802,154.24773099924752,1.4990923996990122,0.2495461998495061,2.0
150.1841508216141,0.0,0.0,0.001631698356771786,0.0,0.0,0.0,48.815849178385896,0.5728050273871369,66.36830164322821,4.135974863064315,8.0,154.27194972612864,162.27194972612864,0.271949726128631,0.0,159.27194972612864,158.27194972612864,160.27194972612864,0.0,0.0,2.0
137.72180521274612,0.0,0.0,0.0,0.0,0.0,0.0,63.24060173758204,0.5,36.24060173758204,7.524060173758204,91.18796524835928,74.12782258856647,165.31578783692575,3.4812034751640724,0.0,142.51879652483592,140.75939826241796,142.75939826241796,1.0,1.0,2.0
142.6507804726484,0.0,0.01,0.0,0.0,0.0,0.0,73.7513007877473,0.4,63.69843905470324,10.689947968490108,79.65078047264838,70.10052031509892,149.7513007877473,2.55026015754946,0.0,144.55026015754947,143.10052031509892,145.10052031509892,2.0,1.0,2.0
141.77671055695518,0.0,0.005106842227820724,0.0,0.0,0.0,0.0,62.33973665826891,0.6330131670865543,50.21368445564145,11.530131670865543,78.77671055695518,70.77671055695518,149.55342111391036,9.767105569551813,0.0,143.0,141.77671055695518,143.77671055695518,2.553421113910362,1.0,2.0
141.19609847269317,0.004673169212178074,0.01,0.0018692676848712296,0.0009346338424356148,0.0,0.0,52.86926768487123,1.0065366157564386,26.823409163841067,6.278541599812357,122.47707073948492,57.915126205901394,180.3921969453863,12.73853536974246,0.0,153.9346338424356,149.13073231512877,153.9346338424356,9.73853536974246,1.0,2.0
138.97514238734678,0.0005124288063266157,0.0,0.0049751423873467685,0.0,0.0,0.0,42.51242880632662,1.2462713581020153,18.049715225306464,11.202485761265324,45.950284774693536,126.56214403163308,172.51242880632662,4.58700164428631,0.5699688092250241,156.63671686959276,152.56214403163307,155.0994304506129,6.049715225306462,0.5124288063266157,2.0
130.26890880146627,0.0009663863998167173,0.01,0.004067227200366565,0.004899159199450152,0.0,0.0,26.109248806048328,1.8731091198533738,0.5042040027492395,8.252940959743405,140.69747759835045,57.10084080054985,197.7983183989003,13.246502024899133,0.06722720036656527,129.4033632021994,125.23529520128298,131.3361360018328,35.403363202199394,0.0,2.0
146.68673398272324,0.0,0.0,0.00043857242418748166,0.0,0.0,0.0,60.0,0.4,11.749387186178582,5.63783704760178,10.626532034553545,143.49877437235716,154.1253064069107,0.0,0.0,149.81204038963395,148.81204038963395,149.8746935930893,0.06265320345535452,0.0,2.0
147.0643745334441,9.356254665558901e-05,0.0,0.003093562546655589,0.0,0.0,0.0,38.467812733277945,0.9187125093311178,17.280687639966768,12.115793708009969,34.93562546655589,134.43862472006646,169.37425018662236,3.4678127332779454,0.1871250933111781,157.46781273327795,155.0,158.0935625466556,3.4678127332779454,0.09356254665558905,2.0
137.0,0.001,0.0,0.00527849074223519,0.0,0.0,0.0,60.860754628882404,0.4,43.32905554658886,5.197471759782316,22.0,133.0,155.0,2.0,0.0,142.0,140.0,142.0,0.13924537111759516,0.0,2.0
130.59726204682565,0.0,0.004675793177247829,0.005,0.0,0.0,0.0,64.0,0.4,45.48126908359653,5.832420682275217,22.467579317724784,119.59726204682565,142.06484136455043,1.532420682275217,0.0,132.06484136455043,131.06484136455043,132.53242068227522,0.0,0.0,2.0
130.53342638439577,0.0,0.007355617589597173,0.0017667131921978805,0.0,0.0,0.0,60.4110956026007,0.5411095602600706,9.889043973992933,11.44110956026007,83.69986042340636,65.53342638439577,149.23328680780213,4.0,0.0,134.53342638439577,133.12233078179506,135.12233078179506,2.0,1.0,2.0
150.87391006367042,0.003,0.001042029978776528,0.0,0.0,0.0,0.0,55.30531334748231,0.6,0.0,5.816811991510612,24.263283368705785,150.22125338992925,174.48453675863504,0.6526566737411573,0.5699688092250241,159.61062669496462,159.2632833687058,160.61062669496462,1.0,-0.6526566737411573,2.0
149.10183319744002,0.0,0.0,0.00040066661725091015,0.0,0.0,0.0,65.4006666172509,0.38998333456872725,21.0,6.489983334568727,16.799666691374544,145.8013332345018,162.60099992587635,0.0,0.0,156.7011665801891,155.8013332345018,157.7011665801891,0.0,0.10016665431272753,2.0
130.1745871742039,0.0,0.0031964105709794055,4.3646793550979006e-05,0.0029781766032245106,0.0,0.0,73.69447244514315,0.40218233967754896,41.7817660322451,2.593840606134605,59.91270641289804,104.95635320644902,164.86905961934707,5.956353206449021,0.0,131.4364679355098,128.34917434840784,131.30552755485687,3.130940380652937,0.0218233967754895,2.0
126.99136905852677,0.0,0.005,0.0003362103138244109,0.0,0.0,0.0,70.64652780322912,0.3,40.68968251059529,6.662926592028265,21.66378968617559,118.63789686175589,140.30168654793147,0.6637896861755891,0.0,127.65515874470236,127.98273811705353,129.31894843087795,0.6637896861755891,0.0,2.0
147.74376103949484,3.6605565786449585e-05,0.001695505749942542,3.6605565786449585e-05,0.001,0.0,0.0,60.9267888684271,0.5,38.96339443421355,6.29267888684271,31.256238960505147,129.67054990792195,160.9267888684271,2.0366055657864495,0.0,154.0,151.89018330264065,154.0,1.2562389605051472,1.0,2.0
144.0,0.0,0.01,0.0,0.0,0.0,0.0,76.0,0.4,61.0,10.6,81.0,71.0,152.0,3.0,0.0,145.0,144.0,146.0,2.0,1.0,2.0
152.0,0.0,0.0,0.0021895326139007246,0.0,0.0,0.0,60.126355075933816,0.4,57.126355075933816,7.84837390887942,35.30504708236401,128.50542030373526,163.81046738609928,1.8736449240661837,0.0,159.9368224620331,156.9368224620331,159.87364492406618,1.9368224620330918,1.0,2.0
138.10451575857203,5.225787928602377e-05,0.01,0.002209031517144095,0.0018954842414279525,0.0,0.0,60.940641827148426,0.4947742120713976,31.73871060356988,6.810451575857204,56.52257879286024,103.0,159.52257879286023,4.104515758572047,0.0,151.05225787928603,144.15677363785807,145.31354727571613,8.738710603569881,1.0,2.0
140.0,0.001,0.0,0.006418793319074162,0.0,0.0,0.0,78.41879331907415,0.4,24.06844676648087,6.623086012833254,66.41879331907415,103.0,169.41879331907415,5.581206680925838,0.0,152.41879331907415,147.41879331907415,151.41879331907415,4.0,1.0,2.0
131.60157790962052,0.0,0.0007804733728861535,0.0,0.0,0.0,0.0,68.60157790962052,0.3739842209037949,4.601577909620511,8.319526627113847,19.219526627113847,123.56094674577231,142.78047337288615,0.26015779096205116,0.26015779096205116,134.0812623276964,134.0812623276964,135.0812623276964,0.7398422090379488,0.26015779096205116,2.0
147.92328385992292,0.002,0.0,0.007115746754865108,0.0007308209649807298,0.0,0.0,40.49932745525051,0.992328385992292,10.53835807003854,6.573082096498073,69.38492578988438,103.73082096498074,173.1157467548651,6.538358070038541,0.0,160.3082096498073,157.92328385992292,161.1157467548651,5.923283859922919,1.0,2.0
142.9625941809945,0.0,0.00014962327602202619,0.0,0.0,0.0,0.0,70.09351454751376,0.3,49.0,5.286907963348073,12.925188361988987,136.98129709049724,149.90648545248624,1.0,0.0,145.94389127149174,143.94389127149174,145.94389127149174,0.0,0.01870290950275333,2.0
138.28265031222125,0.0007434699375557522,0.0010261202497769913,0.004460819625334513,0.0,0.0,0.0,64.28265031222124,0.37434699375557523,46.43469937555752,5.2874071186440705,20.204289562890267,133.76959018733274,153.973879750223,1.7434699375557523,0.0,142.0,141.25653006244426,142.25653006244426,0.0,0.0,2.0
132.8126190221111,0.0,0.0058875714132666694,0.002691650797051851,0.001308349202948149,0.0,0.0,60.0,0.5345825398525925,5.88757141326667,9.287903177494073,48.72912699262963,96.42931742800741,145.15844442063704,3.3458253985259256,0.0,137.4293174280074,134.4667936235852,137.77514282653334,3.3083492029481487,1.0,2.0
144.61331657068183,0.0,0.007811414203441559,0.0,0.0,0.0,0.0,76.80190236724026,0.3,18.415218937922077,5.057526922587662,12.9904881637987,135.21712130516235,148.20760946896104,0.19809763275974013,0.19809763275974013,141.60380473448052,142.4057071017208,144.20760946896104,0.0,0.19809763275974013,2.0
144.0,0.00043466974542839007,0.0,0.00513066050914322,0.0,0.0,0.0,44.56533025457161,0.743466974542839,0.8693394908567802,10.71280646539962,31.30400923628517,137.26132101828645,168.56533025457162,2.86933949085678,0.0,159.17334872714196,155.8693394908568,158.30400923628517,3.3040092362851703,0.4346697454283901,2.0
139.39179746006502,0.0,0.002463932486688336,0.0018557299467533447,0.0,0.0,0.0,64.28854010649331,0.39278649733766724,21.463932486688336,7.478359492013002,23.391797460065007,128.0,151.39179746006502,1.0,0.0,144.92786497337667,142.92786497337667,144.92786497337667,1.0,1.0,2.0
144.86002664815769,0.001972005329631537,0.0,0.0021399733518423147,0.0,0.0,0.0,50.78385077031696,0.691601598889461,12.27994670368463,6.516796802221077,65.02799467036846,103.0,168.02799467036846,7.944010659263074,0.0,152.97200532963154,154.80403730742077,155.86002664815769,3.0,1.0,2.0
146.0,0.0,0.0,0.0033914727273035338,0.0,0.0,0.0,65.21705454539293,0.4,32.217054545392934,7.0782945454607065,19.0,137.60852727269648,156.60852727269648,1.3914727273035334,0.0,150.0,147.0,150.0,1.0,0.0,2.0
132.14555734878138,0.0,0.00834950637208682,0.002,0.0006990127441736376,0.0,0.0,56.747531860434094,0.5650493627913181,3.1455573487813693,9.740789804661091,54.15542990704499,101.69901274417364,155.85444265121862,3.0,0.0,141.3980254883473,138.69901274417364,141.3980254883473,2.6990127441736376,0.3495063720868188,2.0
134.48324520354313,0.0,0.0020537241279828004,0.006201329505784467,0.0,0.0,0.0,61.597340988431064,0.6771808430224133,58.11409578488794,10.299335247107766,126.06037165690513,72.22819156977587,198.288563226681,7.5436168604482665,0.5699688092250241,134.59734098843106,133.711436773319,135.59734098843106,2.0,0.0,2.0
140.41994925975897,0.0,0.0,0.004546259513795196,0.0,0.0,0.0,37.81496194481922,2.1731297568975982,0.0,15.500885465174715,79.81496194481922,110.82381659656637,190.6387785413856,5.697506342530131,0.5699688092250241,161.05872780114453,157.60498731493973,160.4537404862048,13.092519027590393,0.15124682873493456,2.0
138.0,0.0,0.00022531692995123509,0.005,0.001,0.0,0.0,57.0,1.3225316929951236,10.774683070048765,9.907087991063394,132.0,60.0,192.0,10.54936614009753,0.5699688092250241,140.45063385990247,126.22531692995123,137.22531692995125,75.0,0.0,2.0
148.0,0.0,0.01,0.0,0.0,0.0,0.0,70.74516669329851,0.3250966661340298,61.007733290722385,4.450579996804179,14.250966661340298,139.0,153.2509666613403,1.7528999840208939,0.0,150.0,148.2509666613403,150.2509666613403,0.0,1.0,2.0
144.0,0.0,0.0025518481735234133,0.0011950715372708977,0.0,0.0,0.0,61.0,0.4,8.298767884317725,6.834445547942976,16.59753576863545,139.40246423136455,156.0,0.2987678843177244,0.0,148.0,146.85061605784114,148.85061605784114,0.1493839421588622,0.0,2.0
125.0,0.0,0.005,0.001,0.0,0.0,0.0,66.56122278828252,0.3,52.17345067110777,5.294899490545728,17.071440482022325,113.68366836484758,130.7551088468699,0.5612227882825249,0.0,125.0,124.0,126.0,0.0,0.5612227882825249,2.0
148.0,0.0015701727341230994,0.005233909113743665,0.0015701727341230994,0.0,0.0,0.0,62.90643635450253,0.45233909113743664,23.1403454682462,7.066373637962057,23.616954556871832,139.95321817725127,163.5701727341231,1.5233909113743664,0.0,154.90643635450255,153.4298272658769,155.4298272658769,1.5233909113743664,0.47660908862563356,2.0
135.11476887186922,0.0,0.01,0.002,0.0,0.0,0.0,66.88523112813078,0.31147688718692174,66.3113867687847,5.511476887186921,27.54092451252313,117.2624575905614,144.80338210308452,3.6556933843923476,0.0,136.6886132312153,135.57384435934608,137.57384435934608,0.0,0.8852311281307825,2.0
145.86013969334942,0.0,0.0,0.002860139693349435,0.0,0.0,0.0,65.69930153325282,0.38601396933494353,39.13986030665056,6.76223747869404,18.300698466747175,137.27972061330112,155.5804190800483,1.0,0.0,149.44055877339775,148.5804190800483,150.44055877339775,0.860139693349435,0.860139693349435,2.0
146.0,0.0,0.0,0.0035543713935830327,0.0,0.0,0.0,65.0,0.4,40.385928483957585,6.889125721283394,19.83155709037455,136.16844290962544,156.0,1.5543713935830326,0.0,150.55437139358304,149.27718569679152,151.27718569679152,1.0,1.0,2.0
139.3383418095,0.0009323316380999984,0.01,0.0,6.766836190000159e-05,0.0,0.0,54.40601017140001,0.8796994914299996,3.2706734476000063,9.33909847429,120.25564801909998,55.1353367238,175.39098474289997,5.7969949142999955,0.5699688092250241,153.32331638099998,147.1353367238,148.0676683619,9.067668361900001,1.0,2.0
152.0,0.0,0.0,0.002292164902770231,0.0,0.0,0.0,60.29216490277023,0.4,59.04515431939162,7.44488668473656,35.41567019445954,128.29216490277022,163.70783509722978,2.2921649027702315,0.2921649027702313,160.0,157.0,160.0,1.7078350972297687,1.0,2.0
135.9340031745456,0.0,0.005804767521398522,0.0037176910867132303,0.0,0.0,0.0,64.26122930405587,0.5456461782657354,19.71769108671323,14.345646178265737,84.0,72.91292356531471,156.9129235653147,11.087076434685292,0.45646178265735393,143.9129235653147,141.82584713062943,144.36938534797207,3.543538217342646,1.0,2.0
150.264471888279,0.0018365493085064435,0.003673098617012887,0.0004903520744806696,0.0,0.0,0.0,63.59137327126611,0.4,39.34619723402577,4.738933087769523,26.591373271266107,141.0,167.59137327126612,1.9182746542532216,0.0,156.83654930850645,155.75482396275967,157.75482396275967,1.0,0.0,2.0
124.83320256611462,0.0,0.002291503207643282,0.0005416993584713436,0.0,0.0,0.0,65.16679743388538,0.5541699358471344,16.4590852448409,12.004209166012746,100.37568652789821,55.49960769834388,155.8752942262421,5.62509807541403,0.0,126.83320256611462,125.29150320764329,127.29150320764329,1.5416993584713437,1.0,2.0
138.0,0.0,0.0005153037128699531,0.005,0.0005153037128699531,0.0,0.0,58.93878514852019,1.2061214851479811,10.969392574260095,9.433165915843052,125.21425198017934,64.36226658417043,189.57651856434975,10.45408886139014,0.5699688092250241,141.0306074257399,128.45408886139015,138.9693925742601,65.30607425739906,0.0,2.0
148.34225459836725,0.0,0.0011604217811429303,0.0008342254598367243,0.001663098160653103,0.0,0.0,63.50267637951017,1.8176480058203968,9.326196321306206,17.555315838805065,129.83422545983672,57.326196321306206,187.16042178114293,5.663098160653103,0.16577454016327575,148.6738036786938,146.34225459836725,149.34225459836725,10.165774540163277,0.8342254598367242,2.0
152.0,0.0,0.0,0.002054301852999718,0.0,0.0,0.0,60.054301852999714,0.4,59.271509264998585,7.045698147000282,34.0,129.0,163.0,3.0,0.5699688092250241,160.0,157.0,160.0,1.0,1.0,2.0
126.09985222888398,0.0,0.0042498768574033095,0.0004500738855580141,0.0007501231425966906,0.0,0.0,55.44908874478449,0.7350221656674042,3.3999014859226477,9.774716772027613,85.8494828010939,63.350221656674044,149.19970445776795,3.699950742961324,0.0,129.79980297184528,125.54943354405523,127.54943354405523,9.65125605448624,0.8499753714806619,2.0
152.0,0.0,0.0,0.002330977662670892,0.0,0.0,0.0,60.33097766267089,0.4,60.65488831335446,6.769022337329108,34.0,129.0,163.0,3.0,0.5699688092250241,160.0,157.0,160.0,1.0,1.0,2.0
156.31147780500302,0.0,0.0,0.003537704438999393,0.0,0.0,0.0,65.0,0.6688522194996964,7.396728976009715,12.198031541398421,91.5377044389994,77.23606892700425,168.77377336600364,1.0754088779987856,0.0,159.23606892700425,160.31147780500302,161.77377336600364,2.0,1.0,2.0
142.52940675049294,0.0,0.01,0.0,0.0,0.0,0.0,77.0,0.2,43.35293783366197,5.594117229207746,19.352937833661965,128.58823445841549,147.94117229207745,1.0,0.4117655415845085,144.35293783366197,143.35293783366197,145.35293783366197,0.0,1.0,2.0
139.09415919709429,0.0,0.0,0.0,0.0,0.0,0.0,64.04707959854714,0.5,33.20778773720763,9.594159197094275,94.95292040145286,71.34902653284905,166.3019469343019,3.349026532849046,0.0,143.34902653284905,142.04707959854713,144.04707959854713,1.3490265328490458,1.0,2.0
159.0,0.00045456813059309453,0.0,0.008545431869406905,0.0,0.0,0.0,61.90888682466215,0.44545681305930945,12.363454955255243,8.06367944812688,30.727658220082606,147.4545681305931,178.1822263506757,0.0,0.0,165.90913626118618,166.27284065296547,167.81827252237238,2.2728406529654728,0.5454318694069055,2.0
138.99636969411017,0.0,0.0,0.004813180682354343,0.0,0.0,0.0,36.74727727058263,2.3065903411771713,0.0,15.794498750589778,78.74727727058263,112.6922647764804,191.43954204706304,5.8754537882362285,0.5699688092250241,160.4359117411732,157.24909242352754,160.18681931764564,13.626361364708686,0.062273105881885615,2.0
124.02500529754066,0.0,0.0025625132438516587,0.00392498410737801,0.0029499894049186733,0.0,0.0,49.52511124835393,0.8874973512296683,14.862576814339619,5.832506886802863,79.05001059508133,56.38747616106701,135.43748675614833,4.025005297540663,0.4874973512296683,119.63752913647365,117.63752913647365,120.12502648770332,8.337465565985688,1.0,2.0
150.80640361723283,0.0,0.0,0.004838421703397037,0.005806403617232839,0.0,0.0,65.16157829660297,1.1580789148301482,30.25912042087753,3.2710349358740247,149.80640361723283,50.19359638276716,200.0,10.806403617232839,0.5699688092250241,155.6128072344657,149.41921085169852,155.80640361723283,41.09754212427457,1.0,2.0
139.70380061201521,0.0,0.002163040489612168,0.0018369595103878322,0.0,0.0,0.0,64.7853208568213,0.3459239877596958,36.70380061201521,6.332608097922434,15.0,134.16304048961217,149.16304048961217,1.0,0.0,142.0,141.0815202448061,142.54076012240304,0.0,0.0,2.0
145.0,0.0,0.0,0.003,0.0,0.0,0.0,51.0,0.6051956577554268,12.68826053467439,8.305195657755428,24.0,141.0,165.0,1.0,0.0,153.0,152.0,153.0,1.0,0.0,2.0
134.49605260431176,0.0,0.0,0.0057176691963041985,0.0,0.0,0.0,60.0,0.7213721800615966,52.44323318398486,10.177838340800758,126.29022559507226,73.49605260431177,199.78627819938404,8.213721800615968,0.5699688092250241,134.70977440492774,133.9234962055437,135.70977440492774,2.213721800615967,0.0,2.0
143.99318108932013,0.0,0.0,0.0020068189106798723,0.0,0.0,0.0,48.389089742912205,0.840954647495182,16.798636217864026,8.065182372116702,43.208182692815846,124.79863621786403,168.00681891067987,6.590453525048179,0.0,152.59727243572806,153.19454487145612,154.19454487145612,2.402727564271949,0.7986362178640256,2.0
146.96551666044783,0.0,0.006206900037312931,0.0,0.0,0.0,0.0,69.0689666791043,0.37413791651119616,67.0,4.718965415578373,15.258620834888038,138.2241374953359,153.48275833022393,3.4827583302239224,0.0,148.7068958255598,148.2241374953359,149.96551666044783,0.0,0.7413791651119612,2.0
150.1647063534323,0.0,0.0,0.001,0.001,0.0,0.0,64.0,1.9835293646567704,8.164706353432296,17.555315838805065,130.0,56.0,186.0,4.505880939703112,0.0,150.0,148.0,151.0,9.835293646567704,1.0,2.0
144.0,0.0,0.0009906451946144926,0.00535827948102802,0.0,0.0,0.0,61.0,0.4,9.339569870257005,7.302806441615652,18.67913974051401,137.32086025948598,156.0,1.339569870257005,0.0,148.0,146.3302150648715,148.3302150648715,0.6697849351285025,0.0,2.0
131.94598795449093,0.0,0.01,0.001216242471556825,0.00048649698862273,0.0,0.0,59.0,0.5,17.675733437425016,8.608082377874313,53.243248494311366,96.21624247155682,149.45949096586818,4.243248494311365,0.0,143.21624247155682,139.70273946017954,143.45949096586818,3.756751505688635,1.0,2.0
139.5581575785118,0.0,0.0025193858595039375,0.0020775434380157494,0.0,0.0,0.0,63.8449131239685,0.4038771719007875,21.519385859503938,7.511631515702362,23.55815757851181,128.0,151.5581575785118,1.0,0.0,145.03877171900788,143.03877171900788,145.03877171900788,1.0,1.0,2.0
145.38535617754786,0.0,0.0,0.006,0.0,0.0,0.0,64.59023745169857,0.42048812741507124,33.40976254830142,7.215606853264359,30.614643822452138,132.77071235509572,163.38535617754786,1.6146438224521376,0.0,149.38535617754786,148.38535617754786,150.38535617754786,0.7951187258492874,0.0,2.0
140.4660390621755,0.0008778300781520408,0.009656130859672448,0.0009773593747836734,0.0006108496092397959,0.0,0.0,54.733019531087756,0.9,4.710378905871428,8.666980468912245,121.36650976554388,54.38915039076021,175.7556601563041,6.2443398436959185,0.5699688092250241,154.2443398436959,147.12216992184796,148.85518945293572,12.420757811742856,1.0,2.0
130.24083629009695,0.0008795818549515292,0.01,0.0036387455648545877,0.005361254435145412,0.0,0.0,25.481672580193884,2.201045362621177,0.0,8.564919919106636,141.0,56.1570729846607,197.15707298466072,13.246502024899133,0.12041814504847081,129.48167258019387,124.27749112970918,130.75916370990305,39.57588951184189,0.0,2.0
131.6824804744019,0.0,0.008094048975322048,0.005352892125230034,0.0,0.0,0.0,66.22347055027605,0.5129421574953993,21.352892125230035,14.3129421574954,84.0,72.25884314990799,156.258843149908,11.741156850092015,0.1294215749539931,143.258843149908,140.51768629981598,143.38826472486198,3.870578425046007,1.0,2.0
146.0,0.0,0.005328426520329225,0.0014327772682892358,0.0,0.0,0.0,65.0,0.4761203788618461,32.23879621138154,8.998527956098767,32.283611365855386,133.23879621138153,165.52240757723692,3.283611365855382,0.0,152.2836113658554,150.52240757723692,153.2836113658554,1.0,0.0,2.0
142.19504262327604,0.0,0.01,0.0,0.0,0.0,0.0,70.09752131163802,0.3,22.646281967457035,7.476859016271482,20.353718032542965,131.19504262327604,151.54876065581902,1.451239344180988,0.0,143.19504262327604,142.64628196745704,144.19504262327604,0.4512393441809881,0.0,2.0
146.0,0.0,0.0003152172210416221,0.0039399586245635,0.0,0.0,0.0,64.0600413754365,0.39849896561408754,30.879917249127,7.2,19.015010343859124,136.98498965614087,156.0,1.984989656140875,0.0,149.95496896842263,147.0,149.96997931228174,1.0,0.0,2.0
144.0,0.0,0.01,0.0,0.0,0.0,0.0,76.54402495261998,0.22279875236900099,63.13993761845005,3.8911950094760037,12.911950094760039,137.54402495262,150.45597504738,2.0,0.0,144.22798752369002,144.45597504738,146.22798752369002,0.0,0.0,2.0
123.05433484245113,0.0,0.0001358371061277991,0.001,2.716742122555982e-05,0.0,0.0,67.08150226367668,0.5945665157548881,27.05433484245112,12.450579183259421,109.21214478445877,50.05433484245112,159.2664796269099,6.945665157548881,0.0,125.0,123.0,125.0,2.0,1.0,2.0
138.0,0.001065204591260492,0.0,0.004130409182520984,0.0,0.0,0.0,43.0,1.0934795408739508,19.934795408739507,11.319561377378148,44.0,129.0,173.0,8.0,0.5699688092250241,162.0,155.0,159.0,8.065204591260493,0.934795408739508,2.0
138.0,0.0,0.0016082058695630018,0.003927862753624665,0.00046393137681233275,0.0,0.0,58.608205869563,1.1391794130436999,9.391794130436999,8.752614717393298,124.49503927537266,64.82461760868901,189.31965688406166,10.463931376812333,0.5699688092250241,141.07213724637535,128.14427449275067,138.608205869563,67.49503927537266,0.0,2.0
133.2723393824153,9.077979413843983e-05,0.0,0.00772766061758468,0.0,0.0,0.0,49.18013732379972,0.590922020586156,46.18155958827688,6.908935752966128,25.54467876483064,124.90922020586156,150.4538989706922,2.635458558969079,0.0,144.7276606175847,141.81844041172312,143.7276606175847,1.0907797941384398,0.9092202058615602,2.0
143.15480719181085,0.0009225964040945715,0.0,0.0009225964040945715,0.0,0.0,0.0,62.53870179795271,0.4461298202047286,18.84831618157443,9.200624674677057,32.38389460614186,123.92259640409458,156.30649101023644,2.6161053938581427,0.0,147.84519280818915,144.92259640409458,147.92259640409458,1.4612982020472858,1.0,2.0
133.98250006427432,0.0005021874919657098,0.01,0.0049956250160685806,0.0035065624758971294,0.0,0.0,41.42781276513158,1.5017499935725678,7.467187620514354,7.603062488751994,136.5196874276914,58.49343752410287,195.01312495179425,12.017499935725677,0.5699688092250241,134.9737500964115,128.48468755624003,135.9781250803429,40.97375009641148,0.0,2.0
137.0,0.0,0.0008945263000433695,0.0,0.0,0.0,0.0,60.31642109986989,0.5894526300043369,23.476631799392827,12.509347280242869,96.0,71.0,167.0,3.0,0.0,143.0,143.6835789001301,143.89452630004337,2.789052600086739,1.0,2.0
142.25424083779436,0.00034321989527570597,0.01,0.0,0.0,0.0,0.0,72.62712041889718,0.3343219895275706,36.177958114962706,7.195764397952317,58.11863874330847,132.0296596858271,190.1482984291356,2.343219895275706,0.0,143.28390052362147,143.31356020944858,144.9703403141729,1.686439790551412,-1.0,2.0
128.7115873575991,0.0,0.004110515803001128,0.0008894841969988724,0.0,0.0,0.0,72.22103160600226,0.23557936787995493,43.75472212420158,6.793261896360136,22.0,121.82210316060022,143.82210316060022,1.1778968393997746,0.0,133.0,130.35579367879956,132.17789683939978,0.8221031606002255,0.0,2.0
145.23915998498487,0.0,0.01,0.0,0.0,0.0,0.0,75.85873997747731,0.3,59.097899962462186,5.9662940052552935,27.47831996996975,124.18462008258318,151.66294005255293,4.0,0.0,148.1412600225227,147.52168003003024,148.52168003003024,0.0,1.0,2.0
125.8975525962987,0.0,0.006121940745373363,0.00189755259629869,0.0,0.0,0.0,65.55122370185066,0.32243881490746723,47.79510519259738,5.687805925462664,21.448776298149344,113.34632889444804,134.7951051925974,0.22438814907467253,0.0,126.34632889444804,125.34632889444804,127.34632889444804,0.0,0.0,2.0
147.96447665390082,0.0,0.0,0.005964476653900812,0.0,0.0,0.0,50.89342996170244,0.5035523346099189,61.64476653900812,4.524866342269432,8.355233460991883,154.78685992340488,163.14209338439676,1.0355233460991884,0.0,160.0,158.96447665390082,160.92895330780163,0.0,0.0,2.0
146.0,0.0,0.0,0.005796233540872311,0.0002037664591276891,0.0,0.0,65.0,0.4,34.63013167302151,7.318493416348924,29.592467081744623,134.0,163.59246708174462,1.6112993773830673,0.0,150.40753291825538,149.20376645912768,151.20376645912768,1.0,0.0,2.0
148.0,0.0,0.0035233296311947414,0.004,0.0,0.0,0.0,76.90668147522103,0.5046659262389482,1.9066814752210348,10.366330741836318,26.279955574336896,140.0,166.2799555743369,1.0,0.0,150.0,150.47667036880526,151.95334073761052,0.4766703688052587,-0.5233296311947413,2.0
157.56431020957712,0.0015742759161691512,0.0,0.005702896335323396,0.0,0.0,0.0,56.71286204191542,0.5287137958084576,5.702896335323396,8.03758955508707,35.980068586815946,149.43568979042288,185.41575837723883,0.28713795808457554,0.28713795808457554,165.27717225149254,166.7028963353234,167.7028963353234,3.851448167661698,-0.28713795808457554,2.0
145.20714558096617,0.0,0.0,0.002207145580966161,0.0,0.0,0.0,69.17141767613536,0.3207145580966161,38.549980933236874,5.652147487642473,15.035727904830804,138.79285441903383,153.82858232386465,1.0,0.0,146.82858232386465,146.20714558096617,147.62143674289848,0.20714558096616065,0.0,2.0
132.46556019528694,0.0,0.01,0.0032672199023565276,0.0,0.0,0.0,64.57759336588116,0.4,62.08630712233621,5.1267219902356524,24.155186731762313,116.84481326823769,141.0,2.1551867317623152,0.0,133.8879668294058,132.8879668294058,134.8879668294058,0.0,0.5775933658811575,2.0
148.0,0.0019037472526509114,0.006345824175503037,0.0019037472526509114,0.0,0.0,0.0,62.461670329798785,0.46345824175503036,24.17291208775152,7.071124175795274,22.711241757952735,141.19250549469817,163.9037472526509,1.2691648351006075,0.0,154.0962527473491,153.0962527473491,155.0962527473491,1.2691648351006075,0.0,2.0
136.98957079807948,0.0,0.00957496991539073,0.00301042920192053,0.0015958283192317882,0.0,0.0,56.5645407134702,0.5606257521152318,31.59582831923179,7.689177697690066,54.383313276927154,103.60625752115232,157.98957079807948,4.0,0.0,149.78748495769537,143.19165663846357,144.5958283192318,7.989570798079471,1.0,2.0
144.18791141798735,0.0,0.01,0.0011879114179873646,0.0,0.0,0.0,65.0,0.3395970472662455,41.41611810935018,6.6979852363312276,22.020147636687724,133.37582283597473,155.39597047266244,1.6040295273375451,0.0,148.18791141798735,146.58388189064982,148.58388189064982,1.0,0.3959704726624549,2.0
144.50945958955774,0.0,0.0027452702052211298,0.0002547297947788703,0.0,0.0,0.0,58.25472979477887,0.5339639726371828,4.830180136814087,7.876418938433661,26.169819863185914,140.74527020522112,166.91509006840704,0.9150900684070432,0.0,147.42454965796477,151.16981986318592,151.33963972637181,5.7452702052211295,-0.9150900684070432,2.0
139.9339422655077,0.0,0.00513211546898456,0.0,0.0,0.0,0.0,76.53302886724614,0.2,58.26879792927702,4.3,11.46697113275386,133.46697113275386,144.9339422655077,1.0,0.0,140.9339422655077,139.46697113275386,141.46697113275386,0.0,0.0,2.0
145.78977411417674,0.0,0.0,0.003473864468506044,0.0,0.0,0.0,51.78977411417674,0.5842045177164652,13.947728937012087,8.236818070865862,23.21022588582326,142.10568375984744,165.3159096456707,1.157954822835348,0.0,153.0,152.78977411417674,153.78977411417674,1.315909645670696,0.0,2.0
145.0,0.0,0.0,0.003,0.0,0.0,0.0,51.0,0.6304100881831197,11.175394709012814,8.33041008818312,24.0,141.0,165.0,1.0,0.0,153.0,152.0,153.0,1.0,0.0,2.0
143.41347729912349,0.0,0.0,0.0025865227008765087,0.00020673864956174558,0.0,0.0,63.58652270087651,0.5793261350438255,22.27870430788858,11.28989202565738,85.41347729912349,72.37978405131476,157.79326135043826,5.759568102629526,0.5699688092250241,146.41347729912349,145.0,147.20673864956174,2.413477299123491,1.0,2.0
138.0,0.0003167616770675267,0.0,0.004366476645864947,0.0,0.0,0.0,34.73295329172989,2.6534093416540214,0.0,15.746590658345978,74.83238322932473,117.16761677067527,192.0,5.366476645864947,0.5699688092250241,160.0,157.31676167706752,159.68323832293248,13.04971496879742,0.0,2.0
144.7143585139975,0.0,0.000285641486002494,0.001,0.000857179256998753,0.0,0.0,61.857179256998755,0.5142820743001247,9.285386687011222,10.714129194905361,86.57153777099626,70.571282972005,157.14282074300124,2.285386687011223,0.5699688092250241,147.57153777099626,144.85717925699876,147.7143585139975,3.857179256998753,1.0,2.0
148.09385674523423,0.0,0.0,0.0005631404714054019,0.0,0.0,0.0,64.62457301906306,0.4,22.220137688045035,6.41552892928919,16.53071627382883,145.2815702357027,161.81228650953153,0.0938567452342336,0.0,155.81228650953153,154.81228650953153,156.81228650953153,0.0,0.0,2.0
149.10761794951122,0.0,0.0,0.0054461910252443825,0.0,0.0,0.0,54.0459493611559,0.47230955126221913,63.38452243688904,4.333857307573314,8.553808974755619,154.16928653786658,162.7230955126222,1.0,0.0,160.0,158.7230955126222,160.7230955126222,0.0,0.2769044873778089,2.0
139.11534969099344,0.0,0.0030988711637086677,0.0,0.0,0.0,0.0,76.01647852728478,0.3,12.131828218278223,6.078577914529788,16.91760736357611,128.148306745563,145.0659141091391,0.9835214727152221,0.5699688092250241,140.03295705456955,140.04943558185434,141.0659141091391,0.0,0.9835214727152221,2.0
152.0,0.0,0.0,0.0037185769439024834,0.0,0.0,0.0,59.14071152804876,0.48592884719512414,61.296442359756206,9.288932707926863,37.718576943902484,126.28142305609752,164.0,2.8592884719512415,0.5699688092250241,160.0,157.0,159.14071152804877,2.0,1.0,2.0
141.60604700520747,0.00159596866319502,0.0010100783420124498,0.00159596866319502,0.0,0.0,0.0,62.60604700520747,0.479798433159751,15.414109678817429,7.961612534721992,32.58589032118257,125.80806267360995,158.39395299479253,1.20201566840249,0.0,150.0,146.0,148.79798433159752,2.20201566840249,1.0,2.0
154.92112419619014,0.0024473254822859215,0.0,0.001658023553142235,0.0,0.0,0.0,57.84224839238026,0.5631550321523948,2.947597427808418,5.731604710628448,25.447325482285923,151.89465096457184,177.34197644685776,0.8157751607619739,0.5699688092250241,161.7368993569521,161.55267451771408,162.7368993569521,0.8157751607619739,-0.6315503215239477,2.0
137.04590739007082,0.0,0.01,0.004681969130023611,0.0017879794200157408,0.0,0.0,58.57595884003148,0.510601028999213,23.24373246020463,5.4724555659575005,54.42404115996852,100.10601028999213,154.53005144996064,4.787979420015741,0.0,146.2579279700551,144.2579279700551,147.15191768006295,2.8939897100078706,0.8939897100078704,2.0
144.2714627616248,0.0,0.00980278192442542,0.0006914148953500762,0.0006914148953500762,0.0,0.0,65.88863297092466,0.4654292552324962,43.61717020929985,9.133179782554794,40.61717020929985,118.38282979070016,159.0,4.962877656974886,0.0,153.34570744767504,149.65429255232496,152.69141489535008,4.728537238375191,1.0,2.0
143.8478957167777,0.0,0.01,0.0,0.0,0.0,0.0,74.0,0.3,55.695791433555456,6.171843575166591,24.695791433555453,131.0,155.69579143355546,3.8478957167777272,0.0,150.1521042832223,150.0,151.0,0.0,1.0,2.0
123.8806468367367,0.0,0.0027612936734733957,0.000440323418368349,0.0,0.0,0.0,68.67902974489495,0.3,62.037089234684856,5.459676581631651,22.954825306106414,107.16452785715688,130.1193531632633,1.0,0.0,123.8806468367367,123.44032341836835,124.8806468367367,0.559676581631651,1.0,2.0
145.1541059247906,0.0,0.001845894075209406,0.0,0.0,0.0,0.0,60.615298025069805,0.4,9.538807899720792,6.238357630083763,13.691788150418812,141.53880789972078,155.2305960501396,0.0,0.0,148.7694039498604,147.7694039498604,149.3847019749302,0.0,0.0,2.0
133.5842485949257,0.0,0.00325039225496815,0.0054992154900637006,0.0002503922549681499,0.0,0.0,73.41575140507432,1.2248823235095552,27.74960774503185,4.167085071966026,30.4992154900637,119.25039225496815,149.74960774503185,6.4992154900637,0.0,136.5007845099363,134.33385633995752,137.33385633995752,1.2503922549681499,0.08346408498938329,2.0
143.29449821044403,0.0,0.0005879181579633063,0.007412081842036694,0.0008824163684073387,0.0,0.0,60.235167263185325,0.41175836315926617,8.11758363159266,7.305825268433395,32.29449821044403,122.76483273681468,155.0593309472587,0.11758363159266128,0.0,146.41208184203668,144.41208184203668,147.29449821044403,1.8824163684073387,1.0,2.0
142.80360353544154,0.0,0.0016072070708830703,0.0013927929291169298,0.0,0.0,0.0,59.232431818973815,0.6392792929116929,15.625224748090746,13.73225202050122,81.44684596073995,76.94594696837697,158.39279292911692,9.214414141766142,0.5699688092250241,146.57117171646772,144.98198232279233,147.37477525190926,3.3927929291169296,1.0,2.0
143.97917290569345,0.0,0.0,0.003526033867883191,0.0,0.0,0.0,55.52603386788319,0.4494793226423362,31.49479322642336,7.139065775489059,24.473966132116807,138.5260338678832,163.0,2.0,0.49479322642336176,157.4739661321168,154.4843796792701,156.4843796792701,1.4947932264233619,0.49479322642336176,2.0
128.86850646103667,0.0,0.009835633076295851,0.004868506461036682,0.0,0.0,0.0,64.09862015422249,0.39671266152591705,54.09862015422249,5.286850646103668,22.704139537332534,117.90137984577751,140.60551938311005,1.0,0.0,130.80275969155502,129.80275969155502,131.80275969155502,0.0,0.03287338474082957,2.0
142.0888048963755,0.0,0.007519697626951794,0.004075673145074302,0.0,0.0,0.0,77.3289560828996,0.24177609792750998,30.848653709851398,7.45065658756506,45.8486537098514,134.4934341243494,180.3420878342008,3.5822390207249004,0.0,149.6579121657992,147.4934341243494,149.4934341243494,1.1644780414498006,-0.4177609792750997,2.0
149.9205515951825,0.0,0.01,0.0,0.0,0.0,0.0,73.06355872385402,0.29841103190364976,44.015889680963504,7.276165478554747,25.920551595182488,128.0158896809635,153.93644127614598,2.968220638072996,0.0,149.93644127614598,148.93644127614598,150.93644127614598,0.0,1.0,2.0
159.0,0.0,0.0,0.004660400005981865,0.0,0.0,0.0,65.33208000119637,0.4,11.664160002392746,7.364536002033834,17.988720010767356,151.6716799952145,169.66040000598187,0.0,0.0,163.66416000239275,162.66416000239275,164.66416000239275,0.0,1.0,2.0
124.26934254650789,0.0,0.003538685093015766,0.0006346712732539415,0.0,0.0,0.0,67.46131490698423,0.3,53.30657453492117,5.8365328726746055,24.287958540714527,107.98138400579336,132.2693425465079,0.36532872674605854,0.0,124.26934254650789,123.63467127325394,125.26934254650789,0.36532872674605854,0.36532872674605854,2.0
141.49786468588735,0.004170225523521075,0.01,0.00166809020940843,0.000834045104704215,0.0,0.0,52.66809020940843,1.0165954895295786,25.01281188467587,7.938255772380453,121.67236083763372,59.32336853414099,180.9957293717747,12.33618041881686,0.0,153.83404510470422,149.33190979059157,153.83404510470422,9.33618041881686,1.0,2.0
137.70120534135108,0.001763855516609288,0.006173494308132508,0.0007084334501721362,0.0,0.0,0.0,52.0481939576161,0.8472288966781425,7.055422066437152,9.525782880985387,64.65301138373499,126.05542206643715,190.70843345017212,6.527711033218576,0.5699688092250241,144.47228896678143,146.94457793356284,147.94457793356284,5.062650175258204,-0.881927758304644,2.0
135.13744843960308,0.0,0.0045800824966350795,0.0038549793758412302,0.0,0.0,0.0,62.709958751682464,0.4572510312079385,8.274896879206151,7.458008249663508,17.70995875168246,128.42748968792063,146.13744843960308,1.8549793758412303,0.0,137.5649381275237,137.13744843960308,138.5649381275237,0.42748968792061515,0.0,2.0
147.35106637687008,0.0,0.0034867002173474384,0.0,0.0,0.0,0.0,71.13563384047735,0.28377665942175206,67.02659956530512,5.0566498913262805,16.188832971087603,136.32446681156495,152.51329978265255,2.0,0.0,149.02659956530513,147.35106637687008,149.35106637687008,0.0,0.8377665942175206,2.0
135.06303759987878,0.001974784960048482,0.01,0.0,6.303759987879521e-05,0.0,0.0,54.088252639830316,0.9987392480024241,10.075645119854554,16.645787664104237,131.96217744007274,65.97478496004848,197.93696240012122,9.98739248002424,0.01260751997575904,149.89913984019393,142.93696240012122,145.93696240012122,11.98739248002424,0.0,2.0
134.32073294908486,0.00044024431636161747,0.0,0.006679267050915148,0.0,0.0,0.0,53.723176112701026,0.5559755683638382,46.880488632723235,7.328293179633941,27.641465898169706,124.55975568363839,152.20122158180808,5.081710214531322,0.0,143.67926705091514,141.11951136727677,142.67926705091514,1.4402443163616174,0.5597556836383826,2.0
143.63699811061338,0.0,0.01,0.0009452007557546474,0.0,0.0,0.0,78.0,0.2,53.21919697698141,4.536300188938662,11.054799244245352,136.5273996221227,147.58219886636803,1.0,0.0,143.05479924424534,142.05479924424534,144.05479924424534,0.0,0.0,2.0
143.84193913289252,0.0,0.003245171021046731,0.0,0.0,0.0,0.0,67.64840290920094,0.37193536223691587,19.28064637763084,6.02290115802757,15.596768111845794,137.0,152.5967681118458,1.4387072447383171,0.0,143.4387072447383,143.71935362236917,145.0,0.0,0.0,2.0
147.7805161060356,0.0,0.001658451681893187,0.0,0.0008902580530178022,0.0,0.0,61.43896778792879,0.5,38.23180637112461,6.651174230343033,31.219483893964394,130.3292258409466,161.548709734911,2.2194838939643957,0.0,153.8902580530178,151.8902580530178,154.0,1.0,0.8902580530178021,2.0
149.68237366142787,0.0,0.0,0.0003176263385721181,0.0,0.0,0.0,75.04712098428365,0.30794065846430296,31.0,5.542931852357453,11.635252677144237,145.28534073821274,156.92059341535696,1.0794065846430296,0.0,153.68237366142787,152.52356049214183,154.60296707678486,0.07940658464302952,0.9205934153569705,2.0
127.38897894204217,0.0,0.007583468413063262,0.003657482451701812,0.0,0.0,0.0,65.61102105795783,0.37314964903403625,57.222042115915656,5.461102105795782,24.879524567617462,113.43544033578615,138.31496490340362,1.0,0.0,128.8519719227229,128.12047543238253,129.8519719227229,0.26850350965963765,0.26850350965963765,2.0
138.1874119440976,0.00037482388819516443,0.0005622358322927467,0.004062940279512089,0.0013748238881951644,0.0,0.0,55.87552833541451,1.4686707496878242,8.938468614926595,9.619022973297495,134.9985911055613,58.50070444721934,193.49929555278067,11.187411944097581,0.5699688092250241,141.31188360868308,128.0615313850734,138.49929555278067,71.25176111804835,0.0,2.0
142.71635410631433,0.0,0.000858177053157164,0.00042546884052850793,0.0,0.0,0.0,63.57453115947149,0.4,19.42546884052851,6.556729178737134,17.283645893685673,136.43270821262865,153.71635410631433,1.858177053157164,0.0,144.0,143.85817705315716,145.0,0.0,0.0,2.0
144.45719054158496,0.0,0.0007237459445533756,0.0016381270277233122,0.0,0.0,0.0,69.63812702772331,0.3,39.638127027723314,5.553311080593682,14.180936486138345,138.45719054158496,152.6381270277233,1.0,0.0,145.27625405544663,145.27625405544663,146.27625405544663,0.0,0.0,2.0
152.0,0.0,0.0,0.003377618735043367,0.0,0.0,0.0,60.91841249002891,0.4,57.91841249002891,6.897905011965307,30.94873130484099,131.67364996011565,162.62238126495663,1.0815875099710888,0.0,159.54079375498554,156.54079375498554,159.0815875099711,1.5407937549855444,1.0,2.0
152.0,0.0,0.0,0.0025795144027533773,0.0,0.0,0.0,59.71024279862331,0.4289757201376689,58.448786006883445,8.434635802065033,36.579514402753375,127.42048559724662,164.0,2.2897572013766885,0.2897572013766885,160.0,157.0,159.7102427986233,2.0,1.0,2.0
146.05694966044877,0.0,0.0,0.0025148009054699874,0.0,0.0,0.0,60.31435011318375,0.4,11.371299773632503,6.160135237685871,13.143501131837484,141.48519909453,154.6287002263675,0.6287002263674968,0.0,149.3712997736325,148.05694966044877,149.3712997736325,0.3143501131837484,0.0,2.0
132.4711678989328,0.0018846715957312585,0.01,0.002413503696798444,0.005644160505335926,0.0,0.0,25.230656808537482,3.4105474122410895,0.0,12.950073074450636,124.9802914362843,58.00985428185785,182.99014571814214,7.0,0.5288321010671854,137.71167898932814,121.82700739359689,131.8270073935969,74.41350369679844,0.0,2.0
152.0,0.0,0.0,0.0041783631022895285,0.0,0.0,0.0,59.535089306868585,0.4821636897710472,61.464910693131415,8.804383901070839,35.68127967023613,127.78363102289528,163.4649106931314,2.464910693131415,0.5699688092250241,159.82163689771048,156.82163689771048,158.82163689771048,1.8216368977104715,1.0,2.0
150.5407348028268,0.0,0.0,0.003244408816960717,0.0046222044084803585,0.0,0.0,67.59265197173214,1.1162939211307146,32.94089512650356,6.638498329611072,149.08146960565358,50.45926519717322,199.5407348028268,8.0,0.5699688092250241,155.08146960565358,149.4592651971732,155.5407348028268,37.11102204240179,1.0,2.0
149.85321040804735,0.0,0.0,0.0026422017346745584,0.0,0.0,0.0,61.0,0.4,60.06421908142014,6.350458785727809,37.93578091857986,125.06421908142013,163.0,3.715596530650884,0.5699688092250241,158.92660520402367,155.92660520402367,158.92660520402367,1.357798265325442,1.0,2.0
149.0115751054994,0.0,0.0,0.0025289377637485004,0.0,0.0,0.0,60.9536995780024,0.45057875527497004,19.4942124472503,7.2057875527497,20.4942124472503,144.0347253164982,164.5289377637485,2.0115751054994,0.0,161.0463004219976,156.0115751054994,158.0115751054994,4.034725316498201,0.4942124472502999,2.0
138.54575672806504,0.0,0.00309151345613007,0.0,0.0,0.0,0.0,64.8892582231906,0.5,39.95026719394398,8.513329410620411,98.57626121344173,71.51525224268835,170.09151345613006,3.1717507475627817,0.0,143.68700299025113,142.0305044853767,143.8587537378139,1.1717507475627817,0.8282492524372184,2.0
142.01687242633784,0.002335208047370873,0.004681664378966981,0.002335208047370873,0.0,0.0,0.0,62.994375857887384,0.4335208047370873,27.99437585788738,6.801687242633785,27.329583905258254,136.34083218948348,163.67041609474174,1.3352080473708727,0.0,158.31833562103301,152.0,155.99437585788738,9.3127114789204,0.6647919526291273,2.0
131.30495362745702,0.0,0.0006950463725429753,0.004131192034321281,0.0,0.0,0.0,65.56385433822169,0.36524768137285124,36.95743044118554,6.473761593135744,22.0,121.17376159313574,143.17376159313574,1.826238406864256,0.0,132.30495362745702,132.0,133.0,0.5212847794072314,0.0,2.0
144.86395793900766,0.0,0.0,0.0,0.0,0.0,0.0,61.42402804066156,0.4712014020330781,7.0159018576845344,5.9272084121984685,10.71201402033078,146.84805608132314,157.5600701016539,0.7120140203307808,0.0,152.13604206099234,152.5600701016539,153.5600701016539,0.0,0.0,2.0
142.43380391437273,0.0003480435745838364,0.005781847488956573,0.0,0.0,0.0,0.0,61.34804357458383,0.5,7.1740217872919185,8.786510672103136,37.95586927624849,126.39217429833535,164.34804357458384,2.651956425416164,0.0,143.47793463812425,142.8259782127081,143.8259782127081,1.0,-0.1740217872919182,2.0
144.0,0.001,0.0,0.004100637478523533,0.0,0.0,0.0,44.20127495704707,0.8,2.0,11.859745008590586,32.79872504295293,135.3019124355706,168.10063747852354,3.8993625214764664,0.0,162.0,157.10063747852354,160.10063747852354,5.0,1.0,2.0
137.0,0.0,0.0032398741127559446,0.001,0.0,0.0,0.0,76.52025177448812,0.2,37.60125887244055,6.719937056377972,27.800629436220277,127.0,154.80062943622028,2.0,0.0,138.0,140.52025177448812,140.52025177448812,2.5202517744881106,0.0,2.0
137.858028010239,0.0,0.006987607856653914,0.0025740840307170183,0.0,0.0,0.0,62.283943979521986,0.4858028010239006,9.425915969282983,8.170985994880496,26.29014005119503,122.41971989760994,148.70985994880496,1.0,0.0,142.42591596928298,140.42591596928298,142.42591596928298,1.0,0.8580280102390061,2.0
143.0,0.0,0.0003479414115821666,0.0,0.0,0.0,0.0,65.0,0.5347941411582167,25.391765646328665,11.96573635211975,104.737054591521,61.567062585314666,166.30411717683566,4.0,0.0,143.34794141158216,144.0,145.34794141158216,1.6958828231643333,1.0,2.0
130.7021058734325,0.0,0.004099298042189175,0.0,0.0,0.0,0.0,76.25175489452707,0.2,43.648947063283764,6.269508629532423,19.748245105472936,124.70210587343247,144.45035097890542,1.4503509789054125,0.0,133.90070195781084,132.25175489452707,133.80140391562165,1.0,0.0,2.0
145.7535209891101,0.0,0.0,0.003507041978220161,0.0,0.0,0.0,47.74413168481653,0.6,7.0187786085870965,10.41948378372754,24.99061069570645,142.51173663036693,167.5023473260734,0.25117366303669353,0.0,160.00469465214678,157.25586831518348,159.25586831518348,2.2464790108899195,0.7488263369633065,2.0
144.30229516976334,0.0,0.0,0.0010465572453549777,0.0,0.0,0.0,63.69770483023665,0.4697704830236652,19.860328263935067,11.411672003843146,33.44196690582828,121.95344275464502,155.3954096604733,4.348852415118326,0.0,145.65114758488167,144.34885241511833,146.65114758488167,1.3488524151183259,0.6511475848816741,2.0
139.24185713495686,0.0007581428650431377,0.0,0.006,0.0,0.0,0.0,42.37907143252157,1.2483714269913724,17.137214297564707,11.289535716260785,46.483714269913726,125.89535716260784,172.37907143252156,3.653500027650982,0.5699688092250241,155.16978575773726,151.89535716260784,154.03257146017256,5.895357162607844,0.0,2.0
144.94287516017104,0.0,0.0032952501067806915,0.0,0.0,0.0,0.0,75.29525010678068,0.3,56.590500213561384,4.576187473304827,19.761874733048273,133.59050021356137,153.35237494660964,2.3523749466096544,0.0,150.35237494660964,149.35237494660964,151.0,0.0,1.0,2.0
141.0,0.0,0.01,0.00168289510616952,0.0,0.0,0.0,77.52434265925427,0.215855244691524,49.0,4.768289510616952,9.84144755308476,136.0,145.84144755308475,1.0,0.0,142.15855244691525,141.0,143.0,0.0,0.15855244691524006,2.0
137.0,0.0,0.0035287128326018354,0.001,0.0,0.0,0.0,75.0,0.2,31.88514866959266,7.005742566520367,24.0,127.0,151.0,2.0,0.0,138.0,139.0,139.47128716739817,1.0,0.0,2.0
145.06268518595454,0.0,0.0,0.0031044753099242275,0.0,0.0,0.0,50.853734566106084,0.6,13.125370371909073,8.270746913221217,23.895524690075774,141.1880555578636,165.08358024793938,1.0,0.0,153.20895061984845,152.1880555578636,153.20895061984845,0.9791049380151545,0.0,2.0
132.9268628936341,0.0,0.009,0.0007317157234085264,0.0007317157234085264,0.0,0.0,59.365857861704264,0.5,12.804852829774422,9.39755635212531,50.80485282977442,97.92686289363411,148.7317157234085,3.634142138295737,0.0,142.7317157234085,138.7317157234085,142.7317157234085,4.0,1.0,2.0
132.1262647415645,0.0,0.005505058966258011,0.0003787942246935082,0.0,0.0,0.0,61.37879422469351,0.4,33.73735258435497,5.788385319095152,17.621205775306493,126.37879422469351,144.0,1.1262647415645026,0.0,134.252529483129,135.0,136.1262647415645,0.0,0.0,2.0
148.70471024830172,0.0,0.000676177562075434,0.00032382243792456605,0.000676177562075434,0.0,0.0,58.409420496603474,0.5,37.409420496603474,6.847644875849132,29.704710248301737,131.9429346275474,161.64764487584912,2.0,0.323822437924566,155.9429346275474,153.29528975169828,155.29528975169828,1.323822437924566,1.0,2.0
134.62552007715848,0.002699583938273204,0.01,0.004325104015431699,0.002349791969136602,0.0,0.0,32.703744555541164,2.007406386111471,3.25104015431699,13.489292695064446,115.12760038579248,64.7242718919781,179.85187227777058,7.650208030863398,0.325104015431699,142.6748959845683,125.6502080308634,135.9753120462951,75.6748959845683,0.0,2.0
127.74530878674439,0.0,0.0012546912132556103,0.0006273456066278051,0.0,0.0,0.0,66.0,0.4,7.646110459650247,8.347185272046634,20.627345606627806,117.92225355691926,138.54959916354707,0.31367280331390257,0.0,128.23592636023318,128.54959916354707,129.54959916354707,1.0,0.0,2.0
137.48748803713684,0.0,0.01,0.000557129185299246,0.0,0.0,0.0,63.79107655551278,0.4,11.860717703675189,8.530358851837594,21.86071770367519,131.34820574081203,153.20892344448723,1.0696411481624057,0.0,145.20892344448723,143.20892344448723,145.20892344448723,1.0,0.0,2.0
138.0,0.0,0.0005246443115278781,0.004650237125648081,0.0008251185628240406,0.0,0.0,57.52464431152788,1.2475355688472123,10.475355688472122,9.727820119624909,129.55165987953657,61.57393293458364,191.1255928141202,10.825118562824041,0.5699688092250241,140.3497628743519,126.69952574870383,137.52464431152788,72.55165987953657,0.0,2.0
151.0,0.0,0.0,0.006288525482188428,0.004144262741094214,0.0,0.0,57.57705096437685,2.4124584365775226,15.855737258905787,17.555315838805065,149.14426274109422,50.85573725890578,200.0,11.422949035623144,0.5699688092250241,156.0,149.71147451781158,156.71147451781158,53.98032162468101,1.0,2.0
144.0,0.0002271795570235149,0.0,0.005772820442976485,0.0,0.0,0.0,45.22717955702352,0.7227179557023514,0.4543591140470298,10.186205246939975,30.227179557023515,138.7728204429765,169.0,2.227179557023515,0.0,158.13589778511758,155.68153867107054,157.90871822809407,2.6815386710705447,0.2271795570235149,2.0
146.65183549902824,0.0,0.0001629588747570599,0.004185205626214701,0.001,0.0,0.0,64.34816450097176,0.416295887475706,40.83704112524294,6.869632900194352,28.488876624271178,133.34816450097176,161.83704112524293,3.6740822504858803,0.0,152.32591774951413,150.32591774951413,152.32591774951413,1.0,0.16295887475705995,2.0
137.5134847960897,0.0014414478230911792,0.0,0.0022342087076352834,0.0002792760884544104,0.0,0.0,62.16217173463677,0.47207239115455896,8.0,5.9026969592179395,33.0,130.2072391154559,163.2072391154559,0.7207239115455896,0.0,142.67565653072646,142.83782826536324,144.39638044227206,1.2792760884544103,-0.44144782309117914,2.0
140.21406280947164,0.0,0.006428125618943261,0.0,0.0,0.0,0.0,66.92829898935422,0.5,44.213716068649724,9.606996730653625,101.35677134911938,72.07135426982387,173.42812561894326,3.3571180899412925,0.0,144.42847235976518,143.14270853964774,144.78559044970646,1.3571180899412925,0.6428819100587077,2.0
144.0824517205295,0.002,0.0,0.002917548279470507,0.0,0.0,0.0,50.30584942649017,0.7305849426490169,11.082451720529493,7.417548279470507,60.41225860264747,105.75264483841153,166.16490344105898,8.0,0.0,153.0,153.16490344105898,154.47075286754915,3.3058494264901688,1.0,2.0
142.12654753145054,0.0,0.007797523949679154,0.0005126547531450529,0.0,0.0,0.0,65.0253095062901,0.44873452468549474,14.050619012580212,9.105708363992315,82.43672623427473,71.07592851887031,153.51265475314506,1.487345246854947,0.0,145.56327376572526,144.0506190125802,145.56327376572526,1.9746904937098941,1.0,2.0
147.38937864660653,0.0,0.01,0.0,0.0,0.0,0.0,73.22124270678692,0.3,58.694689323303265,4.330531067669673,15.221242706786924,137.77875729321306,153.0,1.3053106766967313,0.0,150.0,148.30531067669673,150.30531067669673,0.0,1.0,2.0
147.27586625822659,0.0,0.0,0.002,0.0,0.0,0.0,60.787355623628905,0.4,53.85057750548438,7.055173251645315,43.086200612660136,120.12644376371097,163.2126443763711,4.362066870886712,0.0,157.6379331291133,154.6379331291133,157.6379331291133,2.0,1.0,2.0
140.0,0.0,0.0,0.004066378709124852,0.0,0.0,0.0,47.80086387262544,0.9165946772812131,20.83405322718787,9.553102967299882,37.365082900186685,134.63491709981332,172.0,1.9668106454375738,0.5699688092250241,151.0,151.93362129087515,151.96681064543756,3.033189354562426,0.0,2.0
131.73551761116653,0.0,0.0029118392037221713,0.0009118392037221714,0.0,0.0,0.0,66.87237519131493,0.3607892802481448,12.480267993796382,7.751973200620362,25.607892802481448,125.17632159255565,150.7842143950371,0.3039464012407238,0.0,139.91183920372217,136.5197320062036,137.82367840744433,3.088160796277829,-0.3921071975185524,2.0
135.57213953371897,0.000693674418937434,0.01,0.004306325581062566,0.0017341860473435852,0.0,0.0,46.085999992845174,1.4855720932562038,7.837953486375396,11.352665116927996,114.18479069584411,68.30632558106257,182.49111627690667,9.572139533718982,0.5699688092250241,137.9189767431877,128.2658139526564,137.22530232425026,51.53162790531283,0.0,2.0
127.50643854758786,0.0,0.004814914455345448,0.0,0.0,0.0,0.0,72.75321927379393,0.3,36.951181913624204,7.093830481844848,21.81491445534545,121.50643854758786,143.3213530029333,1.0616951815515172,0.0,128.44474336603633,129.38304818448484,130.38304818448484,0.9383048184484827,-0.06169518155151732,2.0
141.2575910354739,0.0,0.01,0.0017424089645261041,0.0,0.0,0.0,76.96963585810441,0.2128795517736948,49.0,4.864397758868474,10.386386553210844,136.12879551773696,146.5151820709478,1.0,0.0,142.5151820709478,141.38638655321085,143.38638655321085,0.0,0.0,2.0
140.57328745811168,0.00023393522346469738,0.0,0.0047018056703940925,0.00023393522346469738,0.0,0.0,42.894582988817724,1.093574089385879,17.660647765353026,10.989962748597694,104.14657491622334,75.61948986031196,179.7660647765353,7.532129553070606,0.5699688092250241,162.2339352234647,156.4678704469294,159.9357408938588,8.701805670394092,1.0,2.0
148.84621062698682,0.0,0.0,0.0057884473432532986,0.0,0.0,0.0,52.90397391072031,0.47884473432532987,62.0,4.39422367162665,9.057763283733507,153.9422367162665,163.0,1.0,0.0,160.0,158.7884473432533,160.7884473432533,0.0,0.21155265674670132,2.0
132.98990942085598,0.0,0.01,0.0030050452895720144,0.0,0.0,0.0,65.99495471042799,0.33350150965240044,62.644803745187936,5.432996980695199,26.324924517379976,116.670030193048,142.99495471042798,2.9949547104279857,0.0,134.32492451737997,133.32492451737997,135.32492451737997,0.0,0.6649849034759953,2.0
127.780860572698,0.0,0.006041147430264012,0.001561721145396018,0.0,0.0,0.0,62.56172114539602,0.5739713142433996,8.685163436188054,12.228803201184808,87.69856571216998,64.60286857566003,152.30143428783,6.082294860528024,0.0,134.12344229079204,131.86315543322604,134.12344229079204,2.520573715132006,1.0,2.0
130.2784149078825,0.0,0.009,0.00572158509211749,0.0,0.0,0.0,66.35036521494081,0.5,21.257560245646637,14.030865589046908,83.62878012282331,71.62878012282331,155.25756024564663,11.257560245646639,0.0,142.443170184235,139.62878012282331,142.53597515352914,3.8143900614116597,1.0,2.0
132.32926768809418,0.001317070752376664,0.01,0.001987803064282498,0.00635366155952917,0.0,0.0,26.365858495246673,3.708537855002252,0.0,12.212191978089663,129.80489860479835,55.59755069760082,185.4024493023992,7.0,0.5699688092250241,136.29267688094166,120.97560612856499,130.975606128565,73.9878030642825,0.0,2.0
146.0,0.0,0.0,0.003,0.0,0.0,0.0,65.56044063098044,0.4,35.63735621411736,7.0,19.0,137.56044063098045,156.56044063098045,1.0,0.0,150.0,147.87911873803912,150.43955936901955,1.0,0.43955936901956005,2.0
158.00109477707866,0.0,0.0,0.0032219789384269623,0.0,0.0,0.0,64.11208424629216,0.41109894692134813,11.887915753707848,6.899890522292133,15.554947346067406,152.33406318471913,167.88901053078652,0.3329684076404432,0.0,163.22197893842696,161.4450526539326,163.4450526539326,0.7769262844943675,0.8890105307865189,2.0
137.0,0.001,0.0,0.005,0.0,0.0,0.0,61.44705554380643,0.4,43.65883336858072,5.234116663141927,22.0,133.0,155.0,2.0,0.0,142.0,140.0,142.0,0.0,0.0,2.0
138.0,0.0,0.0019207165424038526,0.004079283457596147,0.0005396417287980737,0.0,0.0,58.38107481360578,1.2158566915192295,9.079283457596148,8.255498420317304,125.55498420317303,64.14322444081733,189.69820864399037,9.460358271201926,0.5699688092250241,142.0,128.38107481360578,138.92071654240385,68.55498420317303,0.0,2.0
142.18738165713603,0.0,0.0,0.0,0.0,0.0,0.0,65.59369082856801,0.5,29.08349112381864,12.687381657136019,93.40630917143199,71.86456360952268,165.27087278095465,3.86456360952267,0.0,143.86456360952266,143.59369082856801,145.59369082856801,1.86456360952267,1.0,2.0
143.09329644037558,0.0,0.0016399446605633655,0.003173462458685481,0.0,0.0,0.0,60.54664822018779,0.4,8.0,7.153351779812212,17.813407119248847,138.18659288075116,156.0,0.0,0.0,147.5466482201878,146.5466482201878,148.5466482201878,0.45335177981221153,0.0,2.0
126.8040054897041,0.0,0.0034236049407336865,0.0036195994510295907,0.0,0.0,0.0,60.0,0.561959945102959,5.3256076855857355,10.78040054897041,62.651215371171475,77.91359121647345,140.5648065876449,4.0,0.0,129.5648065876449,128.5648065876449,130.5648065876449,2.0,1.0,2.0
145.1159983574467,0.0,0.0,0.003,0.0,0.0,0.0,51.231996714893405,0.6069599014468021,12.768003285106593,8.309279868595738,24.092798685957362,140.93040098553197,165.02319967148935,0.9768003285106593,0.0,152.97680032851065,152.02319967148935,153.04639934297867,1.0463993429786813,0.0,2.0
139.66783822002105,0.0,0.0,0.0,0.0,0.0,0.0,63.88927940667369,0.5,36.88927940667369,7.588927940667368,78.21441186652632,82.5606322867579,160.7750441532842,4.778558813347368,0.0,141.22144118665264,140.1107205933263,142.1107205933263,1.0,1.0,2.0
144.15490314337612,0.0,0.0008450968566238893,0.001,0.0005774515716880554,0.0,0.0,61.57745157168806,0.5422548428311944,11.802935854807501,11.916958241741362,85.73235471506416,71.69019371324778,157.42254842831196,4.802935854807501,0.5699688092250241,146.73235471506416,144.57745157168804,147.15490314337612,3.5774515716880555,1.0,2.0
144.0,0.001957975324828595,0.0,0.0030420246751714053,0.0,0.0,0.0,48.78987662414298,0.7042024675171404,2.9579753248285945,9.888251817859953,43.53772857311454,139.78987662414298,183.32760519725753,3.0420246751714055,0.0,162.0,157.9579753248286,161.9159506496572,4.0420246751714055,0.04202467517140529,2.0
136.69952060383466,0.0,0.005919232966135443,0.0025605752753984183,0.0014798082415338608,0.0,0.0,58.537986536105535,0.5040383516932279,30.0,8.092402692778892,42.82067115463148,114.87884944920316,157.69952060383466,2.5201917584661393,0.0,144.26009587923306,142.21971236230078,144.47980824153387,4.73990412076693,0.26009587923306965,2.0
146.1638468956017,0.0,8.192344780084937e-05,0.004590382760995753,0.001,0.0,0.0,64.6723062087966,0.4081923447800849,40.8361531043983,6.9426535865394055,28.245770343402548,133.6723062087966,161.91807655219915,3.836153104398301,0.0,152.1638468956017,150.1638468956017,152.1638468956017,1.0,0.08192344780084937,2.0
148.59981335224757,0.0,0.0,0.003,0.0,0.0,0.0,58.1996267044951,0.8159888011348532,5.800373295504894,8.587985068179805,26.879850681798043,138.84011198865147,165.71996267044952,0.28003732955048943,0.0,152.28003732955048,152.71996267044952,154.439925340899,2.439925340899021,0.0,2.0
152.0,0.0,0.0,0.003283316646401758,0.0,0.0,0.0,61.14165832320088,0.4,63.291708383995605,6.02917083839956,32.72507509119209,129.99160826240615,162.71668335359823,2.5750250303973625,0.5699688092250241,159.8583416767991,156.8583416767991,159.71668335359823,1.0,1.0,2.0
148.70778176953812,0.0,0.007305455761547445,0.004246690617228614,0.0,0.0,0.0,64.21440053508087,0.3707781769538102,55.461091152309486,4.937003592584292,13.292218230461899,143.95447238676672,157.2466906172286,1.0,0.0,152.8311270781524,151.53890884769052,153.53890884769052,0.0,0.29221823046189777,2.0
138.89229838356084,0.0009107701616439152,0.0,0.003910770161643915,0.0,0.0,0.0,42.55385080821958,1.082154032328783,19.732310484931745,11.380306854520477,43.10770161643915,129.5353790301365,172.64308064657567,7.553850808219576,0.5699688092250241,161.55385080821958,155.0,158.9107701616439,7.553850808219576,0.9107701616439152,2.0
137.76980951798393,0.0,0.0022460380964032163,0.0,0.0,0.0,0.0,77.49207619280644,0.2,41.24603809640322,5.3492076192806435,17.0,128.0,145.0,1.246038096403216,0.5699688092250241,140.27773332517748,139.5237714215807,141.27773332517748,0.24603809640321606,0.7539619035967839,2.0
137.0,0.0,0.0008049067768414386,0.0,0.0,0.0,0.0,60.58527966947568,0.5804906776841439,24.73130512421986,12.007477950312056,96.0,71.0,167.0,3.0,0.0,143.0,143.41472033052432,143.80490677684145,2.6098135536828773,1.0,2.0
145.09003277800227,0.0,0.01,0.0,0.0,0.0,0.0,76.92797377759818,0.20180065556004545,44.98199344439954,5.827009833400681,21.09003277800227,128.98199344439954,150.07202622240183,1.036013111200909,0.0,146.07202622240183,145.07202622240183,147.07202622240183,0.0,1.0,2.0
145.8512414282961,0.0,0.006,0.0,0.0,0.0,0.0,76.70248285659221,0.20371896429259742,41.88843107122208,4.6706603215593505,12.074379285851949,137.0,149.07437928585196,1.0,0.0,142.0,142.0,143.0,0.0,0.0,2.0
142.63335496035162,0.0,0.01,0.0,0.0,0.0,0.0,75.72667099207032,0.4,57.17339388898453,10.217339388898452,80.45334198414065,69.63335496035161,150.08669694449227,3.81998702378903,0.0,143.63335496035162,142.63335496035162,144.63335496035162,2.0,1.0,2.0
132.30475109538614,0.0,0.0068285065723168,0.0012190043815445333,0.0,0.0,0.0,63.438008763089066,0.3695248904613867,33.1714934276832,5.669524890461386,16.1714934276832,126.9142532861584,143.0857467138416,1.0,0.0,134.9142532861584,135.0,136.30475109538614,0.0,0.0,2.0
137.0,0.0,0.003,0.001,0.0,0.0,0.0,76.65878932971769,0.2,38.97636798915308,6.651181600542346,28.146973324294237,127.0,155.14697332429424,2.0,0.0,138.0,140.6587893297177,140.82939466485885,2.6587893297176937,0.0,2.0
142.0,0.0,0.004,0.0,0.0,0.0,0.0,68.0,0.3,38.28152119841493,6.7,15.0,136.0,151.0,1.0,0.0,142.0,142.0,143.0,0.0,0.0,2.0
137.0,0.001,0.0,0.005254492320867744,0.0,0.0,0.0,60.87275383956613,0.4,43.47304607479354,5.18907231230371,22.0,133.0,155.0,2.0,0.0,142.0,140.0,142.0,0.12724616043387205,0.0,2.0
137.6754823424716,0.000887419609588063,0.0023641881986506776,0.005324517657528378,0.0,0.0,0.0,63.22516078082388,0.3887419609588063,48.324517657528375,4.991386663700292,22.225160780823874,132.77483921917613,155.0,2.0,0.0,142.5629019520597,141.45032156164774,142.5629019520597,0.11258039041193701,0.0,2.0
145.92580184222558,0.0002963140225392042,0.0066299664282448816,0.0002963140225392042,0.001,0.0,0.0,60.407371954921594,0.5,38.70368597746079,6.240737195492159,33.07419815777443,127.33317379714717,160.4073719549216,2.296314022539204,0.0,154.0,151.11105793238238,154.0,3.07419815777443,1.0,2.0
141.32558781315927,0.0,0.01,0.0004593015233550897,0.0,0.0,0.0,77.0,0.2,42.70349238322455,6.167441218684072,24.67441218684072,128.0813969532898,152.75580914013054,1.4593015233550897,0.0,142.32558781315927,143.16279390657965,144.24419085986946,1.377904570065269,0.5406984766449103,2.0
129.28960341058632,0.0,0.009034655298045592,0.005,0.0,0.0,0.0,64.0,0.4,52.455448476872945,5.396534470195441,22.90346552980456,118.28960341058632,141.19306894039087,1.096534470195441,0.0,131.19306894039087,130.19306894039087,132.09653447019545,0.0,0.0,2.0
142.48378765651768,0.0,0.0007256814847765169,0.005306743202188127,0.0,0.0,0.0,60.24189382825884,0.4,8.0,7.458106171741161,19.032424686964646,136.96757531303535,156.0,0.0,0.0,147.24189382825884,146.24189382825884,148.24189382825884,0.758106171741161,0.0,2.0
140.0124040362773,1.2404036277314789e-05,0.0002480807255462958,0.0059379798186134265,1.2404036277314789e-05,0.0,0.0,42.173656507882406,1.3888363673504167,16.012404036277314,11.054105065773935,48.037212108831945,123.96278789116806,172.0,1.0372121088319444,0.0,151.03721210883194,149.97519192744537,151.0124040362773,4.037212108831945,0.0,2.0
159.0,0.0,0.0,0.003,0.0,0.0,0.0,63.59369610360648,0.44687679654645057,11.31232034535494,11.925043117114814,91.0,81.0,172.0,0.0,0.0,163.0,163.0,164.5312320345355,2.0,1.0,2.0
136.61518312912,0.0,0.01,0.0,0.0,0.0,0.0,70.80759156456,0.369873473924,29.217713650640007,9.337216426327998,56.794938956959996,128.20506104304,185.0,4.39746947848,0.0,136.61518312912,138.41012208608,139.71138734684,2.7949389569599985,-1.0,2.0
131.59014490578656,0.0,0.002598357484297759,0.0,0.0,0.0,0.0,78.59835748429776,0.2,37.98357484297759,6.022135270412914,17.0,127.59835748429776,144.59835748429776,2.0,0.0,134.19671496859553,135.0,135.59835748429776,1.4016425157022412,0.0,2.0
144.10828657687415,0.002,0.0,0.002891713423125852,0.0,0.0,0.0,50.29723780770862,0.7297237807708618,11.108286576874148,7.391713423125852,60.54143288437074,105.67514026937755,166.2165731537483,8.0,0.0,153.0,153.2165731537483,154.51381096145693,3.2972378077086173,1.0,2.0
145.10024266547904,0.0,0.006298301341646679,0.0035004044424650767,0.0,0.0,0.0,65.0,0.37000808884930153,43.70008088849301,6.570008088849301,22.59983822301397,133.10024266547904,155.700080888493,2.7000808884930154,0.0,150.50040444246508,148.50040444246508,150.50040444246508,1.0,0.7000808884930153,2.0
144.4863863974632,0.0,0.0005136136025367932,0.001,0.0007431931987316034,0.0,0.0,61.7431931987316,0.5256806801268397,10.31126121141557,11.204269245454105,86.22957959619481,71.02722720507359,157.2568068012684,3.3112612114155695,0.5699688092250241,147.2295795961948,144.7431931987316,147.4863863974632,3.7431931987316034,1.0,2.0
139.75928582010823,9.62856719567069e-05,0.0073851426878268275,0.0,0.0047592858201082324,0.0,0.0,60.663000148151525,0.9048142835978353,15.711142984129879,12.60701419470692,129.14442850793506,64.09628567195671,193.24071417989177,9.048142835978354,0.5699688092250241,142.38514268782683,138.24071417989177,141.24071417989177,11.048142835978354,0.0,2.0
140.80578999038397,0.0,0.003388420019232051,0.0,0.0,0.0,0.0,76.19421000961603,0.2,61.708684985575964,4.290289499519199,11.902894995191987,133.90289499519199,145.80578999038397,1.0,0.0,141.80578999038397,139.90289499519199,141.90289499519199,0.0,0.0,2.0
147.40905549756474,0.00029547225121763715,0.0,0.006409055497564726,0.0,0.0,0.0,42.18188900487055,0.9556791623173544,4.704527748782363,12.868149947808254,57.6362219902589,135.73868062804408,193.374902618303,3.8522638743911815,0.5699688092250241,157.73868062804408,155.44320837682645,158.59094450243526,2.295472251217637,0.0,2.0
144.3321953167736,0.0006678046832264066,0.0,0.004003414049679219,0.0,0.0,0.0,46.99658595032078,0.7335609366452813,2.3321953167735936,11.533219531677359,29.671218732905626,138.66439063354719,168.33560936645281,2.0034140496792197,0.0,161.0034140496792,157.33560936645281,160.0034140496792,4.335609366452813,1.0,2.0
142.77966471032215,0.0,0.007627113719570464,0.00040677842989261576,0.0,0.0,0.0,77.40677842989261,0.2,61.59322157010738,4.1661005869033545,12.406778429892615,135.96610785053693,148.37288628042953,1.5932215701073842,0.0,143.59322157010737,142.77966471032215,144.77966471032215,0.0,0.4067784298926157,2.0
138.6461850111621,0.0,0.00010769750186034779,0.003569209992558609,0.0,0.0,0.0,45.64618501116209,1.0107697501860349,18.923024981396523,13.31235651748727,100.72316002976557,79.92302498139652,180.6461850111621,8.107697501860347,0.5699688092250241,161.03072248325688,155.46151249069825,158.3538149888379,7.784604996279304,1.0,2.0
148.59070766612672,0.0,0.00018533017952871445,0.005814669820471285,0.005073349102356428,0.0,0.0,53.74132071811486,2.6220047307069283,4.297311256701001,17.555315838805065,145.84938694801184,52.66797161575843,198.51735856377027,10.629339640942572,0.5699688092250241,153.40537748659798,143.29339640942572,151.84938694801184,75.0,0.8146698204712856,2.0
154.39484581095414,0.002763092513427514,0.0,0.00023690748657248585,0.0,0.0,0.0,56.71072245971746,0.5842061675618343,0.8686607840991147,5.510556827067161,25.131339215900887,153.0,178.13133921590088,0.9210308378091714,0.5699688092250241,161.15793832438166,161.07896916219082,162.15793832438166,0.9210308378091714,-0.8420616756183428,2.0
128.95804067963815,0.00047902033981907623,0.0,0.006718530509728614,0.007500000000000001,0.0,0.0,25.63461186900492,3.8999999999999995,0.0,2.9699261068782725,134.89861354343756,54.15559152918584,189.0542050726234,8.323428810633233,0.5699688092250241,92.15559152918584,104.22726441764799,100.58040679638152,76.0,-0.5209796601809238,2.0
145.43795204909867,0.0,0.0007945782787001903,0.0002054217212998097,0.0002054217212998097,0.0,0.0,53.670482376897525,1.2643373770398478,9.79457827870019,17.555315838805065,118.08132581949715,67.91867418050285,186.0,7.562047950901332,0.0,152.38373483610056,150.38373483610056,152.58915655740037,6.616265163899429,1.0,2.0
131.86131893309405,0.0,0.004965329733273517,0.0,0.0,0.0,0.0,61.4160432007178,0.39306594665470335,34.89598919982055,5.755472426762373,18.13868106690593,125.86131893309407,144.0,1.0,0.0,133.8266486663676,134.89598919982055,135.89598919982055,0.10401080017944997,0.0,2.0
148.07964784558442,0.0,0.0008343863298330208,0.001,0.001,0.0,0.0,69.84070430883115,1.3576488856085365,14.840704308831146,17.555315838805065,128.33122734033395,63.50947696849718,191.84070430883114,3.251579494749531,0.0,148.33122734033395,146.74842050525046,149.33122734033395,6.496841010500938,0.5828068350834896,2.0
143.97262509714787,0.0,0.00199087503238262,1.824993523475999e-05,0.0,0.0,0.0,46.99087503238262,0.800912496761738,11.04106235427821,13.594068771048702,90.04106235427821,74.03193738666083,164.07299974093905,5.013687451426071,0.5699688092250241,153.0410623542782,151.02281241904345,152.03193738666084,3.0228124190434507,1.0,2.0
128.0,0.0,0.00414430390616246,0.0,0.0,0.0,0.0,73.14430390616246,0.2,33.875950780111985,7.242278437535016,22.0,122.0,144.0,1.0,0.0,129.57721562464985,131.71139218767507,132.85569609383754,2.711392187675079,0.0,2.0
141.65011982330512,0.0009571086219128211,0.0,0.003392771554782053,0.0,0.0,0.0,46.650119823305126,0.8435662932869231,17.95710862191282,9.357783537112565,42.95710862191282,126.91421724382565,169.87132586573847,8.0,0.5699688092250241,157.3069887986077,154.4785543109564,156.91421724382565,5.349880176694874,0.5214456890435895,2.0
133.1272818185733,0.0,0.00038184545571985407,0.006745436362853431,0.0,0.0,0.0,44.145536367159565,0.7809077272140074,29.427231816420218,11.091810454212707,47.23630908856029,106.12728181857328,153.36359090713358,4.063640909286642,0.0,144.5545136349935,139.6817954535668,142.61815454428015,3.9363590907133577,1.0,2.0
152.3137351438571,0.0,0.0003372529712285803,0.0033254940575428394,0.0,0.0,0.0,61.964723258942776,0.883137351438571,1.8548913417571917,13.433725297122859,91.66274702877142,74.0,165.6627470287714,2.5058794568428704,0.16862648561429017,155.49412054315712,156.81961460069996,157.81961460069996,2.1686264856142903,1.0,2.0
140.80715044275954,0.0005989785081772106,0.0,0.0027969355245316316,0.0,0.0,0.0,45.80715044275953,0.9395914032708843,18.79693552453163,9.695914032708842,43.19795701635442,127.39591403270884,170.59387104906327,8.0,0.5699688092250241,158.3908065735949,154.5989785081772,157.39591403270884,5.593871049063264,1.0,2.0
143.22986599411914,0.0,0.0,0.0017701340058808664,0.0,0.0,0.0,65.11493299705957,0.4885067002940433,1.0343969735361016,9.02760050441065,22.885067002940435,129.6895979823574,152.57466498529783,1.885067002940433,0.5699688092250241,143.57466498529783,143.57466498529783,145.45973198823827,0.8850670029404332,0.0,2.0
147.43685629105985,0.0,0.001469286424116781,0.0,0.0009061427151766438,0.0,0.0,60.09385728482336,0.5187714569646712,49.281571854470066,5.494543907692836,82.62457086070657,77.34299900623651,159.96756986694308,3.844715563410206,0.0,152.96756986694308,151.06142715176645,153.06142715176645,1.1877145696467124,1.0,2.0
136.63850727774636,0.0,0.000994104986197484,0.004,0.0,0.0,0.0,61.72298544450726,0.39096268194365924,33.54813409718296,5.872888045830978,14.728880458309778,131.7288804583098,146.45776091661955,1.0,0.0,141.54813409718295,139.54813409718295,141.54813409718295,0.0,0.0,2.0
134.300396581805,0.0,0.006684401840566548,0.004346001314690392,0.0,0.0,0.0,65.01520157762847,0.5330799737061922,20.34600131469039,14.333079973706193,84.0,72.66159947412385,156.66159947412385,11.338400525876157,0.33079973706192156,143.66159947412385,141.3231989482477,143.99239921118576,3.6692002629380784,1.0,2.0
150.17071320068325,0.0,0.0,0.0010242792040994668,0.005170713200683245,0.0,0.0,68.80500759521729,1.3829286799316756,43.3907435815524,5.048710162596329,149.17071320068325,50.829286799316755,200.0,9.658573598633511,0.5121396020497335,154.34142640136648,147.34142640136648,155.17071320068325,52.292867993167555,1.0,2.0
149.2738734016936,0.0,0.00036306329915319815,0.002636936700846802,0.0,0.0,0.0,60.6369367008468,0.8515915601129069,3.242042199435465,8.59108101025404,27.757957800564533,138.3630632991532,166.12102109971772,0.12102109971773267,0.0,151.39489450141133,152.75795780056453,154.51591560112908,3.363063299153198,-0.12102109971773267,2.0
138.14835763277316,0.0,0.003425821183613422,0.0014282276479516778,0.0005717723520483223,0.0,0.0,57.85886176024161,0.5428227647951678,2.858861760241611,8.699037414264698,51.13873177542013,106.71772352048322,157.85645529590334,1.8564552959033556,0.5699688092250241,144.57417881638656,142.57417881638656,144.57417881638656,3.1435447040966444,0.5717723520483222,2.0
135.06978540702016,0.0005174463517550413,0.0,0.006965107296489918,0.0,0.0,0.0,55.76169527632562,0.49651072964899173,47.55233905526512,5.7651072964899175,23.447660944734878,129.13957081404033,152.5872317587752,2.0,0.0,143.44766094473488,141.48255364824496,142.96510729648992,0.4825536482449587,0.4825536482449587,2.0
151.0,0.0,0.0,0.006,0.006,0.0,0.0,63.43042741032099,1.213914517935802,23.152137051604953,5.961777466330851,150.0,50.0,200.0,9.29128223096297,0.5699688092250241,156.0,149.430427410321,156.0,41.41743553807406,1.0,2.0
141.0,0.0,0.01,0.0013661068244177614,0.0,0.0,0.0,77.04916023662665,0.23169465877911194,49.0,4.736610682441776,9.683053412208881,136.0,145.6830534122089,1.0,0.0,142.3169465877911,141.0,143.0,0.0,0.3169465877911193,2.0
146.0,0.0,0.0,0.005,0.0004345959608587118,0.0,0.0,65.0,0.4,42.69621211742386,6.773838384343485,24.60757576515227,134.0,158.60757576515226,3.4345959608587115,0.0,152.0,150.0,152.0,1.0,0.5654040391412882,2.0
144.0,0.0,0.01,0.0,0.0,0.0,0.0,76.54775931146031,0.22261203442698435,63.130601721349215,3.890448137707937,12.904481377079374,137.5477593114603,150.4522406885397,2.0,0.0,144.22612034426984,144.4522406885397,146.22612034426984,0.0,0.0,2.0
145.20384686203028,0.0,0.0007961531379697369,0.003009617155075658,0.0,0.0,0.0,71.38845941390922,0.3,56.19422970695461,4.3611540586090785,10.601923431015132,144.60192343101514,155.20384686203028,0.7961531379697369,0.0,151.60192343101514,150.0,152.0,0.0,0.39807656898486843,2.0
133.64486026027092,0.00021495342009030774,0.01,0.0,0.0,0.0,0.0,67.49532605936784,0.4429906840180616,23.172895929232382,9.88177561895033,58.53738355022577,127.0,185.53738355022577,5.214953420090308,0.10747671004515391,134.1822438104967,137.07476710045154,138.07476710045154,4.0,-1.0,2.0
126.10366010065431,0.0,0.0008867600287583755,0.0005566199856208123,0.0008867600287583755,0.0,0.0,73.33014004313756,0.3,61.547040115033504,4.549127936731574,55.547040115033504,93.31098030196294,148.85802041699645,4.330140043137563,0.0,126.10366010065431,125.66028008627512,127.10366010065431,1.0,0.5566199856208123,2.0
139.75037294896873,0.0,0.01,0.003143283370249968,0.0,0.0,0.0,63.42835831487501,0.4,10.607089578718753,7.903544789359376,20.0,134.17873126384373,154.17873126384373,1.392910421281246,0.0,146.17873126384373,144.7858208425625,146.7858208425625,1.0,0.0,2.0
141.47476978763206,0.0007373848938160225,0.0036869244690801127,0.005156537765459944,0.0,0.0,0.0,77.89392265927597,0.3474769787632045,15.782688827299719,8.895985255776852,45.16169425671216,132.9443830840119,178.10607734072403,3.2626151061839774,0.0,154.10607734072403,151.10607734072403,153.10607734072403,3.106077340724034,0.0,2.0
139.95848581153163,0.00040830283769367445,0.0023667886492253023,0.0020415141884683723,0.0,0.0,0.0,65.14188013614428,0.34083028376936747,41.449817026162044,6.0467154596901205,17.85811986385572,134.77509148691897,152.6332113507747,1.4083028376936744,0.0,142.0,141.18339432461266,142.59169716230633,0.0,0.0,2.0
137.0,0.0,0.0037026337730855165,0.001,0.0,0.0,0.0,75.0,0.2,31.189464907657936,7.040526754617103,24.0,127.0,151.0,2.0,0.0,138.0,139.0,139.29736622691448,1.0,0.0,2.0
123.0,0.0,0.0007625665316251937,0.00023743346837480628,0.0,0.0,0.0,70.4748669367496,0.3,64.10053225300155,6.042460081024884,35.22353630424574,96.96363103762829,132.18716734187404,1.4748669367496126,0.0,123.0,123.0,124.0,1.0,1.0,2.0
147.56181888772895,0.001462908667362628,0.001462908667362628,0.001537091332637372,0.0,0.0,0.0,57.586546442820534,0.7537091332637372,1.537091332637372,7.67596393284616,24.586546442820534,141.41345355717945,166.0,0.0,0.0,154.43818111227105,154.46290866736263,156.46290866736263,2.024727555091581,0.0,2.0
149.52112401404173,0.0017915503943833047,0.0,0.008270426380341566,0.0008957751971916524,0.0,0.0,38.146472830891824,1.0791550394383305,8.957751971916522,7.2357712971309205,72.98027125335861,102.85352716910818,175.83379842246677,5.791550394383305,0.0,163.41689921123339,159.2084496056167,163.0,7.104224802808348,1.0,2.0
143.53804531057926,0.0,0.0,0.005230977344710375,0.0,0.0,0.0,60.307067965868875,0.4,31.0,6.5229624604092935,20.846466017065563,139.46195468942074,160.30842070648632,2.0,0.0,153.07744336177595,150.69293203413113,153.07744336177595,1.0,0.0,2.0
145.43833534310633,0.0,0.0,0.0005123329313787355,0.0,0.0,0.0,63.0,0.4512332931378736,32.561664656893676,9.36356622451661,36.02466586275747,120.48766706862126,156.51233293137872,4.024665862757471,0.5699688092250241,147.95066827448505,146.95066827448505,148.43833534310633,1.5123329313787357,1.0,2.0
151.0,0.0,0.0,0.008,0.005,0.0,0.0,60.65222425954547,1.1608897038181891,15.695551480909055,8.030792242772854,140.9578307481823,50.0,190.9578307481823,8.0,0.5699688092250241,156.0,148.0,155.0,40.261121297727364,1.0,2.0
152.0,0.0,0.0,0.003950531052586204,0.0,0.0,0.0,59.09893789482759,0.49505310525862034,62.09893789482759,9.331805578793091,37.802124210344815,126.14840684224139,163.9505310525862,3.0,0.5699688092250241,160.0,157.0,159.0494689474138,1.9505310525862036,1.0,2.0
146.39609360070986,0.0,0.0012013021330967118,0.0,0.0,0.0,0.0,76.19804680035493,0.26006510665483556,55.20455746583849,4.319479146761315,10.399348933451645,144.7986978669033,155.19804680035494,1.6006510665483558,0.0,152.19804680035494,151.19804680035494,153.19804680035494,0.0,1.0,2.0
138.25640608382344,0.0005128121676468804,0.0015128121676468804,0.003717969580882799,0.0015128121676468804,0.0,0.0,55.46156349705936,1.6051248670587521,7.435939161765598,8.438469049117808,136.10249734117505,57.94875132941248,194.0512486705875,9.76921825147032,0.5699688092250241,143.2820304191172,129.5640608382344,139.79484258676408,69.87187832353119,0.0,2.0
151.40600910757195,0.0015062660594952026,0.0,0.005468669702523986,0.0,0.0,0.0,52.94987152403838,0.6012532118990406,5.468669702523986,9.454386241646642,42.025064237980814,143.94987152403837,185.9749357620192,1.5187981784856084,0.0,164.46866970252398,163.43107334555276,165.94987152403837,4.493733940504797,0.0,2.0
140.82947984311835,0.0006341040313763314,0.008072832251010652,0.0,0.00036589596862366867,0.0,0.0,56.19537581174201,0.7902312094128994,4.463583874494675,9.070693628238699,116.97514434513964,55.73179193724734,172.70693628238698,4.902312094128994,0.5699688092250241,150.3410403137633,147.73179193724735,148.36589596862368,9.365895968623668,1.0,2.0
151.0,0.0,0.0,0.007858135567732454,0.005070932216133773,0.0,0.0,61.141864432267546,1.3,15.42559329680264,10.33685590289232,150.0,50.0,200.0,8.0,0.5699688092250241,156.0,148.07093221613377,155.07093221613377,42.141864432267546,1.0,2.0
146.0,0.0,0.0,0.003254391580841847,0.0,0.0,0.0,64.74560841915816,0.4,36.96486735326523,7.05087831616837,19.0,137.0,156.0,1.254391580841847,0.0,150.0,148.49121683831632,150.74560841915815,1.0,0.745608419158153,2.0
136.36185309320513,0.001,0.0,0.005,0.0,0.0,0.0,61.36185309320514,0.4638146906794861,45.828881440769166,7.05918195766664,27.743322161153753,127.25667783884624,155.0,6.467028347564029,0.0,142.0,140.0,141.36185309320513,1.2762938135897226,0.0,2.0
136.88997342002605,0.0,0.01,0.0010550132899869728,0.0,0.0,0.0,69.61490697009118,0.3055013289986973,57.637533224967434,4.141748006501954,9.417480065019541,133.0,142.41748006501953,1.0,0.0,137.88997342002605,137.41748006501953,138.88997342002605,0.0,0.0,2.0
134.90870250899522,0.0,0.00636518996401907,0.0028630537634928488,0.0,0.0,0.0,61.50213620052622,0.49087025089952324,20.954351254497617,9.468045878148331,35.81740501799047,108.31954121851669,144.13694623650716,4.863053763492848,0.0,137.7717562724881,135.04564874550238,136.95435125449762,3.0,0.9543512544976163,2.0
137.29987951223342,0.0,0.01,0.0027001204877665887,0.0017199518048933646,0.0,0.0,57.6195903415936,0.5420072292659953,31.719951804893366,7.416106029234598,54.87980721957346,103.42007229265995,158.29987951223342,4.0,0.0,150.1598554146801,143.43990360978674,144.71995180489336,8.299879512233412,1.0,2.0
133.59858600128698,0.0,0.006508671229878247,0.005169557076626083,0.0,0.0,0.0,66.16955707662608,0.5276814307791305,23.107257231165224,13.552601368963474,84.27681430779131,72.27681430779131,156.55362861558262,10.61592846104347,0.2768143077913058,143.8304429233739,141.38407153895653,144.10725723116522,3.4463713844173887,1.0,2.0
142.0,0.0,0.0,0.006971532690901051,0.0,0.0,0.0,59.9430653818021,0.4,17.398542327385293,6.780072883630735,21.02846730909895,141.97153269090106,163.0,0.05693461819789869,0.0,153.0569346181979,152.02846730909894,153.0569346181979,1.0,0.0,2.0
148.6626940142061,0.0,0.0,0.0073373059857938985,0.0,0.0,0.0,47.97616408523661,0.5668652992896949,19.0,7.231347007103051,19.0,149.3373059857939,168.3373059857939,1.3313470071030507,0.0,159.6865299289695,159.6746119715878,161.34326496448475,0.9940410213091523,0.0,2.0
136.55387682566376,0.0,0.009158780104129568,0.0025179589418879173,0.0,0.0,0.0,53.15878010412957,0.5035917883775834,60.51795894188792,4.569754836076709,13.697548360767092,131.44612317433624,145.14367153510335,1.0,0.0,138.5897947094396,138.07183576755168,139.5897947094396,0.0,0.0,2.0
143.17658627643036,0.0005882931382151788,0.0019609771273839294,0.005411706861784821,0.0,0.0,0.0,58.58829313821518,0.4196097712738393,30.019511436308036,6.354927026559911,22.78439085095357,140.60780457452321,163.39219542547679,2.0,0.0,154.60780457452321,152.8039022872616,154.8039022872616,1.196097712738393,0.0,2.0
140.66468042645462,0.0003892199289242317,0.01,0.0019460996446211587,0.0,0.0,0.0,63.832340213227305,0.3389219928924232,42.610780071075766,6.071858078183345,23.221560142151535,131.77843985784847,155.0,2.0,0.0,145.05390035537883,143.05390035537883,145.05390035537883,0.6107800710757683,0.0,2.0
143.0875153706757,0.0,0.00503521749138818,0.0002806832155159743,0.003877267137936103,0.0,0.0,61.84204964654792,1.1806832155159743,14.03521749138818,16.66638487584281,129.28068321551598,61.7545342758722,191.03521749138818,7.035217491388179,0.5699688092250241,144.2454657241278,140.80683215515975,143.80683215515975,10.43863356896805,0.2806832155159743,2.0
140.224472383305,0.0,0.01,0.0,0.0,0.0,0.0,77.0,0.22244723833049895,79.75527616695011,3.5877638083475056,8.22447238330499,136.44894476660997,144.67341714991497,1.0,0.0,141.67341714991497,140.67341714991497,142.67341714991497,0.0,0.22447238330498942,3.0
126.56053398302367,0.0,0.0,0.006186844661007889,0.006532888347480276,0.0,0.0,43.1453762076928,1.6546711165251973,0.0,4.895519415278699,86.8269781567638,64.07959951273224,150.90657766949604,3.4532888347480277,0.4532888347480276,101.71973300848816,104.90657766949606,104.26644417374014,32.09342233050395,0.0,3.0
128.0,0.0,0.00147560973067242,0.00752439026932758,0.005,0.0,0.0,66.0,2.804878053865516,0.0,0.0,129.0,63.0,192.0,5.04878053865516,0.52439026932758,103.95121946134483,86.3780486533621,110.95121946134483,20.47560973067242,-0.52439026932758,3.0
123.0,0.0,0.0,0.0,0.0,0.0,0.0,73.55923725306177,0.3,82.18278722458729,2.8440762746938226,9.0,120.0,129.0,2.0,0.0,123.0,124.0,125.0,0.0,0.0,3.0
149.19847387824936,0.0,0.01,0.0,0.0,0.0,0.0,77.39694775649869,0.2,82.18278722458729,2.8400763060875325,5.801526121750652,146.19847387824936,152.0,1.0,0.0,149.19847387824936,148.59923693912467,150.19847387824936,0.0,0.0,3.0
148.0,0.0,0.01,0.0008807193373835643,0.0,0.0,0.0,73.11928066261643,0.24403596686917822,76.23856132523287,4.0403596686917815,14.880719337383564,137.67892099392466,152.55964033130823,0.0,0.0,148.88071933738357,148.0,149.44035966869177,0.0,0.4403596686917821,3.0
133.0,0.0,0.001,0.005844759754069288,0.003,0.0,0.0,60.0,2.2931441475584275,0.0,5.4812447623852085,105.0,60.0,165.0,5.0,0.0,100.0,103.06855852441572,107.84475975406929,50.913318278485015,0.0,3.0
122.0,0.0,0.0,0.0028180718695047288,0.0,0.0,0.0,85.63614373900946,0.3363856260990542,5.818071869504729,11.145784391485813,68.0,62.0,130.0,0.8180718695047289,0.0,122.0,122.0,123.0,1.3638562609905422,1.0,3.0
131.3414274521622,0.0,0.00013821437898648271,0.004,0.004829286273918897,0.0,0.0,63.41464313695945,1.9276428757972965,0.0,0.8845720255134895,104.13821437898648,61.03249934709462,165.1707137260811,5.276428757972965,0.0,89.06103488156756,91.89428496810814,92.0,76.0,-1.0,3.0
143.5150391592027,0.0,0.01,0.0,0.0,0.0,0.0,78.08396285627175,0.3107769075732735,76.6766927728018,7.846115462133633,80.91603714372825,71.0,151.91603714372823,2.0538845378663675,0.0,144.89223092426727,143.89223092426727,145.89223092426727,1.0,1.0,3.0
110.0,0.003626690683720247,0.002,0.005373309316279753,0.007500000000000001,0.0,0.0,67.37330931627976,3.2253381367440492,0.0,0.0,131.11992794883926,61.88007205116074,193.0,6.119927948839258,0.0,89.11992794883926,84.2533813674405,96.2533813674405,52.6537416232442,-1.0,3.0
150.72925532685645,0.0,0.0017292553268564463,0.0,0.0,0.0,0.0,81.81223401943066,0.37292553268564466,29.082978692574216,6.491702130742579,30.209574575990246,131.62446803886132,161.83404261485157,1.4585106537128925,0.0,151.4585106537129,151.4585106537129,152.4585106537129,1.0,0.27074467314355377,3.0
130.643999543239,0.0,0.01,0.0,0.0,0.0,0.0,80.0,0.3,0.0,7.5287999086478035,49.0,96.0,145.0,3.0,0.0,108.0,124.28799908647804,125.8639972594341,42.86399725943409,1.0,3.0
110.0,0.0025912658289019034,0.0024087341710980967,0.004956329144509518,0.007500000000000001,0.0,0.0,68.0,3.0817468342196195,0.0,0.0,129.32139246011712,61.22620251329429,190.54759497341144,6.0,0.4087341710980964,91.0,81.54759497341142,94.0,42.54759497341142,-1.0,3.0
148.0,0.0,0.01,0.0,0.0,0.0,0.0,74.02538635566034,0.2,78.15231813396207,3.582229551037759,13.822295510377586,139.15231813396207,152.97461364433966,0.02538635566034486,0.0,148.0,148.0,149.0,0.0,0.0,3.0
135.31230519473237,0.0,0.0,0.0,0.0,0.0,0.0,68.93691558419714,0.3,71.84384740263381,3.915615259736619,10.46845779209857,133.31230519473237,143.78076298683095,1.0,0.0,137.46845779209858,136.78076298683095,138.62461038946475,0.15615259736619036,0.0,3.0
142.98819439806823,0.0,0.007544444338441638,0.0,0.0,0.0,0.0,75.01180560193178,0.3,71.71597222884739,3.3704166626915617,10.420138855763012,138.2840277711526,148.70416662691562,1.0,0.0,145.70416662691562,144.420138855763,146.420138855763,0.0,1.0,3.0
128.0,0.0,0.0023410760580898486,0.007,0.005341076058089849,0.0,0.0,65.0,2.5658923941910152,0.0,0.0,129.0,63.0,192.0,5.658923941910151,0.0,106.75183663898834,93.70538029044924,114.6821521161797,26.976771825730452,0.0,3.0
130.08128797751044,0.0019729040074965166,0.0,0.01191871202248955,0.007500000000000001,0.0,0.0,61.0,2.0162575955020903,0.0,0.0,127.13547996251742,50.054191985006966,177.18967194752437,5.054191985006967,0.0,121.10838397001393,97.94580801499303,114.64775209745471,76.0,0.0,3.0
146.4439443238659,0.0,0.0026636659431953933,0.0,0.0,0.0,0.0,82.00225054260345,0.2,81.66591648579885,2.9,9.334083514201152,141.10986080966475,150.4439443238659,1.0,0.0,146.4439443238659,145.66591648579885,147.4439443238659,0.0,0.0,3.0
130.0,0.002,0.0,0.012462149593176142,0.007500000000000001,0.0,0.0,60.53785040682386,2.0231074796588073,0.0,0.0,127.0,50.0,177.0,5.6932243897642145,0.4621495931761428,121.0,98.69322438976421,115.0,76.0,0.0,3.0
129.65621451280253,0.00032810725640127164,0.01,0.0036718927435987285,0.0023281072564012716,0.0,0.0,29.67189274359873,2.067189274359873,0.0,8.368757097439492,122.42217664117838,54.0,176.4221766411784,13.246502024899133,0.0,129.0,106.62485805121017,122.62485805121017,76.0,0.3281072564012716,3.0
132.9408683867369,0.001019710537754364,0.0,0.00909855268877182,0.004197105377543642,0.0,0.0,59.980289462245636,2.786202623571945,0.0,0.0,127.0,56.86202623571945,183.86202623571944,8.0,0.03942107550872831,124.92115784898255,98.05913161326309,104.216815915298,76.0,0.0,3.0
133.0,0.0,0.0,0.006271239926107983,0.0,0.0,0.0,64.93697723786117,0.38958914180154264,80.68767425404627,3.6895891418015427,11.583565672061704,126.52054290992287,138.10410858198458,1.0,0.0,133.10410858198458,132.20821716396915,134.10410858198458,0.0,0.0,3.0
134.0,0.00420008391462681,0.0012000839146268107,0.0012000839146268107,0.003,0.0,0.0,61.20008391462681,1.739974825611957,0.0,0.0,116.99958042686595,67.00041957313405,184.0,5.599832170746379,0.0,89.06103488156756,112.20008391462682,110.79991608537318,76.0,-1.0,3.0
128.17854466205432,0.0,0.01,0.003178544662054334,0.0028214553379456663,0.0,0.0,29.178544662054335,2.182145533794567,0.0,7.432108060670634,141.96474074507634,54.0,195.96474074507634,13.246502024899133,0.0,129.0,106.464366013837,123.28582135178266,76.0,0.0,3.0
129.0,0.0,0.001,0.006,0.007500000000000001,0.0,0.0,65.0,2.8,0.0,0.0,101.0,50.0,151.0,7.0,0.5699688092250241,105.0,86.69450778429625,112.0,13.0,0.0,3.0
129.52363443790654,0.0,0.0007618172189532735,0.0007145483431401795,0.0007618172189532735,0.0,0.0,79.90546224837381,0.22381827810467267,82.18278722458729,2.214364502942054,25.14180662743928,107.14364502942054,132.28545165685983,4.570903313719641,0.0,130.28545165685983,129.0472688758131,131.28545165685983,0.7618172189532735,1.0,3.0
136.8011172144813,0.0,0.0,0.0,0.0,0.0,0.0,73.40335164344393,0.3,71.09944139275935,3.9900558607240653,12.701675821721965,134.8011172144813,147.5027930362033,1.0,0.0,139.70167582172198,140.5027930362033,141.60223442896262,0.9005586072406548,0.0,3.0
123.0,0.0,0.0015136556180010917,0.0,0.0,0.0,0.0,70.0,0.3,57.890755055991264,6.21638674160131,28.081933708006552,102.43172190999454,130.51365561800108,0.48634438199890817,0.0,123.0,121.72951657299836,123.4863443819989,1.0,1.0,3.0
133.0,0.0,0.0,0.0,0.0,0.0,0.0,73.0,0.22777330681443408,82.18278722458729,3.355546613628868,8.0,131.0,139.0,1.0,0.0,133.27773306814433,134.0,135.0,0.0,0.0,3.0
110.0,0.003855696468106286,0.002,0.005288607063787428,0.007500000000000001,0.0,0.0,67.14430353189371,3.2567089404318854,0.0,0.0,130.43291059568114,62.56708940431886,193.0,5.144303531893714,0.0,89.06103488156756,84.85569646810629,96.56708940431886,56.979750553488,-1.0,3.0
133.49065959370097,0.0033208794582679666,0.01,0.0013395602708660167,0.003,0.0,0.0,57.246156207875764,1.8679120541732035,0.0,0.6451645146454319,119.69780135433008,63.9626383748039,183.66043972913397,5.848900677165042,0.1697801354330084,89.06103488156756,104.81153905196894,106.15109932283495,76.0,-1.0,3.0
122.0,0.0,0.0,0.0018084494111446356,0.0,0.0,0.0,84.80844941114464,0.37943670592369094,6.0,12.585917648092273,68.0,62.0,130.0,0.6028164703815452,0.0,122.0,122.0,123.0,1.7943670592369096,1.0,3.0
149.3361702731413,0.0,0.01,0.0016595743171467694,0.0,0.0,0.0,72.99148918057612,0.4331914863429354,13.353191911989047,8.663404185887513,21.978722951440307,139.33191486342935,161.31063781486966,0.33191486342935383,0.0,150.66808513657065,150.66808513657065,151.66808513657065,0.33191486342935383,0.33617027314129233,3.0
133.0,0.0,0.0,0.011590031409168358,0.001409968590831642,0.0,0.0,60.20498429541582,2.9590031409168356,0.0,0.0,97.20498429541583,57.79501570458418,155.0,4.0,0.0,125.0,95.79501570458417,104.59003140916836,76.0,0.0,3.0
128.0,0.0,0.002,0.007,0.005,0.0,0.0,65.29314773026101,2.6293147730261013,0.0,0.0,129.0,63.0,192.0,5.4137045394779735,0.0,103.58629546052202,91.12055680921696,113.41370453947798,25.947965888172906,0.0,3.0
120.0,0.0,0.0,0.0041036641814788805,0.00689633581852112,0.0,0.0,64.0,1.2792671637042239,0.0,8.368900745556337,85.0,69.0,154.0,2.89633581852112,0.5699688092250241,89.06103488156756,97.10366418147888,93.20732836295777,47.58534327408448,-1.0,3.0
110.0,0.003013001923510736,0.002,0.005986998076489264,0.006026003847021472,0.0,0.0,67.98699807648926,3.1026003847021473,0.0,0.0,132.9609942294678,60.039005770532206,193.0,7.960994229467792,0.0,90.96099422946779,82.03900577053221,95.02600384702147,42.22103269968251,-1.0,3.0
124.08550853085447,0.0,0.0007695767776902127,0.0,0.0,0.0,0.0,85.37533791376511,0.20855085308544682,71.34203412341787,3.4085508530854467,9.828982938291064,118.17101706170894,128.0,0.0,0.0,124.08550853085447,123.17101706170894,125.08550853085447,0.0,0.0,3.0
134.0,0.003,0.0,0.0,0.0,0.0,0.0,64.20788625514602,1.7207886255146028,0.0,0.0,114.0,66.0,180.0,6.415772510292054,0.5699688092250241,89.06103488156756,100.79211374485398,101.79211374485398,76.0,-1.0,3.0
130.0,0.00197346779612618,0.00197346779612618,0.00810612881549528,0.007500000000000001,0.0,0.0,63.94693559225236,2.394693559225236,0.0,0.0,161.0,50.0,206.0,8.02653220387382,0.0,89.06103488156756,85.10612881549528,112.02653220387381,76.0,-0.9734677961261803,3.0
132.63291891580818,0.0,0.0039071771754489865,0.003544306305269392,0.0069113873894612165,0.0,0.0,66.092822824551,1.8270048045628582,0.36287087017959463,0.054430630526939194,65.82277477892244,79.27004804562858,145.092822824551,6.274258259640811,0.0,122.81435435089797,117.27004804562858,121.81435435089797,14.27425825964081,0.18143543508979731,3.0
134.16958439030307,0.0,0.01,0.002501750634181847,0.0008339168780606156,0.0,0.0,72.49474809745446,1.1756127219636463,0.8339168780606157,4.439595082884814,51.918709073212156,91.41345717066662,143.33216624387876,3.0,0.0,117.59004409769707,123.0,125.33566751224247,27.325163707151383,1.0,3.0
131.31430179763,0.0005785754494075021,0.01,0.00689287724703751,0.0031571508988150043,0.0,0.0,49.092989830447564,2.1,0.0,3.5821086800362325,130.89287724703752,52.842849101184996,183.7357263482225,7.792820955332481,0.0,126.68569820236999,98.21424550592498,106.69276466362746,76.0,-0.578575449407502,3.0
148.32198486676907,0.0,0.01,0.0,0.0,0.0,0.0,71.10213619907832,0.2536641444615126,77.1413736886158,3.6321984866769075,13.356030266461849,140.60992433384538,153.9659546003072,0.0,0.0,149.18061117815327,149.07328288923026,150.18061117815327,0.0,0.0,3.0
130.0,0.001182556438261559,0.001182556438261559,0.011269774246953764,0.007500000000000001,0.0,0.0,62.36511287652312,2.2547669314784677,0.0,0.0,161.0,50.0,206.0,8.634887123476881,0.0,89.06103488156756,87.90466137043065,113.18255643826156,76.0,-0.1825564382615591,3.0
120.0,0.0,0.0,0.004316365296604248,0.006,0.0,0.0,63.316365296604246,1.1683634703395753,0.0,8.544362557207238,84.31636529660425,69.0,153.31636529660426,3.367269406791504,0.5699688092250241,89.06103488156756,99.02545205509362,97.05090411018726,48.10180822037451,-0.658182648302124,3.0
126.18403596598095,0.0,0.0002594234334312925,0.00696230626627483,0.007500000000000001,0.0,0.0,63.778270300293876,3.655210789794286,0.0,1.660309973960272,93.89135150146939,63.14634223225578,157.03769373372518,5.518846866862585,0.0,89.06103488156756,80.78463193847622,111.25499073078639,76.0,-0.2594234334312925,3.0
120.0,0.0,0.0,0.003759384816334534,0.006,0.0,0.0,62.0,1.3759384816334534,0.0,9.362030759183273,83.75938481633453,69.0,152.75938481633455,5.240615183665466,0.5699688092250241,89.06103488156756,101.0,99.8609227754982,59.03753926533813,-0.3796924081672669,3.0
150.0,0.0,0.01,0.0,0.0,0.0,0.0,76.3261657473075,0.3590294942514808,25.784396092218653,6.793796344789981,16.59029494251481,139.40970505748518,156.0,0.0,0.0,150.59029494251482,150.59029494251482,151.59029494251482,0.0,0.5902949425148077,3.0
129.0,0.0,0.001,0.006,0.0052680636408228764,0.0,0.0,66.0,2.9072254563291504,0.0,0.0,94.53612728164575,50.0,144.53612728164575,6.5361272816457525,0.0,105.0,84.19580907753137,109.46387271835425,10.731936359177123,0.0,3.0
134.0,0.0021275532764525977,0.000375851092150866,0.006617340170642207,0.006744893447094804,0.0,0.0,39.15478822528031,3.8999999999999995,0.0,0.0,137.9727650511723,56.013617474413856,193.98638252558615,5.3758510921508655,0.5699688092250241,89.06103488156756,108.87925546075434,108.50340436860347,76.0,-0.375851092150866,3.0
146.81882330438248,0.0,0.004912939826294886,0.0,0.0,0.0,0.0,80.31529513027884,0.2,82.18278722458729,2.9,8.771765043426278,142.0470582609562,150.81882330438248,1.0,0.0,146.81882330438248,146.22823495657371,147.81882330438248,0.0,0.0,3.0
133.44795281914801,0.0,0.0,0.00955204718085198,0.004343858457444059,0.0,0.0,61.79181127659208,2.4936849255335645,0.0,1.7022207127624749,76.07251898937179,69.1988204787005,145.27133946807228,3.3438584574440595,0.0,130.37543382977623,106.30291484040445,116.82338664892426,63.8011795212995,1.0,3.0
129.0,0.0,0.001,0.005436126529135317,0.007127746941729367,0.0,0.0,65.43612652913532,3.030837958740595,0.0,0.0,98.81936735432342,50.0,148.81936735432342,6.872253058270633,0.5699688092250241,105.0,83.12774694172937,109.69162041259405,11.127746941729367,0.0,3.0
136.5276712022904,0.0,0.0,0.009294465759541917,0.007500000000000001,0.0,0.0,58.17786303816767,2.588339727862575,0.0,0.4938739683206576,105.70553424045808,55.588931519083836,161.2944657595419,6.0,0.5699688092250241,132.0553424045808,105.17194512595508,117.11068480916165,76.0,0.7055342404580823,3.0
122.0,0.0,0.0,0.0020515466930378433,0.0,0.0,0.0,84.10309338607568,0.48969066139243134,5.051546693037843,13.44535992088647,68.0,62.0,130.0,0.051546693037843316,0.0,122.0,122.0,123.0,2.8969066139243136,1.0,3.0
129.0,0.0,0.001,0.006236394205840239,0.006,0.0,0.0,66.23639420584024,2.9709182617520717,0.0,0.0,90.69048111823665,53.78230729344383,144.47278841168048,7.763605794159761,0.0,105.0,83.8180289707988,108.52721158831952,10.527211588319522,0.0,3.0
140.14011317576646,0.0,0.01,0.0,0.0,0.0,0.0,77.0,0.21401131757664527,80.59886824233547,3.629943412116774,8.140113175766453,136.28022635153292,144.42033952729935,1.0,0.0,141.42033952729935,140.42033952729935,142.42033952729935,0.0,0.14011317576645255,3.0
124.73693595179583,0.0,0.007816211783081214,0.0,0.0,0.0,0.0,68.78919214461253,0.3,76.97298036153131,3.407927583128539,8.131532024102087,120.0,128.13153202410209,0.2630640482041744,0.0,124.73693595179583,124.86846797589791,125.86846797589791,0.0,0.0,3.0
126.5879816122534,0.0,0.0005125688017504863,0.0,0.0005125688017504863,0.0,0.0,74.5879816122534,0.24874311982495137,80.5879816122534,3.0236055163239786,23.613119215754377,107.43715599124756,131.05027520700196,3.562844008752432,0.0,127.10055041400389,126.5879816122534,128.1005504140039,0.5125688017504864,1.0,3.0
120.0,0.0,0.0,0.005,0.007500000000000001,0.0,0.0,64.0,1.7,0.0,0.0,111.0,63.0,174.0,10.0,0.5699688092250241,89.06103488156756,92.10544777310591,101.89455222689409,42.89455222689409,-1.0,3.0
128.40028948810536,0.0,0.01,0.003,0.0022001447440526847,0.0,0.0,29.799855255947314,2.1200144744052687,0.0,8.439884204757853,129.6011579524215,54.0,183.6011579524215,12.200144744052684,0.0,129.0,104.40028948810537,120.40028948810537,76.0,0.0,3.0
129.6538430804462,0.0,0.0034017080357538676,0.002551281026815401,0.0008504270089384669,0.0,0.0,74.0705164061461,1.3079056584915434,4.299145982123067,9.094233381620729,62.897437946369195,71.77991060279237,134.67734854916156,1.2756405134077005,0.0,125.8269215402231,122.42521350446923,125.97649453128463,6.401708035753868,1.0,3.0
150.0,0.0,0.002044938616640235,0.0,0.0,0.0,0.0,83.95506138335976,0.3022469308320117,37.02246930832012,5.2,15.91012276671953,140.17975446656095,156.08987723328048,0.0,0.0,150.04493861664022,150.08987723328048,151.08987723328048,0.022469308320117398,0.0,3.0
133.26867735938495,0.0008060320781548382,0.0,0.0029252905624602157,0.0029252905624602157,0.0,0.0,63.53735471876989,1.8731322640615053,0.0,0.0,106.68677359384947,63.07470943753978,169.76148303138925,5.806032078154838,0.2686773593849461,89.06103488156756,94.88074151569462,94.41809623446451,76.0,-1.0,3.0
131.16653685864347,0.0,0.0032085604973739316,0.005624902643982601,0.0,0.0,0.0,64.45836578533914,0.4,77.33307371728694,3.7916731570678266,9.708171073304335,126.45836578533914,136.16653685864347,1.0,0.0,132.08326842932172,131.08326842932172,133.08326842932172,0.0,0.0,3.0
120.0,0.0,0.0,0.0043665217801738525,0.007500000000000001,0.0,0.0,60.83260890086926,1.4167391099130737,0.0,10.000434659478442,83.73304356034771,69.0,152.7330435603477,3.2669564396522945,0.5699688092250241,89.16739109913074,103.06782575860917,101.96826041808762,51.60173863791377,-0.36652178017385273,3.0
132.578876854332,0.0,0.01,0.0015473261125992137,0.0005157753708664045,0.0,0.0,75.35802166220236,0.8415641394097249,0.5157753708664046,0.07736630562996068,35.96296750669646,101.32647092046955,137.289438427166,1.5157753708664046,0.0,113.93141676496366,120.77366305629961,122.57887685433202,19.905347774801573,-0.48422462913359543,3.0
148.27871214814564,0.0,0.01,0.0,0.0,0.0,0.0,75.5574242962913,0.2,82.18278722458729,2.8860643925927176,6.721287851854352,145.27871214814564,152.0,1.0,0.0,148.27871214814564,148.13935607407282,149.27871214814564,0.0,0.0,3.0
135.0,0.0,0.0,0.0,0.0,0.0,0.0,62.825348816003505,0.4834930236799299,70.6698604735986,6.5203395446383885,93.53353497278528,70.3397209471972,163.87325591998248,2.8349302367992992,0.0,142.0095814207958,141.0095814207958,143.0095814207958,0.8349302367992991,1.0,3.0
110.0,0.004,0.001968804361407104,0.005062391277185792,0.007500000000000001,0.0,0.0,67.01559781929645,3.2953206542110656,0.0,0.0,130.04679345788935,62.95320654211066,193.0,5.031195638592896,0.0,89.06103488156756,85.03119563859289,96.96880436140711,58.71923925266394,-1.0,3.0
124.3201687238812,0.0,0.01,0.004,0.007154141093816116,0.0,0.0,51.770705469080575,2.337154908848657,0.0,3.3644171667371894,112.11464726545971,54.52569018230268,166.6403374477624,7.474309817697314,0.5699688092250241,89.06103488156756,87.84585890618388,86.5,76.0,-1.0,3.0
133.4849621424551,0.0033132828566067862,0.01,0.001343358571696607,0.003,0.0,0.0,57.1929799962475,1.8686717143393214,0.0,0.6523812862235533,119.71679285848303,63.939848569820356,183.6566414283034,5.858396429241518,0.1716792858483035,89.06103488156756,104.79824499906188,106.14160357075848,76.0,-1.0,3.0
133.27230732651938,0.0005446146530387379,0.0005446146530387379,0.0029107706939225245,0.0034553853469612623,0.0,0.0,63.0,1.7910770693922524,0.0,0.0,102.91077069392253,64.45076593867432,167.36153663259685,4.727692673480631,0.27230732651936895,89.06103488156756,96.26768791823243,95.5399952447518,73.45538534696126,-1.0,3.0
128.07356270618988,0.0,0.01,0.0030183906765474666,0.0030183906765474666,0.0,0.0,34.01839067654747,2.5036781353094932,0.0,3.926437293810133,145.0,54.0,199.0,10.963218646905066,0.5699688092250241,89.06103488156756,98.8344839110728,101.5586237628608,76.0,-1.0,3.0
144.0,0.0,0.002,0.002,0.0,0.0,0.0,84.0,0.3,31.257103580318503,5.6828597613121,38.0,132.0,170.0,2.0,0.0,144.0,143.0,145.0,0.0,-1.0,3.0
124.76449783421972,0.0,0.007940240253988729,0.0,0.0,0.0,0.0,68.94200866312113,0.28822489171098586,76.1775108289014,3.476449783421972,8.353253248670423,119.76449783421972,128.11775108289015,0.11775108289014113,0.0,124.76449783421972,124.64674675132957,125.76449783421972,0.0,0.0,3.0
120.0,0.0,0.0,0.002693934097942986,0.006576516475514254,0.0,0.0,64.0,1.1,0.0,3.4302165483345464,82.11741762242873,71.88258237757127,154.0,2.5765164755142536,0.42348352448574644,89.06103488156756,98.57651647551425,97.30606590205701,41.693934097942986,-1.0,3.0
128.0,0.0,0.002725944779312794,0.007,0.005725944779312794,0.0,0.0,65.0,2.5274055220687206,0.0,0.0,129.0,63.0,192.0,5.274055220687206,0.0,110.98539257244073,95.62972389656397,115.4518895586256,25.822165662061618,0.0,3.0
126.12075398238945,0.0,0.00044582199748420656,0.0,0.00044582199748420656,0.0,0.0,74.12075398238945,0.25541780025157934,80.12075398238945,3.163773805283166,23.01239797735786,107.77089001257897,130.78328798993684,3.229109987421033,0.0,126.56657597987365,126.12075398238945,127.56657597987365,0.4458219974842066,1.0,3.0
130.0914776698888,0.0003485796116481358,0.01,0.005440057281536951,0.005091477669888814,0.0,0.0,31.211363106814915,3.620028640768475,0.0,2.345113398066711,146.74289805824068,52.60568155340746,199.34857961164815,8.908522330111186,0.5699688092250241,89.06103488156756,101.13721650483322,93.32017184461085,76.0,-0.6514203883518642,3.0
124.19180737404959,0.0,0.00017025819629279838,0.0,0.00017025819629279838,0.0,0.0,76.3405163925856,0.2,82.18278722458729,3.0786643448193622,13.894389336977572,115.78664344819362,129.6810327851712,1.8512909814639915,0.0,124.36206557034238,123.36206557034238,125.36206557034238,0.17025819629279837,0.17025819629279837,3.0
120.0,0.0,0.0,0.0034128425435212065,0.006619263815281809,0.0,0.0,62.0,1.3412842543521206,0.0,9.276147236943638,83.41284254352121,69.0,152.4128425435212,5.793578728239397,0.5699688092250241,89.06103488156756,101.2064212717606,101.0,57.651370174084825,-0.2064212717606032,3.0
150.0,0.0,0.01,0.0,0.0,0.0,0.0,79.0,0.2,82.18278722458729,2.8,5.0,147.0,152.0,1.0,0.0,150.0,149.0,151.0,0.0,0.0,3.0
133.0,0.001,0.0,0.008863114369931192,0.0031368856300688073,0.0,0.0,61.136885630068804,2.5452457479724773,0.0,0.0,132.1368856300688,52.0,184.1368856300688,6.7262287398623855,0.0,125.0,96.54754252027523,102.82131378041285,76.0,0.0,3.0
128.0999813581519,0.0,0.001,0.007900018641848106,0.0051999627163037895,0.0,0.0,65.9000186418481,2.919996271630379,0.0,0.0,134.09904926574666,61.70024234402537,195.799291609772,6.39992543260758,0.5699688092250241,103.19996271630379,83.9000186418481,110.19996271630379,19.40011185108863,-1.0,3.0
123.13498930193737,0.0,0.0003783297673124542,0.002126109922437485,0.0010088793794998784,0.0,0.0,81.85613131856276,0.6513319069249817,4.369450387812576,11.884905054850208,68.0,64.01775875899976,132.01775875899975,0.882769457062393,0.0,121.87389007756252,121.2433404653751,122.62167023268755,4.5133190692498175,0.8738900775625152,3.0
133.0,0.0,0.0004025868978296917,0.0065974131021703086,0.0018051737956593834,0.0,0.0,60.0,2.7974131021703084,0.0,2.0129344891484586,105.0,60.0,165.0,5.597413102170308,0.0,95.81810828480783,98.02586897829691,104.41552138697816,46.02586897829692,0.0,3.0
149.5979325582654,0.0,0.0,0.0007989662791326932,0.0,0.0,0.0,65.20361802303557,0.33994831395663466,74.60051686043366,5.378862907045963,31.391730233061544,126.00258430216827,157.39431453522982,3.3994831395663465,0.0,153.99483139566345,152.5953482560971,154.5953482560971,0.3994831395663466,1.0,3.0
133.0,0.0,0.001,0.0053349633254537445,0.0026650366745462556,0.0,0.0,60.0,2.8,0.0,7.966014669818502,105.0,60.0,165.0,5.0,0.0,106.36430318362115,98.66992665090748,108.33985330181498,47.67970660362995,0.0,3.0
120.0,0.0,0.0,0.00417537127862345,0.006824628721376551,0.0,0.0,64.0,1.2649257442753101,0.0,8.347388616412966,85.0,69.0,154.0,2.82462872137655,0.5699688092250241,89.06103488156756,97.17537127862344,93.3507425572469,47.2985148855062,-1.0,3.0
134.8288238918499,0.0,0.01,0.0018288238918499197,0.0,0.0,0.0,70.25676416222512,0.3,82.18278722458729,3.5,8.91441194592496,131.91441194592497,140.8288238918499,1.0,0.0,135.8288238918499,135.8288238918499,136.8288238918499,0.0,0.0,3.0
144.0,0.0,0.002,0.002,0.0,0.0,0.0,84.0,0.3,32.25631157467622,5.616245895021586,38.0,132.0,170.0,2.0,0.0,144.0,143.0,145.0,0.0,-1.0,3.0
123.0,0.0,0.0,0.0,0.0,0.0,0.0,72.23372294350101,0.3,82.18278722458729,3.3597662338993968,12.831385282494974,116.16861471750502,129.0,1.6168614717505025,0.0,123.0,123.6168614717505,124.6168614717505,0.0,0.38313852824949746,3.0
128.0,0.0,0.002,0.007,0.005518917705282837,0.0,0.0,65.48108229471717,2.5962164589434327,0.0,0.0,129.0,63.0,192.0,5.037835410565675,0.0,104.48108229471717,91.59458852641419,113.55675311584851,24.632423936979862,0.0,3.0
129.0,0.0,0.001,0.0050469659667750555,0.007500000000000001,0.0,0.0,65.0,2.8953034033224943,0.0,0.0,101.0,50.0,151.0,6.046965966775055,0.5699688092250241,105.0,84.09393193355011,111.04696596677506,12.046965966775055,0.0,3.0
123.0,0.0,0.0,0.0,0.0,0.0,0.0,73.83371663124392,0.3,82.18278722458729,2.816628336875608,9.0,120.0,129.0,2.0,0.0,123.0,124.0,125.0,0.0,0.0,3.0
110.0,0.003,0.002,0.006261966383573629,0.007,0.0,0.0,68.0,3.073803361642637,0.0,0.0,133.0,60.0,193.0,7.476067232852741,0.0,91.0,83.26196638357364,94.73803361642636,42.78589915072089,-1.0,3.0
110.0,0.0020827986679251265,0.0029172013320748736,0.002331194671700506,0.007500000000000001,0.0,0.0,68.0,3.1917201332074874,0.0,0.0,124.74518801132614,62.751603996224624,187.49679200755077,6.1655973358502525,0.5699688092250241,91.0,80.78463193847622,94.08279866792513,39.248396003775376,-1.0,3.0
125.76217468640334,0.0,0.0016031521094663883,0.003587391562134447,0.007500000000000001,0.0,0.0,60.603152109466386,2.317478312426889,0.0,6.011174093494113,100.77793523373528,61.20630421893278,161.98423945266805,6.809456328399165,0.0,115.98423945266806,100.0,107.98423945266806,56.61891265679833,0.0,3.0
148.49069821936263,0.0,0.0022639526709560373,0.004018603561274717,0.0,0.0,0.0,77.98139643872528,0.4754650890318679,7.189538425857172,9.439417759987904,34.94418931617585,137.5465089031868,172.49069821936263,1.245349109681321,0.0,150.49069821936263,150.0,151.0,1.0,-0.754650890318679,3.0
133.0,0.0,0.001,0.006,0.002221408771916047,0.0,0.0,60.0,2.550366052637779,0.0,6.751830263188895,105.0,60.0,165.0,5.778591228083953,0.0,97.27493070170617,101.66422631574814,107.61070438595803,53.946478070209885,0.0,3.0
130.84522505291721,0.0,0.01,0.0025773874735413997,0.0025773874735413997,0.0,0.0,36.711306263229304,2.38660812103121,0.0,0.0,113.5982436309363,54.0,167.5982436309363,5.8660812103121,0.5699688092250241,89.06103488156756,88.1547749470828,86.5,76.0,-1.0,3.0
133.0,0.0,0.001,0.005644327283535051,0.002355672716464949,0.0,0.0,60.0,2.735567271646495,0.0,8.164432728353505,105.0,60.0,165.0,5.0,0.0,112.24221838716596,99.2886545670701,110.22163641767526,50.15461826828041,0.0,3.0
133.0,0.0,0.001,0.005719045905184246,0.0022809540948157546,0.0,0.0,60.0,2.7280954094815755,0.0,8.171904590518423,105.0,60.0,165.0,5.0,0.0,113.66187219850066,99.43809181036849,110.59522952592123,50.75236724147396,0.0,3.0
133.0,0.0,0.0,0.01140575656875365,0.0015942434312463502,0.0,0.0,60.29712171562318,2.940575656875365,0.0,0.0,99.3769737249854,57.70287828437682,157.0798520093622,4.59424343124635,0.0,125.0,96.0,104.40575656875365,76.0,0.0,3.0
130.5664046402969,0.0,0.01,0.0,0.0,0.0,0.0,80.0,0.3,0.0,4.304675266256418,40.32809280593794,100.76954895673413,141.09764176267208,2.1328092805937944,0.0,108.0,122.83202320148449,124.53123712237517,35.46090208653174,0.13280928059379438,3.0
130.8563024131946,0.0019042016087963986,0.00047605040219909965,0.004667647184606303,0.006667647184606303,0.0,0.0,62.5239495978009,3.057479034722161,0.0,0.0,103.32941126157479,66.0,169.3294112615748,5.0,0.0,89.06103488156756,88.70966327257028,112.7634455758099,76.0,-0.47605040219909966,3.0
127.98202699217589,0.0,0.01,0.0,0.0,0.0,0.0,82.01797300782411,0.3336328834637352,4.708603684922926,1.6143784062592887,27.31835582681324,112.04493251956028,139.3632883463735,1.0,0.0,114.05391902347233,122.01797300782411,122.35430184246147,15.264436803340907,-1.0,3.0
133.0,0.001,0.0,0.008126340521350485,0.004,0.0,0.0,61.93682973932476,2.231585130337621,0.0,0.0,132.93682973932476,52.0,184.93682973932476,5.0,0.0,125.0,99.74731895729903,108.12634052135049,76.0,0.0,3.0
150.26742790278976,0.0,0.0012674279027897499,0.0,0.0,0.0,0.0,83.19771629163075,0.32674279027897496,31.19771629163075,6.253485580557951,22.674279027897498,134.3954325832615,157.069711611159,0.5348558055794994,0.0,150.5348558055795,150.26742790278976,151.5348558055795,1.0,1.0,3.0
133.0,0.0,0.0,0.010429880757181514,0.0025701192428184867,0.0,0.0,60.785059621409246,2.8429880757181514,0.0,0.0,103.28047697127394,57.214940378590754,160.4954173498647,5.570119242818486,0.0,125.0,96.0,103.42988075718151,76.0,0.0,3.0
150.90645059481614,0.0,9.354940518385402e-05,0.0,0.0,0.0,0.0,47.71721210640955,0.6875267459754861,69.96881686493872,3.9374197620735414,8.311831350612847,153.43870356889687,161.75053491950973,0.09354940518385402,0.0,158.71935178444843,157.68816864938717,159.68816864938717,0.0,0.031183135061284672,3.0
133.73773595570017,0.0,0.0,0.0,0.0,0.0,0.0,78.9018876456014,0.2262264044299825,82.18278722458729,1.8769808974596152,4.311320221499125,132.47547191140035,136.78679213289948,1.0,0.0,134.73773595570017,134.0,135.73773595570017,0.0,0.7377359557001749,3.0
134.0,0.004404922069299745,0.0008098441385994903,0.0008098441385994903,0.0018098441385994903,0.0,0.0,63.19015586140051,1.7380311722801018,0.0,0.0,117.16554551490178,68.02461034649872,185.1901558614005,6.975389653501274,0.0,89.06103488156756,107.64429862369771,107.61968827719897,76.0,-1.0,3.0
127.794296746063,0.0,0.0,0.002845722559547249,0.0,0.0,0.0,86.0,0.3,78.64001930561025,2.9565683948326753,15.794296746062999,114.205703253937,130.0,0.05142581348425035,0.0,127.794296746063,125.8971483730315,128.794296746063,0.0,0.9485741865157497,3.0
133.99273249440247,0.0,0.006452761213616072,0.0004963662472012364,0.0,0.0,0.0,71.01453501119505,0.3,78.0,3.748909874160371,8.496366247201236,131.49636624720122,139.99273249440247,1.0,0.0,134.99273249440247,134.99273249440247,135.99273249440247,0.0,0.0,3.0
120.80631430216623,0.0,0.0,0.002387371395667557,0.007162114187002671,0.0,0.0,68.67577162599466,1.156527133808578,2.418942906498665,12.735154325198932,76.95264273375334,66.17789994241822,143.13054267617156,2.387371395667557,0.5699688092250241,111.85367156841288,112.45051441732977,113.45051441732977,19.711599769672898,0.4031571510831108,3.0
129.0,0.0,0.0006657561091830391,0.006,0.007500000000000001,0.0,0.0,65.0,2.7331512218366076,0.0,0.0,101.0,50.0,151.0,7.668487781633922,0.5699688092250241,105.0,87.6712194540848,112.33424389081696,13.0,0.0,3.0
146.45817559250835,0.0,0.003,0.0,0.0,0.0,0.0,78.48003424120404,0.22290877962541783,67.45817559250835,4.174905355505014,14.14543898127089,136.7709122037458,150.9163511850167,1.4581755925083562,0.0,146.9163511850167,144.9163511850167,146.9163511850167,0.7709122037458219,0.22908779625417808,3.0
128.0,0.0,0.002,0.007,0.005,0.0,0.0,65.10659825313377,2.6106598253133773,0.0,0.0,129.0,63.0,192.0,5.786803493732457,0.0,103.21319650626755,91.68020524059868,113.78680349373245,27.253812228063598,0.0,3.0
129.0,0.0,0.001,0.006,0.006150275563471618,0.0,0.0,65.9248622182642,3.1699448873056766,0.0,0.0,96.37568890867904,50.0,146.37568890867905,7.924862218264192,0.15027556347161752,105.0,82.30055112694323,108.30055112694323,10.225413345207427,0.0,3.0
134.0,0.004,0.0007281887562036034,0.0007281887562036034,0.002456377512407207,0.0,0.0,62.54362248759279,1.8271811243796396,0.0,0.0,118.5436224875928,66.0,184.54362248759278,6.087244975185587,0.0,89.06103488156756,105.4563775124072,106.72818875620361,76.0,-1.0,3.0
133.0,0.0,0.0,0.0035315607865566106,0.0,0.0,0.0,68.45942184585579,0.35045086837938016,79.5135260513814,3.65045086837938,10.018034735175206,128.477456581031,138.4954913162062,1.0,0.0,133.4954913162062,132.9909826324124,134.4954913162062,0.0,0.0,3.0
146.70284073927152,0.0,0.0,0.0013768047928554722,0.0,0.0,0.0,61.31159760357227,0.4311597603572264,73.06520718928321,6.762319520714453,58.44946580004678,106.79692461424227,165.24639041428907,3.688402396427736,0.0,154.70284073927152,153.0144383428438,155.0144383428438,1.0,1.0,3.0
134.95620862977378,0.0004348273386037462,0.01,0.006391035968377522,0.007500000000000001,0.0,0.0,44.824834519095106,2.282586330698127,0.0,3.9177223056677217,108.17413669301874,54.565172661396254,162.73930935441498,9.47861870882997,0.5651726613962538,132.39103596837754,110.30448201581123,125.17413669301874,76.0,1.0,3.0
110.0,0.003,0.002,0.006246402033239107,0.006246402033239107,0.0,0.0,68.0,3.0753597966760893,0.0,0.0,133.0,60.0,193.0,7.507195933521786,0.0,91.0,82.49280406647821,94.75359796676089,42.73920609971732,-1.0,3.0
148.0,0.0,0.01,0.0,0.0,0.0,0.0,73.2764092706968,0.21808976823258003,76.3719208590678,3.8713465234887003,14.7235907293032,138.4573069530226,153.1808976823258,0.542693046977401,0.0,148.3617953646516,148.0,149.1808976823258,0.0,0.18089768232580028,3.0
132.80817769443428,0.0,0.003005841210310209,0.0,0.0007994158789689792,0.0,0.0,78.20058412103101,0.22005841210310206,82.18278722458729,3.1834463140830227,38.43037429361308,98.18013988494529,136.61051417855836,5.197663515875917,0.0,133.80817769443428,132.80817769443428,134.80817769443428,1.0,1.0,3.0
131.9159105874367,0.0012212141165822928,0.01,0.002389392941708854,0.003305303529145573,0.0,0.0,41.937891757784904,2.0168178825126564,0.0,2.6398465892468215,123.42044706281641,59.190159995474744,182.61060705829115,9.08408941256328,0.5699688092250241,89.06103488156756,104.8007670537659,105.3583388206013,76.0,-1.0,3.0
122.1771610978397,0.0,0.0005442902744599254,0.004816435411689888,0.007500000000000001,0.0,0.0,63.544290274459925,2.1360725686149813,0.0,0.0,128.27214513722996,63.0,191.27214513722996,10.367129176620224,0.5699688092250241,106.1835645883101,93.27214513722997,108.44930623506967,33.8228389021603,-0.7278548627700373,3.0
132.36092266747636,0.0,0.0,0.0,0.0,0.0,0.0,79.59023066686909,0.2,82.18278722458729,1.4639077332523651,4.229307999392739,130.5413840012145,134.77069200060726,1.0,0.0,132.95115333434543,132.36092266747636,133.95115333434543,0.0,1.0,3.0
131.4438955877601,0.001,0.0006390261030599732,0.012360973896940027,0.007500000000000001,0.0,0.0,50.087861400979115,3.67999297745411,0.0,0.0,157.0292871336597,50.0,206.0,7.917078309179919,0.5699688092250241,89.06103488156756,95.49753014492049,110.47318272141982,76.0,0.0,3.0
127.54208963336683,0.0,0.01,0.0033663282933065366,0.002,0.0,0.0,29.633671706693463,2.3014805613185954,0.0,9.589086391927648,129.64847731987942,53.63367170669346,183.28214902657288,11.633671706693463,0.09158207332663415,128.7252537800201,104.09158207332663,119.35892548671356,76.0,0.0,3.0
124.83462715092449,0.0,0.008255822179160184,0.0,0.0,0.0,0.0,68.24805927361326,0.3,75.16537284907551,3.549611854722654,8.90955066991533,119.17313575462242,128.08268642453777,0.08268642453775721,0.0,124.83462715092449,124.83462715092449,125.83462715092449,0.0,0.08268642453775721,3.0
133.45272547632416,0.0,0.0,0.0,0.0,0.0,0.0,80.72636273816208,0.2,82.18278722458729,1.3547274523675845,3.410455892756884,132.17908821448623,135.5895441072431,1.0,0.0,134.31590684540518,133.45272547632416,135.31590684540518,0.0,1.0,3.0
133.0,0.001,0.0,0.009,0.003950237353820802,0.0,0.0,60.0497626461792,2.7900474707641605,0.0,0.0,127.24881323089599,56.75118676910401,184.0,7.950237353820802,0.0,125.0,97.9004747076416,103.9004747076416,76.0,0.0,3.0
133.55399422704204,0.0011079884540840885,0.0015539942270420444,0.0026760346377477343,0.0024460057729579557,0.0,0.0,61.66198268112613,1.812204041070569,0.0,2.230028864789779,102.23002886478977,66.0939364974625,168.32396536225227,4.446005772957956,0.5539942270420443,93.9060635025375,104.55399422704204,106.33801731887387,63.07988454084089,-0.5539942270420443,3.0
150.0,0.0,0.002444601213484141,0.00018513292883861964,0.0,0.0,0.0,80.18513292883861,0.4,22.704069498129662,8.240813899625932,50.51893656929104,125.11079757303172,175.62973414232277,1.1851329288386196,0.0,150.37026585767723,151.62973414232277,152.62973414232277,1.8148670711613804,0.0,3.0
125.83239621048656,0.0,0.0,0.0013742971578649256,0.0,0.0,0.0,86.0,0.3,75.2066933683515,3.496091042116194,13.832396210486568,116.16760378951344,130.0,0.5419009473783581,0.0,125.83239621048656,124.91619810524328,126.83239621048656,0.0,0.45809905262164186,3.0
128.1270541641236,0.0,0.01,0.0031270541641235917,0.0028729458358764085,0.0,0.0,29.127054164123592,2.187294583587641,0.0,7.365170413360669,142.84007920989893,54.0,196.84007920989893,13.246502024899133,0.0,129.0,106.61883750762922,123.49178334350563,76.0,0.0,3.0
142.3388755679522,0.0,0.0021966746592286834,0.0,0.0,0.0,0.0,78.87442579513308,0.2732224886409561,74.40997602231396,3.1196674659228685,9.267775113590439,138.5355502271809,147.80332534077132,1.0,0.0,144.5355502271809,143.5355502271809,145.5355502271809,0.0,0.7322248864095612,3.0
144.0,0.0,0.0011934388521385503,0.0011934388521385503,0.0,0.0,0.0,83.19343885213856,0.3,31.0,5.780656114786145,38.0,132.0,170.0,2.0,0.0,144.0,143.80656114786146,145.0,0.0,-1.0,3.0
129.0,0.0,0.001,0.006,0.007500000000000001,0.0,0.0,65.34121663328928,2.936486653315713,0.0,0.0,99.29391683355358,50.0,149.2939168335536,7.3412166332892825,0.5699688092250241,105.0,85.9527002002643,110.63513346684287,11.976350100132152,0.0,3.0
133.69227656451784,0.0020768296935535576,0.0,0.00123089374192859,0.00123089374192859,0.0,0.0,63.692276564517854,1.7615446870964295,0.0,0.0,110.92276564517853,64.7691062580714,175.69187190324993,5.692276564517853,0.5699688092250241,89.06103488156756,98.53821251614282,98.92276564517853,76.0,-1.0,3.0
133.09517390939192,0.0008491956515653193,0.01,0.008944369560957236,0.007500000000000001,0.0,0.0,27.206434787477445,3.8999999999999995,0.0,0.6032173937387229,149.2459782578266,50.603217393738724,199.8491956515653,5.9048260906080845,0.5699688092250241,89.06103488156756,105.79356521252255,106.2459782578266,76.0,-0.1508043484346807,3.0
123.75033199114081,0.0,0.0,0.0,0.0,0.0,0.0,83.50331991140814,0.2750331991140814,75.24568411516941,3.82523239379857,11.750331991140815,118.0,129.75033199114083,1.0,0.0,123.75033199114081,123.50066398228162,124.75033199114081,0.0,0.0,3.0
132.53172510907058,0.0020423001454274383,0.01,0.001978849927286281,0.003,0.0,0.0,47.7855259816352,1.9957699854572564,0.0,1.8598148618439336,122.89424963643141,60.12690043628231,183.0211500727137,7.957699854572562,0.4894249636431405,89.06103488156756,105.63747547263918,106.59517532721173,76.0,-1.0,3.0
136.4424188836392,0.0007787905581803978,0.0004424188836392045,0.003769675534556818,0.006548466092737216,0.0,0.0,31.521121021866477,2.3442418883639204,0.0,0.2654513301835227,113.78790558180398,51.88483776727841,165.6727433490824,6.4424188836392045,0.5699688092250241,124.00911502362358,112.34548669816478,121.3363716745412,61.202979394572445,0.0,3.0
120.0,0.0,0.0,0.0029753360159932942,0.006012331992003353,0.0,0.0,62.02466398400671,1.2975336015993295,0.0,9.284079275168482,82.96300402398994,69.06165996001677,152.0246639840067,5.9630040239899404,0.5699688092250241,89.06103488156756,100.97533601599329,100.97533601599329,55.802688127946354,-0.012331992003352998,3.0
133.0,0.0,0.001,0.006,0.002944059339686613,0.0,0.0,60.0,2.233564396188032,0.0,5.151039782846144,105.0,60.0,165.0,5.0,0.0,101.06287254595435,103.77623735874646,108.16782198094016,52.05594066031339,0.0,3.0
129.0,0.0,3.94268113685059e-05,0.006,0.007500000000000001,0.0,0.0,65.0394268113685,2.6078853622737013,0.0,0.0,100.72401232042046,50.0,150.72401232042046,8.881719565894482,0.5699688092250241,105.0,90.76343913178897,112.88171956589449,12.921146377262989,0.0,3.0
146.5888496549686,0.0,0.007710797239748985,0.0,0.0,0.0,0.0,77.76132689767257,0.22944248274843115,68.17769930993725,3.870557517251569,13.294424827484312,137.5888496549686,150.88327448245295,1.0,0.0,147.17769930993725,145.17769930993725,147.17769930993725,0.7055751725156885,0.29442482748431154,3.0
130.0,0.00014950336516866836,0.002,0.007074751682584334,0.007074751682584334,0.0,0.0,65.85049663483133,2.4,0.0,0.0,161.0,50.0,206.0,7.074751682584334,0.0,89.06103488156756,80.78463193847622,108.29900673033734,76.0,-1.0,3.0
128.0,0.0,0.0028194246548726666,0.007,0.005819424654872667,0.0,0.0,65.0,2.5180575345127334,0.0,0.0,129.0,63.0,192.0,5.180575345127334,0.0,112.01367120359933,96.09712327436333,115.63884930974534,25.541726035382002,0.0,3.0
133.0,0.0,0.001,0.006,0.002,0.0,0.0,60.0,2.743205476944737,0.0,7.983972615276315,105.0,60.0,165.0,5.0,0.0,119.0,100.0,111.56794523055262,53.0,0.0,3.0
120.0,0.0,0.0,0.0031690234048239166,0.006253535107235874,0.0,0.0,62.0,1.3169023404823916,0.0,9.349292978552825,83.16902340482392,69.0,152.16902340482392,5.915488297588042,0.5699688092250241,89.06103488156756,101.08451170241196,101.0,56.67609361929566,-0.08451170241195816,3.0
132.5587022783846,0.0,0.0,0.0069321080428284025,0.0012715678286863907,0.0,0.0,60.13578391434319,3.149081032121302,0.0,0.0,105.20367587151479,60.101837935757395,165.30551380727218,6.135783914343195,0.03394597858579884,92.7623781498994,93.9660540214142,101.9660540214142,42.0,-0.03394597858579884,3.0
121.0,0.0,0.001,0.00330257973275316,0.007500000000000001,0.0,0.0,67.39484053449368,2.1,0.0,1.9365102896202249,102.90773919825948,55.0,157.9077391982595,4.21031893101264,0.5699688092250241,89.06103488156756,80.81547839651896,86.5,76.0,-1.0,3.0
110.0,0.0022973490073725507,0.0027026509926274494,0.0031893960294902034,0.007500000000000001,0.0,0.0,68.0,3.1702650992627452,0.0,0.0,126.67614106635295,62.10795297788235,188.7840940442353,6.594698014745101,0.5699688092250241,91.0,80.78463193847622,94.29734900737255,39.89204702211765,-1.0,3.0
131.5292266323643,0.0009243961953765305,0.01,0.0034536228277408177,0.0036048304369877557,0.0,0.0,31.11690652945715,2.045362282774082,0.0,7.540531845786324,110.62198097688265,54.07560380462347,164.69758478150612,13.246502024899133,0.0756038046234696,129.45362282774082,111.62198097688265,127.54637717225918,76.0,1.0,3.0
133.0,0.001,0.0,0.008028941754834632,0.004,0.0,0.0,61.94211649033073,2.21736505290078,0.0,0.0,132.8263494709922,52.14470877417316,184.97105824516538,5.086825264503897,0.0,125.0,99.94211649033073,107.88423298066147,76.0,0.0,3.0
134.0,0.003832799467340302,0.0009442664891134339,0.0015016015979790933,0.0033344010653193965,0.0,0.0,59.04932711897019,2.0285073946349206,0.0,0.0,119.78347234837011,65.10826382581494,184.89173617418507,5.944266489113434,0.16720053265969836,89.06103488156756,111.72133244556717,110.77706595645374,76.0,-0.9442664891134339,3.0
150.52578578334254,0.0,0.002,0.0,0.0,0.0,0.0,82.42264264997239,0.35257857833425366,32.79371373325971,5.8309429400110435,23.36100096679551,134.74214216657464,158.10314313337014,1.0515715666850725,0.0,151.05157156668508,150.52578578334254,152.05157156668508,0.5257857833425362,0.5257857833425362,3.0
131.41387204703207,0.0005518293960427461,0.01,0.0027240853019786272,0.003,0.0,0.0,37.724848423288535,2.1448170603957255,0.0,3.275762073759391,126.62042650989314,55.65548818812824,182.27591469802138,9.448170603957253,0.5699688092250241,89.06103488156756,100.79344553713892,103.24161614109617,76.0,-1.0,3.0
133.0,0.001,0.0,0.009,0.0031554506014649297,0.0,0.0,60.84454939853507,2.631090120292986,0.0,0.0,131.22274699267535,52.777253007324646,184.0,7.1554506014649295,0.0,125.0,96.31090120292986,102.31090120292986,76.0,0.0,3.0
150.723598107027,0.0,0.0009573014197297669,0.0020426985802702332,0.0,0.0,0.0,63.8719042591893,0.36808995267567446,70.3617990535135,5.576629668729721,26.170794321080933,134.6382009464865,160.80899526756744,3.680899526756744,0.0,156.80899526756744,154.80899526756744,156.80899526756744,0.6808995267567444,1.0,3.0
128.0,0.0,0.0021710845258493226,0.007,0.006,0.0,0.0,65.0,2.5,0.0,0.0,129.0,63.0,192.0,5.828915474150677,0.0,105.71084525849322,94.51325357754797,115.17108452584932,27.486746422452033,0.0,3.0
132.88897709585353,0.0010370076347154926,0.0,0.010148030538861971,0.004370076347154926,0.0,0.0,60.92598473056901,2.6777954191707045,0.0,0.0,131.81496182642255,51.92598473056901,183.74094655699156,5.111022904146478,0.07401526943098524,124.85196946113803,96.18503817357747,110.18503817357747,76.0,0.0,3.0
132.38507951392822,0.0,0.0,0.0,0.0,0.0,0.0,80.19253975696411,0.2,82.18278722458729,1.4614920486071787,4.211190364553841,130.5776192708923,134.78880963544617,1.0,0.0,132.98134939241027,132.38507951392822,133.98134939241027,0.0,1.0,3.0
144.0,0.0,0.001769991162712297,0.001769991162712297,0.0,0.0,0.0,83.7699911627123,0.3,33.30997348813689,5.56900265118631,38.0,132.0,170.0,2.0,0.0,144.0,143.2300088372877,145.0,0.0,-1.0,3.0
121.75886622844544,0.0,0.0,0.0004822675431091152,0.0014468026293273457,0.0,0.0,80.10639474134531,0.6326235743550067,5.276598685336327,15.021278948269062,69.80850328665919,62.843968200440955,132.65247148710014,0.48226754310911524,0.12056688577727881,119.95036294178627,120.07092982756353,121.07092982756353,6.375872801763807,0.8794331142227212,3.0
128.0,0.0,0.0019230467983707908,0.007076953201629209,0.005,0.0,0.0,65.07695320162921,2.623085960488763,0.0,0.0,129.0,63.0,192.0,6.0,0.07695320162920916,103.0,91.38437438696633,113.69218719348316,27.38437438696633,-0.07695320162920916,3.0
120.0,0.0,0.0,0.005,0.007500000000000001,0.0,0.0,60.60742244824372,1.569628877587814,0.0,9.091113367236558,85.0,69.0,154.0,4.0,0.5699688092250241,89.06103488156756,103.78515510351257,102.87402143114699,71.65917653465954,-0.30371122412186025,3.0
110.0,0.0023398749637680663,0.002660125036231934,0.003359499855072265,0.007500000000000001,0.0,0.0,68.0,3.1660125036231936,0.0,0.0,127.0588746739126,61.9803751086958,189.0392497826084,6.6797499275361325,0.5699688092250241,91.0,80.78463193847622,94.33987496376807,40.0196248913042,-1.0,3.0
130.0,0.001449533543057523,0.002,0.007724766771528762,0.007500000000000001,0.0,0.0,64.55046645694247,2.4724766771528763,0.0,0.0,161.0,50.0,206.0,7.0,0.0,89.06103488156756,80.79813417223009,112.34860062917257,76.0,-1.0,3.0
120.0,0.0,0.0,0.0011960690223968271,0.007392138044793654,0.0,0.0,63.67321829600529,1.1326781703994713,0.0,0.7254553828682603,80.19606902239683,73.67321829600529,153.86928731840212,3.0653563407989424,0.06535634079894237,89.06103488156756,99.4574943855926,99.4574943855926,41.04570145278308,-0.9346436592010576,3.0
128.31529033783062,0.0,0.0016847096621693896,0.00668470966216939,0.005,0.0,0.0,66.3152903378306,2.8891742026983662,0.0,0.0,129.0,63.0,192.0,4.945871013491831,0.0,105.0,86.16238695952451,110.42354831084695,18.79296763518573,-0.31529033783061033,3.0
133.0,0.0,0.0,0.01,0.002539491292375337,0.0,0.0,60.53949129237534,2.8921017415249324,0.0,0.0,105.0,58.381526122873986,163.381526122874,5.539491292375337,0.0,125.0,96.46050870762467,103.92101741524932,76.0,0.0,3.0
150.0,0.0,0.0012092768351610365,0.0,0.0,0.0,0.0,84.0,0.3,33.04638417580518,5.990723164838964,19.162892659355855,136.83710734064414,156.0,0.0,0.0,150.0,150.0,151.0,0.7907231648389635,0.7907231648389635,3.0
120.0,0.0,0.0,0.004043742491203791,0.00663750500586414,0.0,0.0,64.0,1.1637505005864142,0.0,5.518104726250233,82.44997997654345,69.0,151.44997997654343,3.9125150175924195,0.5699688092250241,89.06103488156756,98.0,96.59376251466036,42.08748498240758,-0.6812474970679301,3.0
148.0,0.0,0.01,0.0012517827528740182,0.0,0.0,0.0,71.25178275287402,0.3,72.87767412931103,4.300713101149607,15.251782752874018,137.12232587068897,152.374108623563,0.3741086235629909,0.0,150.0,148.0,150.0,0.0,1.0,3.0
133.8859777482362,0.0017719554964723743,0.001885977748236187,0.0006841335105828772,0.001885977748236187,0.0,0.0,62.65793324470856,1.6824356028221006,0.0,1.0832113917562225,100.57011125881907,69.74575523059806,170.31586648941712,4.342066755291439,0.5699688092250241,89.45608900705525,104.2018442376533,105.22804450352763,70.28966622354281,-0.8859777482361871,3.0
133.38413681181768,0.0,0.0,0.009615863188182305,0.004152410435453086,0.0,0.0,61.53654724727078,2.608553738728148,0.0,1.4597198849072424,76.77449507000534,67.60342029544239,144.37791536544773,3.152410435453086,0.0,129.60964174181234,104.835146671807,115.99377855363004,65.39657970455761,1.0,3.0
136.46591894950726,0.0007670405252463662,0.0004659189495072675,0.0038636757980290704,0.006630716323275436,0.0,0.0,31.920622141623546,2.3465918949507265,0.0,0.2795513697043605,113.67040525246367,51.93183789901453,165.6022431514782,6.465918949507268,0.5699688092250241,123.9033647272173,112.2044863029564,121.3011215757391,61.42623002031904,0.0,3.0
150.0,0.0,0.002926797655330386,2.440078155653802e-05,0.0,0.0,0.0,80.02440078155654,0.4,23.829194529104235,8.465838905820847,51.8047937475477,124.14640468933924,175.95119843688693,1.0244007815565381,0.0,150.04880156311307,151.95119843688693,152.95119843688693,1.9755992184434619,0.0,3.0
133.0,0.0,0.0,0.010259802252198141,0.00274019774780186,0.0,0.0,60.87009887390093,2.825980225219814,0.0,0.0,103.96079099120743,57.12990112609907,161.0906921173065,5.74019774780186,0.0,125.0,96.0,103.25980225219814,76.0,0.0,3.0
137.89365294574807,0.0,0.001957461178299226,0.010042538821700775,0.007500000000000001,0.0,0.0,58.042538821700774,2.5106347054251934,0.0,1.1744767069795354,105.80857530234651,55.06380823255116,160.87238353489766,7.914922356598451,0.5699688092250241,117.1701552868031,102.85111412404729,118.70222824809458,76.0,0.0,3.0
140.0,0.0,0.01,0.0,0.0,0.0,0.0,77.1252983273158,0.2,82.18278722458729,3.66241050180526,8.0,136.0,144.0,1.0,0.0,141.0,140.0,141.8747016726842,0.0,0.0,3.0
120.0,0.0,0.0,0.005,0.007500000000000001,0.0,0.0,61.05787426805443,1.547106286597279,0.0,8.894212573194558,85.0,69.0,154.0,4.5289371340272115,0.5699688092250241,89.06103488156756,103.41318859791836,102.88425146389115,69.18169152570067,-0.528937134027212,3.0
124.24372920594841,0.0,0.0,0.0,0.0,0.0,0.0,85.63440619107737,0.4060932301487104,13.146947779180547,4.921864602974208,23.51254158810317,121.51254158810318,145.02508317620635,0.9390676985128962,0.0,126.0,125.87813539702579,126.87813539702579,0.060932301487103824,-0.8781353970257924,3.0
133.20121676422633,0.0016036502926790037,0.0,0.007189049121962988,0.0033963497073209964,0.0,0.0,60.80486705690534,2.6189049121962986,0.0,0.0,125.59148265041566,58.81095087803701,184.40243352845266,8.201216764226334,0.0,117.55497972362562,99.20730058535801,104.40243352845268,76.0,-0.2012167642263346,3.0
134.99586822106667,0.0,0.0,0.0,0.0,0.0,0.0,68.0103294473333,0.3,72.01239533679997,3.8993802331600014,9.995868221066676,132.99586822106667,142.99173644213334,1.0,0.0,136.99380233160002,135.99586822106667,137.99380233160002,0.0,0.0,3.0
129.0,0.0,0.001,0.006,0.00670142363090342,0.0,0.0,65.64928818454828,3.059715273819316,0.0,0.0,97.75355907725856,50.0,147.75355907725856,7.64928818454829,0.5699688092250241,105.0,83.40284726180684,109.40284726180684,11.05213544635513,0.0,3.0
126.19061079923972,0.0,0.0018624936885509851,0.0013968702664132384,0.0004656234221377463,0.0,0.0,78.11095406755366,0.9423422510308588,5.068753155724508,12.037980820646242,65.20625946717352,67.35466935458408,132.5609288217576,0.6984351332066194,0.0,124.09530539961986,122.23281171106888,124.62968197748211,4.862493688550985,1.0,3.0
150.40193091360925,0.0,0.002,0.0,0.0,0.0,0.0,82.79420725917227,0.34019309136092424,33.784552691126066,5.682317096331091,21.62703279052939,135.98069086390757,157.60772365443697,0.8038618272184843,0.0,150.8038618272185,150.40193091360925,151.8038618272185,0.40193091360924216,0.40193091360924216,3.0
148.0,0.0,0.01,0.0009597512406078177,0.0,0.0,0.0,73.04024875939218,0.24798756203039088,76.08049751878437,4.079875620303909,14.959751240607817,137.56037313908828,152.52012437969609,0.0,0.0,148.95975124060783,148.0,149.47987562030391,0.0,0.47987562030390885,3.0
133.0,0.0,0.0,0.01,0.003,0.0,0.0,61.0,2.8,0.0,0.0,102.39253824252859,57.0,159.3925382425286,5.25501092643674,0.0,125.0,95.62750546321837,103.0,76.0,0.0,3.0
120.0,0.0,0.0,0.0011263228858136613,0.007378968657440984,0.0,0.0,63.873677114186336,1.1252645771627323,0.0,0.0,80.37896865744098,73.3683855709317,153.74735422837267,3.378968657440984,0.0,89.06103488156756,99.12632288581366,99.25264577162733,38.23147959860874,-0.8736771141863388,3.0
130.0,0.001015916530800705,0.001015916530800705,0.01193633387679718,0.007500000000000001,0.0,0.0,62.03183306160141,2.2031833061601414,0.0,0.0,161.0,50.0,206.0,8.984083469199295,0.0,89.06103488156756,88.93633387679718,112.98408346919929,76.0,-0.015916530800704876,3.0
120.0,0.0,0.0,0.003231726586135482,0.006231726586135482,0.0,0.0,62.46345317227097,1.3,0.0,9.168273413864519,83.46345317227096,69.0,152.46345317227096,5.304820241593554,0.5699688092250241,89.06103488156756,100.07309365545807,99.14618731091615,54.14618731091615,-0.2317265861354818,3.0
120.0,0.0,0.0,0.0018355335643346674,0.006582233217832667,0.0,0.0,63.16446643566533,1.1835533564334668,0.0,3.9270077523729374,81.253300346502,71.91116608916333,153.16446643566533,4.253300346502002,0.41776678216733376,89.06103488156756,99.83553356433467,99.83553356433467,46.68426851467734,-0.5822332178326662,3.0
138.0,0.0,0.0008427140045541404,0.009,0.007500000000000001,0.0,0.0,57.0,2.542135700227707,0.0,0.7,106.0,55.0,161.0,6.0,0.5699688092250241,135.0,108.15728599544586,122.57864299772292,76.0,1.0,3.0
133.0,0.0,0.0,0.01,0.003,0.0,0.0,61.0,2.8,0.0,0.0,103.16307611112224,57.0,160.16307611112225,5.475164603177783,0.0,125.0,95.73758230158889,103.0,76.0,0.0,3.0
128.7612228542317,0.0,0.01,0.003761222854231698,0.0022387771457683023,0.0,0.0,29.761222854231697,2.1238777145768304,0.0,8.189589710501206,132.05921147806114,54.0,186.05921147806114,13.238777145768303,0.0,129.0,104.7163314373049,120.95510858307321,76.0,0.0,3.0
122.32568935757674,0.0,0.0008895258868686054,0.0031104741131313947,0.007500000000000001,0.0,0.0,66.55810354747442,2.077905177373721,0.0,0.0,102.22094822626279,55.77331879191976,157.99426701818254,4.110474113131395,0.5699688092250241,89.06103488156756,82.32568935757674,87.55237056565697,76.0,-1.0,3.0
120.0,0.0,0.0,0.004354622157640777,0.006645377842359223,0.0,0.0,64.0,1.2290755684718448,0.0,8.293613352707768,85.0,69.0,154.0,2.6453778423592236,0.5699688092250241,89.06103488156756,97.35462215764078,93.70924431528155,46.581511369436896,-1.0,3.0
132.8723899165408,0.0,0.01,0.0017234339499244903,0.0005744779833081635,0.0,0.0,74.82969815022653,0.9032018824735717,0.5744779833081635,0.08617169749622451,36.755452774660206,100.6807421836102,137.43619495827042,1.5744779833081635,0.0,114.60649680804389,120.86171697496225,122.87238991654081,19.553132100151018,-0.42552201669183654,3.0
133.0,0.0,0.0,0.01059261624091198,0.00240738375908802,0.0,0.0,60.70369187954401,2.859261624091198,0.0,0.0,97.70369187954401,57.29630812045599,155.0,4.0,0.0,125.0,95.29630812045599,103.59261624091198,76.0,0.0,3.0
130.2336077510499,0.0,0.01,0.0,0.0,0.0,0.0,80.0,0.3,0.0,7.446721550209983,49.0,96.0,145.0,3.0,0.0,108.0,123.46721550209982,123.40164650629946,40.40164650629946,1.0,3.0
137.78953405181818,0.0,0.0019579068103636383,0.008873720431090915,0.007500000000000001,0.0,0.0,60.08418637927272,2.570534767254547,0.0,0.1767913964727199,105.95790681036364,55.210465948181806,161.16837275854544,7.8316272414545525,0.5699688092250241,117.46302508599999,99.37883870672725,116.95790681036364,76.0,0.0,3.0
134.0,0.004,0.0009821260652665862,0.0009821260652665862,0.0029642521305331725,0.0,0.0,62.035747869466825,1.8017873934733415,0.0,0.0,118.03574786946683,66.0,184.03574786946683,5.071495738933655,0.0,89.06103488156756,105.96425213053317,106.98212606526658,76.0,-1.0,3.0
125.04911044105587,0.0,0.008975444779472062,4.9110441055873894e-05,0.0,0.0,0.0,67.96316716920809,0.3012277610263968,74.97544477947206,3.5049110441055875,7.987722389736032,120.08594327184778,128.07366566158382,0.012277610263968453,0.0,125.07366566158382,125.06138805131984,126.07366566158382,0.0,0.0,3.0
110.0,0.0034277731337358625,0.0011444537325282754,0.007283319401207587,0.006427773133735862,0.0,0.0,68.0,3.057222686626414,0.0,0.0,133.0,60.0,193.0,7.572226866264137,0.0,91.0,84.13886566867932,95.0,41.57222686626414,-1.0,3.0
150.0,0.0,0.001847020058520955,0.0003843266471596817,0.0,0.0,0.0,80.38432664715968,0.4,21.30971346988223,7.961942693976446,48.925386822722544,126.30595988295809,175.23134670568064,1.3843266471596816,0.0,150.76865329431936,151.23134670568064,152.23134670568064,1.6156733528403184,0.0,3.0
148.96105815192078,0.0,0.01,0.0,0.0,0.0,0.0,65.35047663271288,0.3601763586534651,75.43717826154456,3.696105815192079,12.07788369615842,143.80529075960396,155.88317445576237,0.0,0.0,151.52387989037624,151.2035271730693,152.52387989037624,0.0,0.0,3.0
150.21825388786507,0.0,0.003563492224269872,0.0,0.0,0.0,0.0,81.78174611213494,0.4,35.81746112134936,5.50555544301109,16.801585533031414,144.07143001842886,160.87301555146027,0.43650777573012833,0.0,152.0,153.56349222426988,154.56349222426988,1.0,0.0,3.0
130.2001552641991,0.0,0.0,0.0,0.0,0.0,0.0,79.05003881604978,0.2,82.18278722458729,1.67998447358009,5.8498835518506755,127.30023289629865,133.15011644814933,1.0,0.0,130.25019408024886,130.2001552641991,131.25019408024886,0.0,1.0,3.0
133.21365498558444,0.0,0.0,0.0,0.0,0.0,0.0,76.28192991350669,0.2,82.18278722458729,2.558152023064883,6.145380057662209,131.4273099711689,137.5726900288311,1.0,0.0,133.4273099711689,134.0,135.21365498558444,0.0,0.21365498558444795,3.0
123.17882200462452,0.0,0.0008046990208103355,0.0,0.0,0.0,0.0,69.82117799537548,0.3,70.4470550115613,4.319530097918967,18.016478974565146,110.8941100231226,128.91058899768774,1.821177995375481,0.0,123.17882200462452,124.08941100231226,125.08941100231226,0.9105889976877405,0.9105889976877405,3.0
126.01096930941914,0.0,0.0,0.004,0.006912096121075358,0.0,0.0,67.0769345695055,1.9,0.0,0.0,102.83516155156985,57.923065430494496,160.75822698206434,5.582419224215071,0.5699688092250241,89.06103488156756,83.09887318834379,86.5,70.50548465470958,-1.0,3.0
121.0,0.0,0.001,0.004758236615124329,0.007500000000000001,0.0,0.0,66.24176338487567,2.1,0.0,0.0,102.0,55.0,157.0,4.758236615124329,0.5699688092250241,89.06103488156756,82.51647323024866,89.03294646049731,76.0,-1.0,3.0
133.0,0.0,0.0009447320222914104,0.005276339888542949,0.0029447320222914103,0.0,0.0,60.94473202229141,2.3386875843960127,0.0,4.723660111457051,105.0,60.0,165.0,4.055267977708589,0.0,127.83419606687423,102.66839213374845,115.39205224520552,70.5526797770859,0.0,3.0
123.0,0.0,0.0009348030224997395,0.0005325984887501302,0.0,0.0,0.0,71.59779546625039,0.3,63.58677279750235,5.947842417999792,29.40220453374961,104.26078791000104,133.66299244375065,1.5977954662503908,0.0,123.0,122.59779546625039,124.06519697750026,1.0,0.4674015112498697,3.0
135.84023416763213,0.0,0.0,0.0,0.0,0.0,0.0,77.47929749710363,0.26134113892107075,68.29387972447495,3.8067056946053537,12.226822778421415,133.06705694605353,145.29387972447495,1.0,0.0,138.06705694605353,138.29387972447495,139.68046833526424,0.6134113892107077,0.0,3.0
133.0,0.0,0.001,0.006,0.0028329660539079247,0.0,0.0,61.66593210781585,2.03362715687366,0.0,4.868135784368301,105.0,60.0,165.0,4.167033946092075,0.0,126.49669448517132,106.6637284312634,115.3318642156317,67.99338897034265,0.0,3.0
110.0,0.003,0.002,0.006008831373863023,0.007,0.0,0.0,68.0,3.099116862613698,0.0,0.0,133.0,60.0,193.0,7.982337252273953,0.0,91.0,83.00883137386302,94.99116862613698,42.02649412158907,-1.0,3.0
128.4633434027669,0.0,0.01,0.003,0.003,0.0,0.0,29.0,2.2,0.0,7.3390030208300665,142.914954687549,54.0,196.914954687549,13.246502024899133,0.0,129.0,106.76832829861655,123.53665659723312,76.0,0.0,3.0
133.28634112932437,0.0,0.0,0.009942731774135126,0.0035726822586487437,0.0,0.0,60.770927096540504,2.7828195322405374,0.0,0.040087758105411986,98.45814580691899,56.88546354827025,155.34360935518924,4.114536451729749,0.057268225864874345,125.57268225864874,95.80175516210824,104.14536451729748,76.0,0.057268225864874345,3.0
129.35035335100764,0.0,0.01,0.0036496466489923684,0.0023503533510076317,0.0,0.0,29.64964664899237,2.1350353351007634,0.0,8.254752654294657,130.80282680806104,54.0,184.80282680806104,13.0,0.0,129.0,104.70070670201527,120.70070670201527,76.0,0.0,3.0
130.0,0.002,0.002,0.008392263205121141,0.007500000000000001,0.0,0.0,63.60773679487886,2.360773679487886,0.0,0.0,161.0,50.0,206.0,6.823210384636577,0.0,89.06103488156756,86.17678961536342,112.39226320512114,76.0,-1.0,3.0
150.5126885110165,0.0,0.002974622977966983,0.0,0.0,0.0,0.0,81.4873114889835,0.4,32.873114889834916,5.917763915423112,23.279147242363187,138.77160680170283,162.05075404406603,1.0253770220330172,0.0,152.0,152.974622977967,153.974622977967,1.0,0.0,3.0
129.0,0.0,0.001,0.005230669811717758,0.007500000000000001,0.0,0.0,65.23066981171776,2.9692009435153275,0.0,0.0,99.84665094141121,50.0,149.8466509414112,6.461339623435517,0.5699688092250241,105.0,83.53866037656448,110.30799056484672,11.538660376564483,0.0,3.0
148.94083180796696,0.0,0.002823471967994492,0.0003530560640110165,0.0,0.0,0.0,80.70611212802203,0.3823471967994492,25.23569622403856,8.005721510384577,49.52860755192288,125.41222425604407,174.94083180796696,1.1765280320055083,0.0,148.94083180796696,150.41124771195044,151.58777574395594,1.6469439359889835,-0.17652803200550826,3.0
130.0,0.0015590275818596494,0.002,0.007779513790929825,0.007500000000000001,0.0,0.0,64.44097241814035,2.4,0.0,0.0,161.0,50.0,206.0,7.779513790929824,0.0,89.06103488156756,82.79513790929825,111.1180551637193,76.0,-1.0,3.0
130.55931478643276,0.0018135617378557455,0.0,0.011440685213567236,0.007500000000000001,0.0,0.0,61.0,2.1118629572865526,0.0,0.0,127.93219131072128,50.37287652428851,178.3050678350098,5.372876524288509,0.0,121.74575304857701,97.62712347571149,112.57630259212469,76.0,0.0,3.0
129.0,0.0,0.001,0.006,0.006,0.0,0.0,66.0,3.1338753420700263,0.0,0.0,95.5591689471335,50.0,145.55916894713351,8.0,0.0,105.0,82.66124657929974,108.22041552643324,10.220415526433246,0.0,3.0
135.0,0.0,0.005602004146667681,0.0007002505183334602,0.0,0.0,0.0,68.70025051833346,0.3,76.20150311000076,3.759949896333308,9.649874740833269,132.64987474083327,142.29974948166654,1.0,0.0,136.64987474083327,136.0,137.64987474083327,0.0,0.0,3.0
130.0,0.0010578426765633965,0.0010578426765633965,0.011768629293746415,0.007500000000000001,0.0,0.0,62.11568535312679,2.2115685353126793,0.0,0.0,161.0,50.0,206.0,8.942157323436604,0.0,89.06103488156756,88.76862929374641,112.9421573234366,76.0,-0.05784267656339637,3.0
132.62923156168972,0.0,0.0010308973698591887,0.005876410520563246,0.0033707684383102628,0.0,0.0,60.03089736985919,2.1938205260281625,0.0,4.996910263014081,104.78371841098568,60.06179473971838,164.84551315070405,5.092692109577566,0.0,100.43256317802864,103.87641052056324,107.93820526028162,52.21628158901432,0.0,3.0
110.0,0.003,0.002,0.006883785884963425,0.006883785884963425,0.0,0.0,68.0,3.0116214115036573,0.0,0.0,133.0,60.0,193.0,6.232428230073149,0.0,91.0,83.76757176992685,94.11621411503657,44.651357654890276,-1.0,3.0
144.43348630082872,0.0,0.0011444954336095742,0.0009277522831952129,0.0,0.0,0.0,82.78325684958564,0.3072247716804787,30.494265982366493,5.9950688353729245,39.011468035267015,131.4220182655617,170.43348630082872,1.927752283195213,0.0,144.43348630082872,144.5779817344383,145.5779817344383,0.14449543360957406,-0.927752283195213,3.0
130.0,0.0019898156452928706,0.002,0.007994907822646436,0.007500000000000001,0.0,0.0,64.01018435470714,2.4,0.0,0.0,161.0,50.0,206.0,7.994907822646435,0.0,89.06103488156756,84.94907822646435,111.97963129058574,76.0,-1.0,3.0
149.30441900312206,0.0,0.01,0.0,0.0,0.0,0.0,79.86947624609743,0.2,82.18278722458729,2.8173895249219485,5.869476246097436,145.7827332554636,151.65220950156103,1.0,0.0,149.30441900312206,148.30441900312206,150.30441900312206,0.0,0.0,3.0
129.0,0.0,0.001,0.006,0.007188726056707976,0.0,0.0,65.60375798109735,2.860375798109734,0.0,0.0,96.77369413231861,50.0,146.7736941323186,7.603757981097341,0.5699688092250241,105.0,86.18872605670798,110.18872605670798,11.792484037805318,0.0,3.0
134.0,0.004758238475704091,0.0017582384757040912,0.0017582384757040912,0.003241761524295909,0.0,0.0,61.51647695140818,1.524176152429591,0.0,0.0,113.0,71.0,184.0,4.725284572887726,0.0,89.06103488156756,114.20880762147954,110.72528457288773,76.0,-1.0,3.0
123.64775258335449,0.0,0.0,0.005431835055569661,0.007500000000000001,0.0,0.0,50.79255668745239,1.5088061854161379,0.0,11.137509280563314,86.51989690973105,66.26418556248413,152.78408247221518,3.3920412361075845,0.5699688092250241,93.43183505556966,110.03979381946208,112.47162887503174,61.696020618053794,0.30397938194620777,3.0
120.0,0.0,0.0,0.004538312280980435,0.00630779181267971,0.0,0.0,64.0,1.130779181267971,0.0,6.853443158647174,83.76883274928116,69.0,152.76883274928116,2.9233754380391304,0.5699688092250241,89.06103488156756,98.0,95.76947953169928,43.07662456196087,-0.8461040936601449,3.0
128.7108318749343,0.0,0.0,0.0,0.0,0.0,0.0,77.89499874994371,0.21841668750093823,82.18278722458729,1.9210002500112586,6.552500625028147,125.71083187493433,132.26333249996247,1.1841668750093821,0.0,128.7108318749343,128.8949987499437,129.8949987499437,0.0,0.8158331249906178,3.0
133.77555942816335,0.003326678284490018,0.0007755594281633393,0.0025710840028566246,0.0032244405718366608,0.0,0.0,62.0,1.8897762287346644,0.0,0.0,121.36660857754991,62.85783199428675,184.22444057183665,5.0,0.0,96.30430115795644,104.65335656898003,107.22444057183667,76.0,-0.7755594281633393,3.0
129.0,0.0,0.0007761823851773769,0.006,0.007500000000000001,0.0,0.0,65.0,2.755236477035475,0.0,0.0,101.0,50.0,151.0,7.447635229645246,0.5699688092250241,105.0,88.67145284446786,112.22381761482262,13.0,0.0,3.0
128.92605115421318,0.0,0.0004630255771065864,0.0016109232686802408,0.0004630255771065864,0.0,0.0,82.29579538314731,0.2536974422893414,81.31512788553293,2.483276980604072,21.55630692527904,109.83276980604072,131.38907673131976,2.7781534626395183,0.0,129.38907673131976,127.85210230842634,130.38907673131976,0.46302557710658643,1.0,3.0
125.84942045610808,0.0,0.00040706006515829683,0.0005929399348417032,0.00040706006515829683,0.0,0.0,75.03530032579148,0.2592939934841703,76.88472078189956,3.89740779149345,28.0,106.77881980452511,134.7788198045251,4.22118019547489,0.0,126.25648052126637,126.44236039094979,127.84942045610808,1.0,0.40706006515829685,3.0
147.67965516864876,0.0,0.01,0.0,0.0,0.0,0.0,81.90043103918906,0.2,82.18278722458729,2.858008620783781,7.900431039189056,142.9393965451353,150.83982758432438,1.0,0.0,147.67965516864876,146.67965516864876,148.67965516864876,0.0,0.0,3.0
121.0,0.0,0.001,0.003908513162602245,0.007500000000000001,0.0,0.0,66.1829736747955,2.1,0.0,5.8144842406543695,104.72553948780674,55.0,159.72553948780674,6.6340526504089805,0.09148683739775487,89.06103488156756,84.45107897561347,91.08513162602245,76.0,-1.0,3.0
121.0,0.0,0.00012253913736961965,0.00412253913736962,0.007500000000000001,0.0,0.0,69.50984345052152,1.9245078274739238,0.0,0.0,102.0,55.0,157.0,5.877460862630381,0.5699688092250241,89.06103488156756,80.78463193847622,86.5,71.6761741210886,-1.0,3.0
124.46879991482258,0.0,0.006609599616701645,0.0,0.0,0.0,0.0,70.12480034070965,0.27343999574112937,77.65600042588706,3.4468799914822585,8.796800127766119,119.46879991482258,128.26560004258872,0.26560004258870606,0.0,124.46879991482258,124.20319987223388,125.46879991482258,0.0,0.0,3.0
137.66873141690954,0.0,0.006963880629737566,0.005222910472303175,0.0017409701574343916,0.0,0.0,64.71981334693889,2.153921649562672,2.5180596851312167,2.2815782956269035,57.55417905539365,82.0211568104955,139.57533586588914,2.6114552361515875,0.0,129.83436570845475,122.8704850787172,129.09339555102036,9.963880629737567,1.0,3.0
146.4450076805241,0.0,0.002670046083144549,0.0,0.0,0.0,0.0,83.44374039934489,0.2,81.33375576039307,2.8888748079868978,9.443740399344886,140.77876344091715,150.22250384026205,1.0,0.0,146.4450076805241,145.4450076805241,147.4450076805241,0.0,0.0,3.0
128.2660910106215,4.43485017702466e-05,0.01,0.0033104395123917264,0.00326609101062148,0.0,0.0,33.645211985838024,2.555219756195863,0.0,3.440345393627112,145.22174250885124,53.822605992919016,199.04434850177026,10.73390898937852,0.5699688092250241,89.06103488156756,98.39913651593221,86.93131853717517,76.0,-0.9556514982297534,3.0
133.68936191367274,0.0,0.0002757447654690988,0.00986212761726545,0.004102979061876394,0.0,0.0,60.4485104690618,2.77242552345309,0.0,0.09651066791418461,105.13787238273454,56.7242552345309,161.86212761726546,6.0,0.13787238273454938,126.3787238273455,97.51659621008004,105.61957527195644,76.0,0.13787238273454938,3.0
145.33338747692585,0.0,0.002,0.0016190321494497562,0.0,0.0,0.0,83.42854822417463,0.31904839252751216,30.619032149449755,5.8333387476925855,36.476128597799025,131.61903214944977,168.09516074724877,2.0,0.0,145.52387140220097,144.52387140220097,146.52387140220097,0.19048392527512192,-0.6190321494497562,3.0
120.0,0.0,0.0,0.004310483961278044,0.007500000000000001,0.0,0.0,62.0,1.4310483961278044,0.0,9.006854811616588,84.31048396127804,69.0,153.31048396127804,5.344758019360978,0.5699688092250241,89.06103488156756,101.65524198063902,101.0,61.241935845112174,-0.6552419806390217,3.0
128.0,0.0,0.0021017147412182788,0.007449142629390861,0.005550857370609139,0.0,0.0,65.44914262939086,2.6796570517563443,0.0,0.0,129.0,63.0,192.0,5.4491426293908605,0.4491426293908607,109.05943107670053,91.16114581791881,113.30514422365484,22.7542868530457,-0.4491426293908607,3.0
133.0,0.0,8.698675991141013e-05,0.00682602648017718,0.0011739735198228202,0.0,0.0,60.0,3.165205296035436,0.0,0.704592755282422,105.0,60.0,165.0,5.91301324008859,0.0,93.60890731937987,94.34794703964565,102.43493379955704,42.26096027973423,0.0,3.0
150.4084532130707,0.0,0.0031830935738586027,0.0,0.0,0.0,0.0,81.5915467869293,0.4,33.91546786929301,5.771834498298978,20.985970687555373,140.64784216472742,161.6338128522828,0.8169064261413974,0.0,152.0,153.1830935738586,154.1830935738586,1.0,0.0,3.0
132.50924593195074,0.0,0.0,0.0,0.0,0.0,0.0,79.6273114829877,0.2,82.18278722458729,1.4490754068049256,4.118065551036942,130.7638688979261,134.88193444896305,1.0,0.0,133.13655741493844,132.50924593195074,134.13655741493844,0.0,1.0,3.0
150.9609848649587,0.0,0.0007792613512809786,0.0014804924324793476,0.0,0.0,0.0,63.33778405384294,0.3740246216239674,72.70123108119837,6.284393945983478,35.025662973512496,126.37679918888423,161.40246216239674,3.7402462162396737,0.0,157.40246216239674,155.40246216239674,157.40246216239674,0.7402462162396738,1.0,3.0
134.38289943155706,0.0,0.0012765798863114152,0.00610631954524566,0.006042378749425566,0.0,0.0,60.72342011368858,2.3829739658934246,0.0,3.6171005684429245,105.27657988631141,58.61710056844292,163.89368045475433,5.10631954524566,0.5531597726228301,124.95762125057443,101.89368045475435,116.27657988631141,72.76579886311416,0.0,3.0
142.43813602618155,0.0,0.0014876272052363124,0.0,0.0,0.0,0.0,70.92576323141787,0.45041242649212293,47.693840451297774,7.6934011761260335,74.68559192145531,97.28141395917486,171.96700588063015,2.0082485298424584,0.0,146.4711301455514,146.95875735078772,148.46288161570894,1.4958757350787708,0.5041242649212292,3.0
124.48627729544589,0.0,0.01,0.0,0.0,0.0,0.0,85.51372270455411,0.3918953784092352,12.865352977292929,4.41097816364329,24.40523107953824,120.78430676138528,145.18953784092352,1.0,0.0,124.54116811366234,125.51372270455411,126.43267648864646,1.8640629658759025,-1.0,3.0
130.0,0.0015596335961003773,0.002,0.007779816798050189,0.007500000000000001,0.0,0.0,64.44036640389962,2.4,0.0,0.0,161.0,50.0,206.0,7.779816798050189,0.0,89.06103488156756,82.79816798050189,111.11926719220075,76.0,-1.0,3.0
133.0,0.0,0.001,0.0053167412363404045,0.002683258763659596,0.0,0.0,60.0,2.8,0.0,7.973303505463838,105.0,60.0,165.0,5.0,0.0,106.01808349046767,98.63348247268081,108.26696494536162,47.53392989072323,0.0,3.0
130.0,0.0010761308594903001,0.0010761308594903001,0.011695476562038799,0.007500000000000001,0.0,0.0,62.1522617189806,2.21522617189806,0.0,0.0,161.0,50.0,206.0,8.9238691405097,0.0,89.06103488156756,88.6954765620388,112.9238691405097,76.0,-0.07613085949030018,3.0
133.0,0.0,0.001,0.006,0.0021487930859512313,0.0,0.0,60.29758617190246,2.580965531239015,0.0,7.604827656195074,105.0,60.0,165.0,4.851206914048769,0.0,120.33913777356108,101.19034468760985,112.59517234380492,55.67827554712216,0.0,3.0
128.495146527014,0.0,0.01,0.0034951465270139743,0.002,0.0,0.0,30.0,2.1,0.0,8.550485347298602,128.0,54.0,182.0,12.495146527013974,0.0,129.0,104.0,120.0,76.0,0.0,3.0
148.0,0.0,0.002480586577326648,0.005,0.0,0.0,0.0,79.59706711336676,0.4480586577326648,4.519413422673352,9.265055839187966,24.728212082573073,141.0388268453467,165.76703892791977,0.480586577326648,0.0,150.0,150.51941342267335,151.0,0.480586577326648,-0.480586577326648,3.0
129.0,0.0,0.001,0.006,0.006,0.0,0.0,66.0,3.0222776646021448,0.0,0.0,94.81518443068096,50.0,144.81518443068097,8.0,0.0,105.0,83.77722335397856,108.59240778465951,10.592407784659517,0.0,3.0
132.82468096592515,0.0,0.0008246809659251492,0.005525957102224553,0.0028246809659251493,0.0,0.0,54.740428977754476,2.607149062517664,0.0,6.679915823993708,102.37021448887724,60.0,162.37021448887725,4.649361931850298,0.0,99.82468096592515,99.0519142044491,106.12340482962574,42.89617159110179,0.0,3.0
146.43466445531536,0.0,0.002,0.001304381584195614,0.0,0.0,0.0,82.95657237629342,0.3347809207902193,29.956572376293423,6.013028287111974,36.60876316839123,131.30438158419562,167.91314475258685,2.0,0.0,146.78247366321756,146.13028287111973,147.78247366321756,0.34780920790219305,-0.652190792097807,3.0
133.64396769488187,0.0,0.0051517415590549825,0.0006439676948818728,0.0,0.0,0.0,72.03404845767719,0.3,79.93190308464563,3.5678016152559064,8.321983847440936,131.32198384744095,139.64396769488187,1.0,0.0,134.64396769488187,134.64396769488187,135.64396769488187,0.0,0.0,3.0
135.0,0.0,0.0,0.0,0.0,0.0,0.0,64.82865981997895,0.4434268036004209,69.86853607200842,5.5988164828096805,85.11962875608839,68.73707214401684,153.85670090010524,2.434268036004209,0.0,139.60560821602525,138.60560821602525,140.60560821602525,0.43426803600420893,1.0,3.0
152.0,0.0,0.0,0.0022670282701694215,0.0,0.0,0.0,61.0,0.4,73.19891518949174,6.459674556847521,38.06268902813637,125.93731097186364,164.0,4.0,0.0,160.0,158.0,160.0,1.0,1.0,3.0
133.0,0.001,0.0,0.009,0.0031213700136448422,0.0,0.0,60.87862998635516,2.6242740027289684,0.0,0.0,131.39314993177578,52.60685006822421,184.0,7.121370013644842,0.0,125.0,96.24274002728968,102.24274002728968,76.0,0.0,3.0
132.0,0.0,0.01,0.002405147956786144,0.002405147956786144,0.0,0.0,36.594852043213855,2.381029591357229,0.0,0.0,117.88751526536444,54.0,171.88751526536444,5.810295913572288,0.5699688092250241,89.06103488156756,87.60772193517921,86.5,76.0,-1.0,3.0
127.60916284260898,0.0,0.0013415481653415745,0.0,0.0006584518346584255,0.0,0.0,75.2676146772674,0.23415481653415746,73.75355503975277,3.6394311936395574,29.024644496024724,103.29225917329212,132.31690366931684,3.950711007950553,0.0,128.2676146772674,126.92606651192582,128.92606651192582,1.0,1.0,3.0
129.0,0.0,0.001,0.006,0.005149418270905758,0.0,0.0,66.0,2.859767308362303,0.0,0.0,94.29883654181151,50.0,144.2988365418115,6.298836541811516,0.0,105.0,84.55174518728272,109.70116345818849,10.850581729094241,0.0,3.0
131.40753041151763,0.0,0.0011327057990401976,0.004601882602879408,0.0045924695884823705,0.0,0.0,61.0,2.2601882602879404,0.0,4.986729420095981,104.07105940671862,60.2654115980804,164.33647100479902,4.5308231961607905,0.0,126.14211881343724,102.60188260287941,114.67294200959802,68.54023621055782,0.0,3.0
148.95854083700524,0.0,0.001708362976715035,0.0002916370232849652,0.0,0.0,0.0,81.58327404656993,0.3708362976715035,28.874911069854896,6.3666903813720275,35.16654809313986,130.58327404656993,165.74982213970978,2.0,0.0,149.66690381372027,149.66690381372027,150.66690381372027,0.7083629767150348,-0.2916370232849652,3.0
134.0,0.003,0.0,0.0,0.0,0.0,0.0,64.83701332836367,1.7837013328363673,0.0,0.0,114.0,66.0,180.0,7.674026656727344,0.5699688092250241,89.06103488156756,100.16298667163633,101.16298667163633,76.0,-1.0,3.0
133.0,0.0,0.0,0.01,0.003,0.0,0.0,60.69747146166928,2.951264269165358,0.0,0.0,92.85701484837782,57.30252853833072,150.15954338670855,3.3949429233385673,0.0,125.0,95.30252853833072,105.42022830664573,76.0,0.30252853833071636,3.0
139.8787330541573,0.0,0.0009595776847190988,0.0,0.0,0.0,0.0,76.2390145976779,0.26801407717603004,69.7205630870412,3.96801407717603,13.0,135.6397184564794,148.6397184564794,1.0,0.0,141.9191553694382,141.9595776847191,143.2794369129588,1.0,0.0,3.0
128.42333653858222,0.0,0.0013813886217848158,0.003855834134645553,0.007500000000000001,0.0,0.0,60.381388621784815,2.4948891025721474,0.0,6.87955641028859,102.33027964750629,60.76277724356963,163.09305689107592,6.144165865354447,0.0,105.33944070498742,98.76277724356963,106.61861137821518,50.33944070498742,0.0,3.0
144.0,0.0,0.0012472833604423588,0.0012472833604423588,0.0,0.0,0.0,83.24728336044235,0.3,31.0,5.775271663955764,38.0,132.0,170.0,2.0,0.0,144.0,143.75271663955763,145.0,0.0,-1.0,3.0
137.69628678998225,0.0,0.0,0.00031721021058614743,0.0,0.0,0.0,61.84139489470692,0.48413948947069263,71.47581531587922,6.868278978941386,88.11811410358787,79.24746547523984,167.3655795788277,3.1586051052930735,0.0,145.69628678998225,144.53768168468918,146.53768168468918,1.0,1.0,3.0
148.35738772240322,0.0,0.01,0.0,0.0,0.0,0.0,67.26002746157536,0.34765169632042864,70.88087075919893,3.811912924080107,13.28522455519357,140.78693861201606,154.07216316720965,0.8808707591989284,0.0,151.07216316720965,149.19129240801072,151.19129240801072,0.0,0.8808707591989284,3.0
130.12815647225477,0.0,0.01,0.0,0.0,0.0,0.0,80.0,0.3,0.0,7.4256312944509535,49.0,96.0,145.0,3.0,0.0,108.0,123.25631294450953,122.76893883352861,39.76893883352861,1.0,3.0
110.0,0.0020584945660691184,0.002912258150896323,0.002204730981241914,0.007500000000000001,0.0,0.0,68.0,3.1941505433930883,0.0,0.0,124.26322554731104,62.91225815089632,187.17548369820736,6.029247283034559,0.5699688092250241,91.0,80.78463193847622,94.02924728303456,39.058494566069115,-1.0,3.0
133.9549005033886,0.0,0.01,0.0015225497483057119,0.0,0.0,0.0,68.30326700225905,0.31741832494352373,77.12908375282382,3.9,8.651633501129526,131.12908375282382,139.78071725395333,1.0,0.0,135.12908375282382,134.9549005033886,136.12908375282382,0.0,0.0,3.0
133.0,0.001,0.0,0.009128869867473445,0.0031288698674734453,0.0,0.0,61.0,2.6128869867473448,0.0,0.0,132.0,52.0,184.0,6.74226026505311,0.0,125.0,96.0,103.03095893978757,76.0,0.0,3.0
132.68095083407314,0.0013297622914817163,0.0006702377085182838,0.012659524582963433,0.007500000000000001,0.0,0.0,58.66488114574086,2.234047541703657,0.0,0.40214262511097026,119.96250406055802,51.67559427129571,171.63809833185374,8.0,0.5699688092250241,119.65952458296343,101.67023770851829,116.34047541703657,76.0,0.0,3.0
133.0,0.0,0.0,0.011487016512583216,0.0015129834874167845,0.0,0.0,60.256491743708395,2.9487016512583217,0.0,0.0,99.05193394966713,57.743508256291605,156.79544220595875,4.5129834874167845,0.0,125.0,96.0,104.48701651258321,76.0,0.0,3.0
151.35696041580675,0.0,0.0004822796881449246,0.0016784802079033837,0.0,0.0,0.0,62.446839064434776,0.3839240103951692,73.19620051975846,6.442784166322707,37.30252239088891,125.089878648628,162.39240103951693,3.839240103951692,0.0,158.39240103951693,156.39240103951693,158.39240103951693,0.8392401039516918,1.0,3.0
132.27186809647625,0.0,0.0012742308311665647,0.006453901072357187,0.0,0.0,0.0,64.18203297588094,0.4,79.5437361929525,3.7364065951761876,11.08983512059531,126.18203297588094,137.27186809647625,1.0,0.0,132.6359340482381,131.6359340482381,133.6359340482381,0.0,0.0,3.0
134.0,0.003,0.0,0.0,0.0,0.0,0.0,64.83213417795774,1.7832134177957741,0.0,0.0,114.0,66.0,180.0,7.664268355915484,0.5699688092250241,89.06103488156756,100.16786582204226,101.16786582204226,76.0,-1.0,3.0
133.0,0.0,0.0,0.0,0.0,0.0,0.0,73.0,0.25074677337608364,82.18278722458729,3.401493546752167,8.0,131.0,139.0,1.0,0.0,133.50746773376085,134.0,135.0,0.0,0.0,3.0
133.01277174343366,0.0,0.00010217394746933728,1.277174343366716e-05,0.0,0.0,0.0,72.9808423848495,0.20063858717168337,82.18278722458729,3.3012771743433666,8.006385871716834,131.00638587171684,139.01277174343366,1.0,0.0,133.0191576151505,134.01277174343366,135.01277174343366,0.0,0.0,3.0
128.28703813317492,0.0,0.0017129618668250872,0.006712961866825087,0.005,0.0,0.0,66.28703813317492,2.872222879904948,0.0,0.0,129.0,63.0,192.0,4.861114399524738,0.0,105.0,86.41665680142579,110.56480933412544,18.99073306777561,-0.2870381331749128,3.0
133.0,0.0,0.001,0.005616926918375742,0.003,0.0,0.0,61.61692691837574,2.053229232649703,0.0,4.506458465299406,105.0,60.0,165.0,4.0,0.0,128.0,106.08463459187871,116.0,70.61692691837574,0.0,3.0
129.0,0.0,0.001,0.005981186178027424,0.00505644146591773,0.0,0.0,65.98118617802743,2.8018813821972577,0.0,0.0,94.13169675380803,50.0,144.13169675380803,6.0,0.037627643945153055,105.0,84.98118617802743,110.01881382197257,11.018813821972577,0.0,3.0
133.36818647298333,0.0007363729459666632,0.0013681864729833317,0.0037908811621000103,0.0013681864729833317,0.0,0.0,61.10455941895,2.5109016432266698,0.0,6.00222850665835,103.15906763508335,64.05005120281665,167.20911883789998,5.895440581050005,0.3681864729833316,91.52725410806667,100.57730531088332,106.26362705403334,62.522797094749976,-0.3681864729833316,3.0
136.7009820946792,0.0,0.0017401964189358403,0.00822058925680752,0.007500000000000001,0.0,0.0,60.51960716212832,2.418137493255088,0.0,1.0911750404694711,105.74019641893584,56.299017905320795,162.03921432425665,6.960785675743361,0.5699688092250241,119.85783939170575,101.33823222957744,116.74019641893584,76.0,0.0,3.0
120.0,0.0,0.0,0.005,0.007500000000000001,0.0,0.0,62.0,1.5,0.0,8.982997148450195,85.0,69.0,154.0,4.634005703099612,0.5699688092250241,89.06103488156756,101.63400570309962,99.90201710929884,64.0,-1.0,3.0
130.53998537971586,0.0,0.01,0.0,0.0,0.0,0.0,80.0,0.3,0.0,4.103888885840502,39.79970759431711,101.06016082312559,140.8598684174427,2.0799707594317107,0.0,108.0,122.69992689857928,124.31988303772684,34.87967835374882,0.07997075943171095,3.0
128.0,0.0,0.0022201546048488566,0.007,0.005220154604848856,0.0,0.0,65.0,2.5779845395151146,0.0,0.0,129.0,63.0,192.0,5.779845395151144,0.0,105.42170065333742,93.10077302424428,114.44030920969772,27.33953618545343,0.0,3.0
138.0,0.0,0.0017860387223460833,0.009,0.007500000000000001,0.0,0.0,57.0,2.5893019361173044,0.0,0.7,106.0,55.0,161.0,6.0,0.5699688092250241,135.0,107.21396127765392,122.10698063882695,76.0,1.0,3.0
123.86766516997567,0.0,0.000761027902502028,0.003238972097497972,0.007500000000000001,0.0,0.0,66.04411161000812,2.052205580500406,0.0,0.0,102.47794419499594,56.672804682485804,159.15074887748176,4.238972097497972,0.5699688092250241,89.06103488156756,83.86766516997567,88.19486048748986,76.0,-1.0,3.0
110.0,0.0035412665786761104,0.0009174668426477795,0.007623799736028331,0.00654126657867611,0.0,0.0,68.0,3.045873342132389,0.0,0.0,133.0,60.0,193.0,7.45873342132389,0.0,91.0,84.70633289338055,95.0,41.45873342132389,-1.0,3.0
133.0,0.0,0.0,0.0,0.0,0.0,0.0,73.07401599228201,0.2,82.18278722458729,3.2851968015435977,7.962992003858995,131.0,138.962992003859,1.0,0.0,133.0,134.0,135.0,0.0,0.0,3.0
129.70936083019342,0.0003418721660386861,0.01,0.004709360830193431,0.0033418721660386863,0.0,0.0,40.28178147927664,2.2,0.0,4.73852040452146,140.89753400753577,53.316255667922626,194.2137896754584,10.923150505651826,0.0,127.63251133584525,104.6068948377292,118.53004534338102,76.0,0.0,3.0
125.04115917552657,0.0,0.01,0.0026326218931339482,0.007500000000000001,0.0,0.0,55.97865679401845,2.1734756213732105,0.0,0.0,105.30640296179446,54.63262189313395,159.93902485492842,4.3673781068660515,0.5699688092250241,89.06103488156756,83.20426864119631,86.5,76.0,-1.0,3.0
121.0,0.0,0.001,0.004932028105510017,0.007500000000000001,0.0,0.0,66.0,2.1,0.0,0.435020124735888,102.20391568346994,55.0,157.20391568346994,5.135943788979965,0.5699688092250241,89.06103488156756,83.13594378897997,90.13594378897997,76.0,-1.0,3.0
123.20501945598136,0.0,0.0009225875519161133,0.0,0.0,0.0,0.0,75.17992217607457,0.21025097279906793,82.18278722458729,3.3205019455981355,10.692470816027962,118.20501945598136,128.89749027200932,0.8974902720093207,0.0,123.20501945598136,122.30752918397204,124.20501945598136,0.0,0.0,3.0
133.0,0.0,0.0,0.011874456974472902,0.0011255430255270977,0.0,0.0,60.06277151276355,2.9874456974472903,0.0,0.0,97.50217210210839,57.93722848723645,155.43940058934484,4.125543025527097,0.0,125.0,96.0,104.8744569744729,76.0,0.0,3.0
139.80902849929268,0.0,0.0009363428330975599,0.0,0.0,0.0,0.0,76.1847999438943,0.26878857223008135,69.75154288920325,3.968788572230081,13.0,135.62422855539836,148.62422855539836,1.0,0.0,141.8726856661951,141.93634283309757,143.24845711079675,1.0,0.0,3.0
129.2713482364207,0.0,0.006525140586263797,0.004203511177315516,0.0,0.0,0.0,64.93216294089483,0.4,73.54269647284137,3.8864325881789656,7.339185295525859,126.93216294089483,134.2713482364207,1.0,0.0,131.13567411821035,130.13567411821035,132.13567411821035,0.0,0.0,3.0
124.61156280336179,0.0,0.0006990364330531837,0.004699036433053184,0.007500000000000001,0.0,0.0,65.09710929915956,2.0398072866106367,0.0,0.0,102.60192713389364,57.106744968627716,159.70867210252135,5.0,0.5699688092250241,89.06103488156756,86.00963566946817,90.60192713389364,76.0,-1.0,3.0
120.0,0.0,0.0,0.0038326883545811265,0.006291827911354719,0.0,0.0,64.0,1.1,0.0,5.736193918026781,83.5408604432264,70.4591395567736,154.0,2.2918279113547184,0.5699688092250241,89.06103488156756,98.29182791135472,96.16731164541888,42.83268835458112,-1.0,3.0
133.59589639118738,0.0009326493985312283,0.0016837650367192926,0.009528545789718599,0.007500000000000001,0.0,0.0,26.538804811750175,3.8999999999999995,0.0,0.2424621652875781,149.66324699265616,50.269402405875084,199.93264939853123,5.40410360881263,0.5699688092250241,89.06103488156756,106.39384458678106,105.58563736915579,76.0,-0.0673506014687717,3.0
133.0,0.0,0.01,0.005164340920352547,0.002,0.0,0.0,42.451159327403474,2.7,0.0,13.757132879655565,105.83565907964746,62.92480677876609,168.76046585841354,4.582170460176274,0.0,117.32868184070509,108.35659079647453,115.76046585841354,50.910852300881366,0.0,3.0
149.03764917085886,0.0,0.0026541169430470434,0.0032705847152352165,0.0,0.0,0.0,78.38353222781183,0.4654116943047043,12.301193366870962,8.954820994969355,32.69176611390591,136.54116943047043,169.23293554437635,1.3458830569529567,0.0,150.6917661139059,150.6917661139059,151.6917661139059,1.0,-0.6541169430470433,3.0
134.89542241116263,0.0,0.001379084482232523,0.006895422411162614,0.006411760340092706,0.0,0.0,59.86274655330243,2.3758168964465045,0.0,3.559478967516413,105.37908448223253,58.10457758883739,163.48366207106992,5.516337928930092,0.3790844822325229,123.83007069544225,103.0,117.13725344669757,72.27450689339514,0.0,3.0
110.0,0.003954257966187487,9.14840676250257e-05,0.008862773898562461,0.006954257966187487,0.0,0.0,68.0,3.0045742033812513,0.0,0.0,133.0,60.0,193.0,7.0457420338125125,0.0,91.0,86.77128983093743,95.0,41.045742033812516,-1.0,3.0
129.74307361230476,0.0,0.01,0.0,0.0,0.0,0.0,80.0,0.3256926387695247,0.0,0.873549718163841,27.32997847998089,107.89924235693337,135.22922083691427,0.8715368061523763,0.0,110.31233748925723,120.51385277539049,120.64231596923813,20.17380973535228,-0.7430736123047526,3.0
134.9469779383548,0.0,0.0,0.0,0.0,0.0,0.0,68.13255515411302,0.3,72.15906618493563,3.8920466907532187,9.946977938354793,132.9469779383548,142.89395587670958,1.0,0.0,136.9204669075322,135.9469779383548,137.9204669075322,0.0,0.0,3.0
130.12448857885724,0.001,0.0009688778552856915,0.012031122144714308,0.007500000000000001,0.0,0.0,60.972969224427814,2.3276007933286653,0.0,0.0,160.6576564081426,50.0,206.0,8.906633565857074,0.09336643414292567,89.06103488156756,89.56019860485756,112.78214498699984,76.0,0.0,3.0
145.50208900954246,0.0,0.0015006963365141507,0.0007496518317429247,0.0,0.0,0.0,82.24895549522877,0.3250348168257075,29.24756282220047,6.475940054294103,41.50487435559906,129.9972146539434,171.50208900954246,1.7496518317429248,0.0,145.50208900954246,146.0027853460566,147.0027853460566,0.5006963365141506,-0.7496518317429247,3.0
147.73982751973872,0.0,0.01,0.0,0.0,0.0,0.0,71.43094864143696,0.2869913759869368,70.47965503947748,3.813008624013063,13.869913759869368,138.73982751973872,152.6097412796081,1.0,0.0,149.47965503947748,147.47965503947748,149.47965503947748,0.13008624013063197,0.869913759869368,3.0
136.06610556743217,0.00048347360814195487,0.0015165263918580452,0.010208684020354887,0.007500000000000001,0.0,0.0,59.758263195929025,2.4791315979645114,0.0,0.0,111.07647288549053,53.79131597964511,164.86778886513565,8.0,0.5699688092250241,117.96694721628391,99.48347360814195,116.51652639185805,76.0,0.0,3.0
129.0,0.0,0.001,0.005024586916458801,0.007500000000000001,0.0,0.0,65.0,2.89754130835412,0.0,0.0,101.0,50.0,151.0,6.0245869164588015,0.5699688092250241,105.0,84.0491738329176,111.0245869164588,12.024586916458802,0.0,3.0
144.154864860703,0.0,0.002,0.0019557528969420057,0.0,0.0,0.0,83.93362934541301,0.30221235515289974,33.86725869082602,5.524335906681897,37.91150579388401,131.95575289694202,169.86725869082602,2.0,0.0,144.176988412232,143.19911196376097,145.176988412232,0.022123551528997254,-0.9778764484710027,3.0
146.6472204382991,0.0,0.003883322629794495,0.0,0.0,0.0,0.0,81.08750802765412,0.2,81.97083065744863,2.9,9.029169342551377,141.61805109574772,150.6472204382991,1.0,0.0,146.6472204382991,145.97083065744863,147.6472204382991,0.0,0.0,3.0
150.04542723838134,0.0,0.002443215952023329,0.002,0.0,0.0,0.0,66.37507509445132,0.3511356809595334,74.0,5.673849300150202,28.783920239883358,129.35236147526066,158.136281715144,2.045427238381337,0.0,155.11356809595335,153.11356809595335,155.11356809595335,0.5113568095953342,1.0,3.0
133.0,0.0,0.0,0.0,0.0,0.0,0.0,73.45918516438441,0.2770407417807793,82.18278722458729,3.362244450684676,7.770407417807793,131.0,138.7704074178078,1.0,0.0,133.7704074178078,134.0,135.0,0.0,0.0,3.0
130.83295376606506,0.0,0.0020498861298195157,0.0,0.0,0.0,0.0,82.58352311696747,0.26334092467869896,40.6485196876537,4.86832953766065,18.533636987147958,126.78306763624553,145.3167046233935,1.6832953766065053,0.0,132.14965838945855,132.14965838945855,133.14965838945855,0.6832953766065052,-0.3167046233934948,3.0
150.44590270637676,0.0,0.01,0.0,0.0,0.0,0.0,75.45902706376748,0.4,22.459027063767483,7.320326481710227,24.58034600840472,134.98687564260928,159.567221651014,0.8918054127534967,0.0,151.44590270637676,151.44590270637676,152.44590270637676,0.44590270637674834,0.5540972936232517,3.0
130.0,0.0012736266662816658,0.0012736266662816658,0.010905493334873336,0.007500000000000001,0.0,0.0,62.54725333256333,2.2820879998845,0.0,0.0,161.0,50.0,206.0,8.452746667436669,0.0,89.06103488156756,87.35824000231,113.27362666628167,76.0,-0.2736266662816659,3.0
121.0,0.0,0.001,0.004994249000315422,0.007500000000000001,0.0,0.0,66.00575099968458,2.1,0.0,0.0,102.0,55.0,157.0,4.994249000315422,0.5699688092250241,89.06103488156756,82.98849800063084,89.97699600126168,76.0,-1.0,3.0
125.54035692906766,0.0,0.0,0.005852362604471946,0.006164368279876244,0.0,0.0,62.29527479105611,2.3392719533539594,0.0,0.0,108.44291218658417,61.72145609329208,170.16436827987624,8.295274791056109,0.5699688092250241,89.06103488156756,92.85236260447195,102.0,42.573818697764025,-0.573818697764027,3.0
121.0,0.0,0.0005486129756703245,0.0045486129756703245,0.007500000000000001,0.0,0.0,67.8055480973187,2.0097225951340647,0.0,0.0,102.0,55.0,157.0,5.451387024329676,0.5699688092250241,89.06103488156756,80.78463193847622,86.5,76.0,-1.0,3.0
128.49087146357502,0.0001636238211916692,0.01,0.003,0.0021636238211916693,0.0,0.0,29.83637617880833,2.083637617880833,0.0,8.518188089404164,125.21839503974162,54.0,179.21839503974164,12.327247642383337,0.0,129.0,105.30899056953335,121.30899056953335,76.0,0.16362382119166918,3.0
130.3844286462498,0.0,0.01,0.003,0.003,0.0,0.0,34.0,2.241038090250014,0.0,3.758961909749986,131.4882376712512,54.0,185.4882376712512,10.20519045125007,0.5699688092250241,89.06103488156756,98.79480954874992,98.71695277999888,76.0,-1.0,3.0
144.46841112890743,0.0,0.0009189533226555339,0.0,0.0,0.0,0.0,81.85577558047042,0.23063177742185115,78.2431400320334,2.9918953322655533,9.693682225781489,139.38736445156297,149.08104667734446,1.0,0.0,145.38736445156297,144.38736445156297,146.38736445156297,0.0,0.30631777421851136,3.0
128.22076961278876,0.0,0.001,0.00755846077442248,0.005,0.0,0.0,66.22076961278876,2.988307845115504,0.0,0.0,129.0,63.0,192.0,6.220769612788761,0.5699688092250241,103.44153922557751,83.11692154884496,109.33769116163371,18.67538232326744,-1.0,3.0
148.24714313684754,0.0,0.0029176189543841575,0.004588094771920787,0.0,0.0,0.0,77.32952418246337,0.49176189543841575,5.977145094780225,9.903428235782966,32.16476209123169,139.17618954384156,171.34095163507325,1.0823810456158427,0.0,150.1647620912317,150.1647620912317,151.1647620912317,1.0,-0.9176189543841573,3.0
150.6804993020747,0.0,0.0013609986041494262,0.0003195006979252869,0.0,0.0,0.0,81.0,0.4,24.485492322821845,6.759750348962643,37.19500697925287,130.0,167.19500697925287,2.0,0.0,152.0,151.36099860414942,152.36099860414942,1.0,0.0,3.0
148.69097757143774,0.0,0.01,0.0,0.0,0.0,0.0,76.38195514287546,0.2,82.18278722458729,2.8654511214281135,6.309022428562271,145.69097757143774,152.0,1.0,0.0,148.69097757143774,148.34548878571886,149.69097757143774,0.0,0.0,3.0
133.7267404730018,0.003180221419005372,0.0007267404730017908,0.0029128166889874655,0.0032732595269982095,0.0,0.0,62.0,1.909303810799284,0.0,0.0,122.09889290497314,62.17436662202507,184.2732595269982,5.0,0.0,98.11060249893374,104.36044283801074,107.2732595269982,76.0,-0.7267404730017907,3.0
110.0,0.00395086356225041,9.827287549917939e-05,0.008852590686751231,0.00695086356225041,0.0,0.0,68.0,3.004913643774959,0.0,0.0,133.0,60.0,193.0,7.049136437749589,0.0,91.0,86.75431781125205,95.0,41.04913643774959,-1.0,3.0
147.6978842164382,0.0,0.01,0.0,0.0,0.0,0.0,71.66163680958991,0.28489421082190997,70.3957684328764,3.81510578917809,13.8489421082191,138.6978842164382,152.5468263246573,1.0,0.0,149.3957684328764,147.3957684328764,149.3957684328764,0.15105789178090023,0.8489421082190998,3.0
133.4323348010426,0.0,0.0,0.0,0.0,0.0,0.0,77.16167400521302,0.2,82.18278722458729,2.208264318331837,5.270660795829592,131.8646696020852,137.1353303979148,1.0,0.0,133.8646696020852,134.0,135.4323348010426,0.0,0.4323348010426019,3.0
128.0,0.0,0.0010563840798324012,0.0079436159201676,0.005,0.0,0.0,66.0,2.8887231840335197,0.0,0.0,129.0,63.0,192.0,5.887231840335198,0.5699688092250241,103.1127681596648,84.281920399162,110.1127681596648,20.0563840798324,-0.9436159201675989,3.0
125.06190878151715,0.0,0.00041972731692612234,0.005901363415369388,0.007500000000000001,0.0,0.0,64.67890926770448,3.318572634455143,0.0,0.0,95.03672780311346,61.382999513812656,156.41972731692613,4.580272683073877,0.4197273169261223,89.06103488156756,80.78463193847622,104.9884531752902,76.0,-0.4197273169261223,3.0
130.63852594766408,0.0,0.01,0.0,0.0,0.0,0.0,80.0,0.3,0.0,4.85279720224705,41.77051895328171,99.97621457569505,141.74673352897676,2.277051895328171,0.0,108.0,123.19262973832043,125.10820758131268,37.04757084860988,0.2770518953281711,3.0
133.0,0.0,0.001,0.005602405602037206,0.003,0.0,0.0,61.60240560203721,2.0590377591851174,0.0,4.518075518370235,105.0,60.0,165.0,4.0,0.0,128.0,106.01202801018603,116.0,70.60240560203721,0.0,3.0
128.72578479765133,0.0,0.001,0.0072742152023486705,0.00645156959530266,0.0,0.0,65.27421520234867,3.045156959530266,0.0,0.0,166.01502468021783,53.56479763053271,206.0,8.90313919060532,0.5699688092250241,104.45156959530266,83.27421520234867,111.45156959530266,15.64529121409202,-1.0,3.0
133.0,0.0,0.0,0.0,0.0,0.0,0.0,73.0,0.3,78.09613411224103,3.598397764795983,8.0,131.0,139.0,1.0,0.0,134.0,134.0,135.0,0.0,0.0,3.0
133.0,0.0,0.001,0.005409334006315043,0.002590665993684957,0.0,0.0,60.0,2.7590665993684955,0.0,8.140933400631504,105.0,60.0,165.0,5.0,0.0,107.77734611998582,98.81866801263008,109.04667003157522,48.274672050520344,0.0,3.0
130.0,0.002,0.002,0.008,0.007500000000000001,0.0,0.0,64.0,2.4894099203679136,0.0,0.0,161.0,50.0,206.0,7.105900796320865,0.0,89.06103488156756,83.21180159264173,113.78819840735827,76.0,-1.0,3.0
133.0,0.0,0.0,0.0,0.0,0.0,0.0,73.0,0.27700453941089137,82.18278722458729,3.4540090788217825,8.0,131.0,139.0,1.0,0.0,133.7700453941089,134.0,135.0,0.0,0.0,3.0
120.0,0.0,0.0,0.00263931411207525,0.007500000000000001,0.0,0.0,63.213104704025085,1.2573790591949834,0.0,1.7261481026031746,83.42620940805017,69.0,152.42620940805017,5.147581183899667,0.2131047040250833,102.52480121547325,99.57379059194983,99.7213717758495,29.8358846724515,-0.2131047040250833,3.0
129.0,0.0,3.113408288451136e-05,0.006,0.007500000000000001,0.0,0.0,65.0,2.6062268165769025,0.0,0.0,101.0,50.0,151.0,8.937731834230977,0.5699688092250241,105.0,90.90659775134647,112.9688659171155,13.0,0.0,3.0
149.39333269849647,0.0,0.0019550004761276552,0.0010449995238723448,0.0,0.0,0.0,66.86500142838297,0.3348333174624115,69.69666634924823,5.3438332222368805,22.17999809548938,135.30333365075177,157.48333174624116,3.348333174624115,0.0,153.48333174624116,151.48333174624116,153.48333174624116,0.34833317462411495,1.0,3.0
123.0,0.0,0.0012629473125524778,0.0,0.0,0.0,0.0,70.0,0.3,59.89642149958018,5.915536775062973,26.577683875314868,103.68526343723761,130.26294731255248,0.7370526874475223,0.0,123.0,122.10557903117129,123.73705268744752,1.0,1.0,3.0
129.0,0.0,0.001,0.005864358249839637,0.007500000000000001,0.0,0.0,65.0,2.8135641750160363,0.0,0.0,101.0,50.0,151.0,6.864358249839637,0.5699688092250241,105.0,85.72871649967928,111.86435824983964,12.864358249839636,0.0,3.0
134.0,0.004,0.001,0.001,0.003,0.0,0.0,61.47320990669156,1.8,0.0,0.0,118.0,66.0,184.0,5.526790093308443,0.0,89.06103488156756,109.16074055985065,109.10716037323377,76.0,-1.0,3.0
133.87277371165888,0.0,0.0,0.0,0.0,0.0,0.0,79.96819342791473,0.2,82.18278722458729,1.3127226288341114,3.095419716255835,132.80916056748833,135.90458028374417,1.0,0.0,134.84096713957362,133.87277371165888,135.84096713957362,0.0,1.0,3.0
145.0723724214844,0.0,0.0005565765471093635,0.0,0.0,0.0,0.0,82.70132139007815,0.21855255157031211,79.33027035867191,2.955657654710936,9.814474484296879,139.62894896859376,149.44342345289064,1.0,0.0,145.62894896859376,144.62894896859376,146.62894896859376,0.0,0.18552551570312115,3.0
135.2627536640888,0.0,0.01,0.0008686231679556108,0.0,0.0,0.0,69.65688416022195,0.3,77.08036217568927,3.9131376832044387,9.525507328177557,132.39413049613316,141.9196378243107,1.0,0.0,136.52550732817755,136.65688416022195,137.65688416022195,0.1313768320443892,0.0,3.0
152.0,0.0,0.0,0.002776596852791742,0.0,0.0,0.0,61.0,0.4,71.67020944162478,6.001062832487432,32.45743461929084,131.54256538070916,164.0,4.0,0.0,160.0,158.0,160.0,1.0,1.0,3.0
134.14539077677975,0.0,0.001229078155355948,0.006687234466067844,0.005519859708915428,0.0,0.0,61.5418436892881,2.0603547087491636,0.0,3.2378717475050185,105.22907815535595,58.85460922322026,164.0836873785762,4.916312621423792,0.458156310711896,125.48014029108457,105.93829660179647,116.22907815535595,73.06170339820353,0.0,3.0
133.06869936870132,0.0008447832281168877,0.01,0.008913482596818213,0.007500000000000001,0.0,0.0,27.2417341750649,3.8999999999999995,0.0,0.6208670875324493,149.22391614058444,50.620867087532446,199.84478322811688,5.931300631298674,0.5699688092250241,89.06103488156756,105.75826582493511,106.22391614058444,76.0,-0.15521677188311234,3.0
130.0,0.002,0.002,0.008761023990942998,0.007500000000000001,0.0,0.0,63.238976009057,2.3477952018114,0.0,0.0,161.0,50.0,206.0,5.477952018114002,0.0,89.06103488156756,86.805119954715,113.238976009057,76.0,-1.0,3.0
110.0,0.0036262203216314154,0.002,0.0057475593567371695,0.007500000000000001,0.0,0.0,67.37377967836858,3.1878660964894245,0.0,0.0,131.12133903510576,61.878660964894245,193.0,5.373779678368584,0.0,89.12133903510575,84.62622032163142,95.87866096489425,53.767084502839815,-1.0,3.0
110.0,0.0037375102446352247,0.0021312448776823877,0.004606265366952837,0.007500000000000001,0.0,0.0,67.13124487768239,3.286875512231761,0.0,0.0,129.21253073390568,63.0,192.21253073390568,5.131244877682388,0.13124487768238757,89.06103488156756,84.08128585622329,96.60626536695284,56.37510244635225,-1.0,3.0
134.9349476410175,0.0,0.0,0.0,0.0,0.0,0.0,68.16263089745625,0.3,72.39031415389502,3.886989528203499,9.934947641017496,132.9349476410175,142.869895282035,1.0,0.0,136.90242146152625,135.9349476410175,137.90242146152625,0.0,0.0,3.0
122.0,0.0,0.0,0.0002374564565529396,0.0,0.0,0.0,83.23745645655293,0.4841695695631374,6.0,15.204239239078433,68.0,62.0,130.0,0.07915215218431315,0.0,122.0,122.0,123.0,2.8416956956313735,1.0,3.0
136.0832515726037,0.0,0.0012333006290414761,0.010150049056437786,0.007500000000000001,0.0,0.0,60.0,2.753339874191705,0.0,0.0,102.54985283068665,56.15004905643779,158.69990188712444,6.466601258082952,0.5699688092250241,120.0667974838341,97.84995094356222,112.39980377424885,76.0,0.0,3.0
133.1861491639047,0.001,0.0,0.012796537290976176,0.007500000000000001,0.0,0.0,35.71426939778618,3.8999999999999995,0.0,0.0,145.32035769245206,50.0,195.32035769245206,6.203462709023824,0.5699688092250241,89.06103488156756,104.55844749171412,107.22077625414295,76.0,0.0,3.0
130.88913410907531,0.0,0.0014445670545376503,0.0,0.0,0.0,0.0,79.51847764848745,0.355543294546235,19.742416412014553,6.1740209430336845,16.48152235151255,120.7413129211757,137.22283527268826,0.9630447030251001,0.0,130.33370116361294,129.29674586663805,130.29674586663805,1.0,0.5184776484874499,3.0
149.7653836220752,0.0,0.00035192456688718345,0.0014692327558495778,0.0,0.0,0.0,80.53076724415043,0.41173081889623947,15.474993543488871,7.463655385783422,42.59230173245127,131.17308188962394,173.7653836220752,1.8826918110376054,0.0,151.7653836220752,150.0,151.0,1.0,-0.11730818896239448,3.0
132.7481420779745,0.0,0.002624442623392349,0.0,0.0,0.0,0.0,79.87630054541785,0.2250371584405101,37.619983610531136,5.412369945458215,17.876300545417852,127.2488852467847,145.12518579220256,1.8748142077974497,0.0,133.87332787017704,133.87332787017704,134.87332787017704,0.8748142077974496,-0.12518579220255044,3.0
120.0,0.0,0.0,0.003628869425542057,0.006,0.0,0.0,62.62886942554206,1.2371130574457943,0.0,8.991234873397662,83.62886942554206,69.0,152.62886942554206,4.742261148915885,0.5699688092250241,89.06103488156756,100.05669586168692,99.11339172337382,52.22678344674766,-0.31443471277102863,3.0
132.43030589489948,0.0,0.0,0.007569694105100538,0.0015696941051005374,0.0,0.0,42.90917684698388,2.345458842349194,0.0,0.0,96.45458842349194,60.0,156.45458842349194,4.290917684698388,0.0,96.41816463060323,99.69694105100537,102.0,36.87275305409516,0.0,3.0
133.20052472670034,0.00040104945340067345,0.00040104945340067345,0.003197901093198653,0.0035989505465993266,0.0,0.0,63.0,1.8197901093198652,0.0,0.0,103.19790109319865,63.80472254030303,167.00262363350168,4.799475273299663,0.20052472670033672,89.06103488156756,95.40629672040404,94.60682144710438,73.59895054659933,-1.0,3.0
123.98318909348288,0.0,0.004424350920672932,0.0,0.0,0.0,0.0,69.01681090651712,0.3,72.45797273370718,3.957564907932707,13.592459985844194,114.91594546741437,128.50840545325858,1.0168109065171262,0.0,123.98318909348288,124.49159454674144,125.49159454674144,0.5084054532585631,0.5084054532585631,3.0
129.06420893707514,0.0,0.01,0.003935791062924866,0.002064208937075134,0.0,0.0,29.935791062924867,2.1064208937075133,0.0,8.455053744047406,128.51367149660106,54.0,182.51367149660106,13.0,0.0,129.0,104.12841787415027,120.12841787415027,76.0,0.0,3.0
150.0,0.0,0.0017459142057431965,0.0004180285980856012,0.0,0.0,0.0,80.4180285980856,0.4,21.07379981340079,7.914759962680158,48.65577121531519,126.5081715885136,175.1639428038288,1.418028598085601,0.0,150.8360571961712,151.1639428038288,152.1639428038288,1.581971401914399,0.0,3.0
123.0,0.0,0.0014620131911298045,0.0,0.0,0.0,0.0,70.0,0.3,58.303894470961566,6.154415829355766,27.77207914677883,102.68993404435098,130.4620131911298,0.5379868088701953,0.0,123.0,121.8069802133053,123.5379868088702,1.0,1.0,3.0
133.0,0.0,0.0,0.011595118201274377,0.0014048817987256238,0.0,0.0,60.20244089936281,2.9595118201274375,0.0,0.0,97.20244089936281,57.79755910063719,155.0,4.0,0.0,125.0,95.79755910063719,104.59511820127437,76.0,0.0,3.0
124.72434350708289,0.0,0.0016896380410764264,0.0029310858767707215,0.007500000000000001,0.0,0.0,60.68963804107643,2.248289567138859,0.0,5.893158268555436,100.17253371246501,61.379276082152856,161.55180979461787,7.068914123229279,0.0,109.65493257506996,99.37927608215286,106.31036195892358,54.654932575069964,0.0,3.0
123.4552201490818,0.0,0.0,0.0,0.0,0.0,0.0,77.28352238530881,0.3,70.9104402981636,4.21791194036728,15.813458956427391,113.64176119265441,129.4552201490818,1.5447798509181987,0.0,123.4552201490818,124.0,125.0,0.5447798509181988,0.5447798509181988,3.0
128.0697232394486,4.6482159632402545e-05,1.1620539908100636e-05,0.007918656220643295,0.007500000000000001,0.0,0.0,62.9883794600919,3.8999999999999995,0.0,0.0,90.32537511742682,66.0,156.32537511742683,5.0,0.0,89.06103488156756,80.78463193847622,117.8721740610109,76.0,-0.011620539908100636,3.0
133.78265933661632,0.0,0.00021734066338367663,0.008565318673232646,0.0061448937755891175,0.0,0.0,64.21734066338368,1.5144893775589117,0.0,3.524701826380676,69.85510622441089,82.63776556102721,152.4928717854381,5.144893775589118,0.0,135.84084979528706,118.78265933661632,123.71021244882176,47.46435892719044,0.9275531122054411,3.0
110.0,0.003607506443593315,0.0007849871128133697,0.007822519330779945,0.006607506443593316,0.0,0.0,68.0,3.0392493556406683,0.0,0.0,133.0,60.0,193.0,7.392493556406685,0.0,91.0,85.03753221796657,95.0,41.392493556406684,-1.0,3.0
129.0,0.0,0.001,0.006,0.006959877669434247,0.0,0.0,65.52006116528288,2.8520061165282877,0.0,0.0,97.35957184301986,50.0,147.35957184301986,7.520061165282876,0.5699688092250241,105.0,85.47993883471712,110.43981650415137,11.959877669434247,0.0,3.0
129.0,0.0,0.001,0.005600020548119304,0.007500000000000001,0.0,0.0,65.0,2.8399979451880695,0.0,0.0,101.0,50.0,151.0,6.6000205481193035,0.5699688092250241,105.0,85.2000410962386,111.6000205481193,12.600020548119303,0.0,3.0
132.33330062967443,0.0014166748425813937,0.0005833251574186065,0.012541687106453484,0.007500000000000001,0.0,0.0,59.29166257870931,2.2458312893546517,0.0,0.0,120.87508584710463,51.45831289354652,172.33339874065115,8.0,0.5699688092250241,119.83334968516279,100.41667484258139,115.58332515741861,76.0,0.0,3.0
134.0,0.003,0.0,0.0,0.0,0.0,0.0,64.30501811387346,1.7305018113873458,0.0,0.0,114.0,66.0,180.0,6.610036227746915,0.5699688092250241,89.06103488156756,100.69498188612654,101.69498188612654,76.0,-1.0,3.0
120.0,0.0,0.0,0.0032797552056215906,0.006419632808432387,0.0,0.0,62.0,1.327975520562159,0.0,9.316073438313524,83.2797552056216,69.0,152.2797552056216,5.860122397189205,0.5699688092250241,89.06103488156756,101.1398776028108,101.0,57.11902082248636,-0.13987760281079542,3.0
135.4402980222133,0.0,0.0,0.0,0.0,0.0,0.0,69.32089406663991,0.3,71.77985098889334,3.922014901110665,10.66044703331995,133.4402980222133,144.10074505553325,1.0,0.0,137.66044703331994,137.10074505553325,138.8805960444266,0.2201490111066502,0.0,3.0
124.03961882534836,0.0,0.0003565694281352143,0.0,0.0,0.0,0.0,85.28686114372957,0.3,72.11885647604507,3.980190587325821,11.841524698606571,118.07923765069671,129.9207623493033,0.9603811746516429,0.0,124.03961882534836,124.03961882534836,125.03961882534836,0.0,0.0,3.0
134.0,0.003480506947257829,0.0,0.0,0.00048050694725782894,0.0,0.0,64.0,1.7961013894515658,0.0,0.0,116.88304168354698,66.0,182.88304168354696,7.441520841773487,0.5194930527421711,89.06103488156756,102.44152084177348,103.92202778903132,76.0,-1.0,3.0
122.0,0.0,0.0,0.002104930178418175,0.0,0.0,0.0,84.20986035683634,0.479013964316365,5.104930178418175,13.285209464745474,68.0,62.0,130.0,0.10493017841817487,0.0,122.0,122.0,123.0,2.7901396431636503,1.0,3.0
138.78977492068736,0.0,0.01,0.00048409003172505494,0.0,0.0,0.0,76.06363987309977,0.22420450158625274,82.18278722458729,3.4242045015862526,8.242045015862528,135.03181993654988,143.27386495241242,1.0,0.0,139.78977492068736,139.03181993654988,140.03181993654988,0.0,0.0,3.0
144.09336184712998,0.0,0.002,0.001973325186534293,0.0,0.0,0.0,83.95998777980144,0.30133374067328533,30.973325186534293,5.709336184712997,37.89330074613717,131.97332518653428,169.86662593267147,2.0,0.0,144.1066992538628,143.1066992538628,145.1066992538628,0.013337406732853552,-0.9733251865342929,3.0
133.28499108580303,0.0,0.002279928686424212,0.0002849910858030265,0.0,0.0,0.0,72.57251337129546,0.3,78.85497325740909,3.5857504457098486,8.142495542901512,131.14249554290151,139.28499108580303,1.0,0.0,134.28499108580303,134.28499108580303,135.28499108580303,0.0,0.0,3.0
126.5100066189378,0.0,0.0015033355396459318,0.002501111846548644,0.004008894772389152,0.0,0.0,75.48109860867305,1.1013342158583725,2.4944407672567803,6.784878886938443,68.0,70.01778954477831,138.0177895447783,3.5077829258405075,0.0,121.49888815345136,118.99332892070814,121.49666446035407,9.013342158583727,0.49888815345135606,3.0
124.0,0.0,0.0,0.0,0.0,0.0,0.0,86.61815573431812,0.23818442656818808,71.38184426568188,3.6291065594091285,10.763688531363762,118.0,128.76368853136375,0.3818442656818809,0.0,124.0,123.38184426568188,125.0,0.0,0.0,3.0
136.4049299410882,0.0,0.0,0.0,0.0,0.0,0.0,72.21478982326462,0.3,71.2975350294559,3.9702464970544105,12.107394911632312,134.4049299410882,146.51232485272052,1.0,0.0,139.1073949116323,139.51232485272052,140.80985988217643,0.702464970544104,0.0,3.0
133.44035131651307,0.0013210539495392578,0.0,0.0022385947339476566,0.0022385947339476566,0.0,0.0,63.880702633026175,1.8559648683486913,0.0,0.0,108.40351316513086,63.76140526605234,172.1649184311832,6.321053949539258,0.4403513165130859,89.06103488156756,96.0824592155916,95.96316184861777,76.0,-1.0,3.0
147.98045830516162,0.0,0.01,0.0,0.0,0.0,0.0,70.10747932161102,0.2990229152580816,70.96091661032327,3.800977084741918,13.990229152580817,138.98045830516162,152.97068745774246,1.0,0.0,149.96091661032327,147.96091661032327,149.96091661032327,0.00977084741918366,0.9902291525808163,3.0
133.0,0.0,0.0003264613082439919,0.00836769345878004,0.002326461308243992,0.0,0.0,60.32646130824399,2.771477084229206,0.0,1.6323065412199593,105.0,60.0,165.0,4.673538691756008,0.0,125.97938392473198,98.95876784946395,108.59107439068391,76.0,0.0,3.0
129.03542328676943,0.0,0.01,0.0,0.0,0.0,0.0,80.0,0.3964576713230577,0.0,3.279560824983962,22.730251364001248,110.37601849630703,133.10626986030826,0.5177116433847114,0.0,116.6811904190752,121.92915342646116,122.41144178307644,12.389656154463651,-0.03542328676942286,3.0
123.61506549401383,0.0,0.0019121335008551667,0.0,8.786649914483335e-05,0.0,0.0,70.70293199315867,0.29121335008551663,56.635994974345,6.3782408041047995,30.7364005025655,100.43933249572417,131.17573299828967,0.5271989948690001,0.0,123.70293199315867,121.7907984923035,123.7907984923035,1.0,1.0,3.0
131.1037615872551,0.0,0.009103761587255085,0.002948119206372458,0.0,0.0,0.0,66.40250772483672,0.36493730687908194,74.7531346560459,3.9,7.701253862418362,128.75313465604592,136.45438851846427,1.0,0.0,132.75313465604592,132.1037615872551,133.75313465604592,0.0,0.0,3.0
134.0,0.0040332031087913665,0.0010332031087913667,0.0010332031087913667,0.003966796891208634,0.0,0.0,60.06640621758273,1.5966796891208634,0.0,0.0,113.0,71.0,184.0,6.900390673625901,0.0,89.06103488156756,117.83398445604317,112.9003906736259,76.0,-1.0,3.0
132.921421502845,0.0,0.01,0.004550049480085146,0.0019214215028449794,0.0,0.0,19.10009896017029,2.589990103982971,0.0,17.555315838805065,105.66416554836465,66.44995051991485,172.11411606827951,3.8428430056899585,0.23573549146506223,113.74274404551967,119.76426450853494,121.31431398862009,49.02152046301527,0.07857849715502074,3.0
134.20615344759682,0.0,0.009649227580774463,0.0012061534475968079,0.0,0.0,0.0,71.19076982860479,0.3,82.18278722458729,3.5,8.603076723798404,131.6030767237984,140.20615344759682,1.0,0.0,135.20615344759682,135.20615344759682,136.20615344759682,0.0,0.0,3.0
122.59258904851673,0.0,0.0018672842459569396,0.0025308630161722414,0.007500000000000001,0.0,0.0,60.86728424595694,2.092901027830142,0.0,5.3379619883421,98.92901027830142,61.734568491913876,160.6635787702153,7.601852737870819,0.0,114.6635787702153,100.0,106.79629452425836,58.203705475741636,0.0,3.0
146.86491830347688,0.0,0.009919346427815069,0.0,0.0,0.0,0.0,76.24294933087714,0.2432459151738442,68.72983660695377,3.856754084826156,13.432459151738442,137.86491830347688,151.29737745521533,1.0,0.0,147.72983660695377,145.72983660695377,147.72983660695377,0.5675408482615582,0.43245915173844185,3.0
133.10535030862735,0.0,0.01,0.001863210185176406,0.0006210700617254685,0.0,0.0,74.41036944447079,0.9521235648117419,0.6210700617254685,5.195201280874587,51.17374521603914,92.58411466050993,143.75785987654908,3.0,0.0,115.14230570984289,123.0,124.48428024690187,30.30501913584344,1.0,3.0
148.39882660178182,0.0,0.0071847458231638454,0.004002933495545415,0.0,0.0,0.0,79.80645369019992,0.4,7.592372911581922,8.300293349554542,17.800586699109083,141.40176009732724,159.20234679643633,0.0,0.0,150.1994133008909,151.0,151.1994133008909,0.0,0.19941330089091713,3.0
137.80060097697924,0.0,0.0006004507327344303,0.0,0.0,0.0,0.0,74.60045073273443,0.3,71.20015024424481,3.839879804604152,12.19939902302076,135.60045073273443,147.7998497557552,1.0,0.0,140.80060097697924,141.40030048848962,142.60045073273443,0.7998497557551899,0.2001502442448101,3.0
148.33496516451814,0.0,0.007187064556476744,0.004162587088704651,0.0,0.0,0.0,75.99510450644559,0.483251741774093,6.344756151626976,9.814790060804139,29.487761266113953,139.83251741774092,169.3202786838549,0.8325174177409302,0.0,150.16748258225908,150.16748258225908,151.16748258225908,0.8325174177409302,-0.6650348354818605,3.0
133.0,0.0,0.0,0.0,0.0,0.0,0.0,73.0,0.28954321596655996,82.18278722458729,3.47908643193312,8.0,131.0,139.0,1.0,0.0,133.8954321596656,134.0,135.0,0.0,0.0,3.0
123.0,0.0,0.0,0.0003635697504563633,0.0,0.0,0.0,71.09070925136909,0.3,70.72713950091273,4.690855800365091,22.27212775410727,109.27286049908727,131.54498825319453,2.3635697504563633,0.0,123.0,124.0,125.0,1.0,0.6364302495436367,3.0
132.4129514529738,0.0,0.01,0.004119427179460703,0.0027064757264869013,0.0,0.0,61.0,2.18259029059476,0.0,7.142727196645621,111.75105829080127,58.82590290594761,170.57696119674887,6.054669914591692,0.0,129.7611456410786,107.98991264972268,120.40286410269648,66.18418444432972,0.0,3.0
135.0,0.0,0.0,0.0,0.0,0.0,0.0,62.15793072412821,0.4968413855174358,70.93682771034872,6.827351866901024,96.33669095866152,70.87365542069743,167.21034637935895,2.968413855174358,0.0,142.81048313104614,141.81048313104614,143.81048313104614,0.968413855174358,1.0,3.0
130.42591021619322,0.0,0.0028086367387310696,0.00293621224624369,0.007489697969949518,0.0,0.0,68.08439181385728,1.6234546954924278,0.3189387687815506,0.8675134510858182,68.0,76.97939593989904,144.97939593989904,6.553485723705829,0.0,121.06378775375632,116.38272652253787,120.19136326126893,14.234546954924278,0.06378775375631018,3.0
133.0,0.001,0.0,0.009948028716348528,0.004,0.0,0.0,60.948028716348524,2.7051971283651475,0.0,0.0,131.74014358174264,52.259856418257364,184.0,5.155913850954417,0.0,125.0,96.10394256730295,109.68817229809116,76.0,0.0,3.0
126.50444397638715,0.0,0.0015412963353010705,0.0038348146587957183,0.007500000000000001,0.0,0.0,60.54129633530107,2.5045740311688225,0.0,7.010036857615076,101.21092565289251,61.08259267060214,162.29351832349465,7.5412963353010705,0.0,104.36722304132248,99.08259267060214,106.45870366469893,58.08259267060214,0.0,3.0
120.0,0.0,0.0,0.004418121038901833,0.007500000000000001,0.0,0.0,62.0,1.4418121038901832,0.0,8.97456368832945,84.41812103890183,69.0,153.41812103890183,5.290939480549084,0.5699688092250241,89.06103488156756,101.70906051945092,101.0,61.67248415560733,-0.7090605194509164,3.0
120.0,0.0,0.0,0.0038709691237460856,0.006870969123746086,0.0,0.0,63.74193824749217,1.3,0.0,8.529030876253914,84.74193824749217,69.0,153.74193824749216,3.387092628761743,0.5699688092250241,89.06103488156756,97.51612350501566,94.03224701003131,49.03224701003131,-0.8709691237460856,3.0
132.42817386426486,0.0,0.01,0.004142260796397283,0.0027140869321324278,0.0,0.0,61.0,2.185634772852971,0.0,7.087165395433277,111.57600056095416,58.85634772852971,170.43234828948388,6.001391475073006,0.0,129.71547840720544,107.86052215374873,120.28869601801358,66.28313011772156,0.0,3.0
128.0,0.0,0.0021982719169302083,0.007,0.005198271916930208,0.0,0.0,65.0,2.5801728083069793,0.0,0.0,129.0,63.0,192.0,5.801728083069792,0.0,105.1809910862323,92.99135958465104,114.39654383386042,27.405184249209377,0.0,3.0
130.0,0.002,0.002,0.008,0.007500000000000001,0.0,0.0,64.0,2.4660549807457195,0.0,0.0,161.0,50.0,206.0,7.339450192542806,0.0,89.06103488156756,83.67890038508561,113.32109961491439,76.0,-1.0,3.0
133.0,0.001,0.0,0.008370349772506976,0.004,0.0,0.0,61.814825113746515,2.292587443126744,0.0,0.0,132.8148251137465,52.0,184.8148251137465,5.0,0.0,125.0,99.25930045498605,108.37034977250697,76.0,0.0,3.0
121.0,0.0,0.001,0.003,0.007500000000000001,0.0,0.0,67.91988515361533,2.1,0.0,0.0,102.0,55.0,157.0,3.0801148463846753,0.5699688092250241,89.06103488156756,80.78463193847622,86.5,76.0,-1.0,3.0
123.0,0.0,0.0,0.0,0.0,0.0,0.0,75.47408328030264,0.21051833439394724,82.18278722458729,3.3841466751515776,11.841466751515778,117.15853324848422,129.0,1.0,0.0,123.0,122.10518334393947,124.0,0.0,0.10518334393947237,3.0
128.0,0.0,0.0015475923761537362,0.007452407623846264,0.005547592376153736,0.0,0.0,65.45240762384627,2.6809630495385055,0.0,0.0,129.0,63.0,192.0,6.0,0.45240762384626376,103.54759237615373,89.47592376153736,112.73796188076868,24.38073900922989,-0.45240762384626376,3.0
132.45189330988748,0.0011827022300375063,0.0,0.009548106690112518,0.0056443200703375565,0.0,0.0,60.182702230037506,2.6538382159699947,0.0,0.0,127.0,55.721084389737456,182.72108438973746,7.451893309887481,0.0,124.26919107984997,98.0,106.00972453041257,76.0,0.0,3.0
135.7384085774085,0.0,0.0010953634309633998,0.0103569548535549,0.007500000000000001,0.0,0.0,60.0,2.7809273138073203,0.0,0.0,101.9291354393353,56.3569548535549,158.2860902928902,6.1907268619268,0.5699688092250241,120.6185462761464,97.6430451464451,111.5721805857804,76.0,0.0,3.0
134.28715539039305,0.0,0.01,0.00128715539039305,0.0,0.0,0.0,71.78211152401738,0.2643577695196525,82.18278722458729,3.286146617117915,8.28715539039305,131.6435776951965,139.93073308558957,1.0,0.0,134.93073308558957,135.28715539039305,136.28715539039305,0.0,0.0,3.0
133.4735973390639,0.0009471946781277735,0.0014735973390638869,0.0031584159656166794,0.002526402660936113,0.0,0.0,61.42079201719166,1.8684818626552793,0.0,2.632013304680566,102.63201330468057,65.20957072970276,167.84158403438332,4.526402660936113,0.4735973390638868,94.79042927029724,104.47359733906389,106.57920798280834,61.47194678127774,-0.4735973390638868,3.0
128.53682095648935,0.0,0.0002684104782446681,0.0021947685652659956,0.0002684104782446681,0.0,0.0,83.85271617404265,0.2731589521755332,80.34205239122335,2.6584305695797985,19.220925738936018,111.58430569579798,130.805231434734,1.6104628694680088,0.0,128.805231434734,127.07364191297867,129.805231434734,0.2684104782446681,1.0,3.0
133.0,0.001,0.0,0.00908162998203059,0.004,0.0,0.0,62.836740035938824,2.148977989218354,0.0,0.0,132.9183700179694,52.0,184.9183700179694,4.08162998203059,0.0,125.0,94.16325996406118,98.06118976639766,76.0,-0.9183700179694104,3.0
141.3017604199528,0.0,0.0028189437480283085,0.0,0.0,0.0,0.0,77.42246458793394,0.29396479160094363,72.54316875591508,3.181894374802831,9.060352083990564,138.12070416798113,147.18105625197168,1.0,0.0,144.12070416798113,143.12070416798113,145.12070416798113,0.0,0.9396479160094362,3.0
130.9884129360406,0.0,0.0,0.0,0.0,0.0,0.0,79.4942064680203,0.2,82.18278722458729,1.6011587063959414,5.258690297969561,128.48261940406087,133.74130970203043,1.0,0.0,131.23551617005074,130.9884129360406,132.23551617005074,0.0,1.0,3.0
129.0,0.0,0.001,0.006,0.007500000000000001,0.0,0.0,65.0,2.8,0.0,0.0,101.0,50.0,151.0,7.0,0.5699688092250241,105.0,86.31908936022637,112.0,13.0,0.0,3.0
149.7435671331844,0.0,0.01,0.0006410821670389914,0.0,0.0,0.0,72.41038076748578,0.4,16.333186365698623,7.9641082167039,17.128216433407797,139.3846493002234,156.5128657336312,0.0,0.0,150.8717835665922,151.0,151.8717835665922,0.0,0.8717835665922017,3.0
135.0,0.0,0.01,0.0012192139873580443,0.0,0.0,0.0,69.21921398735805,0.3,79.31528392414826,3.812314405056782,9.0,132.0,141.0,1.0,0.0,136.0,136.0,137.0,0.0,0.0,3.0
139.71038306982956,0.0,0.0078069220465530505,0.005855191534914788,0.0019517305116382626,0.0,0.0,62.43442539525564,2.354143986056349,1.9517305116382626,0.4568758371756463,55.03461023276525,85.69990758124518,140.73451781401045,2.927595767457394,0.0,130.87932627909566,123.02413474418087,129.87932627909566,10.758652558191313,1.0,3.0
127.96793787406004,0.0,0.0019893126246866796,0.0026631042082288932,0.0053048336658311455,0.0,0.0,72.72722846010882,1.2957250498746717,1.6844789588555342,4.581782768087053,68.0,72.6096673316623,140.60966733166228,4.641729457602252,0.0,121.33689579177111,118.02137475062663,121.01068737531332,10.957250498746717,0.33689579177110685,3.0
130.0,0.0018178820843113008,0.0018178820843113008,0.008728471662754797,0.007500000000000001,0.0,0.0,63.6357641686226,2.36357641686226,0.0,0.0,161.0,50.0,206.0,8.1821179156887,0.0,89.06103488156756,85.7284716627548,112.18211791568869,76.0,-0.8178820843113007,3.0
133.0,0.0,0.0,0.011579397014284959,0.0014206029857150417,0.0,0.0,60.0,3.0,0.0,0.0,98.47211045000265,58.0,156.47211045000265,4.210301492857521,0.0,125.0,95.78969850714248,104.57939701428496,76.0,0.0,3.0
120.0,0.0,0.0,0.002682584448998248,0.007500000000000001,0.0,0.0,62.29353887750438,1.4023876673497373,0.0,3.6859560245905385,79.04775334699474,69.0,148.04775334699474,6.6348311020035045,0.3412922244991239,92.48455226548336,100.730337795993,102.38904557149387,35.61095442850613,0.0,3.0
128.0,0.0,0.002,0.007,0.005501804283546861,0.0,0.0,65.49819571645314,2.599639143290628,0.0,0.0,129.0,63.0,192.0,5.003608567093722,0.0,104.49819571645314,91.5090214177343,113.50541285064058,24.512629984828028,0.0,3.0
129.0,0.0,0.00044463644906236877,0.005555363550937631,0.007500000000000001,0.0,0.0,65.0,2.7333909347187104,0.0,0.0,101.0,50.0,151.0,7.666090652812894,0.5699688092250241,105.0,87.88754485656342,112.11072710187526,12.555363550937631,0.0,3.0
133.8423946651832,0.0002807982217277362,0.0007192017782722638,0.004876807113089056,0.003561596443455472,0.0,0.0,51.329667574346026,2.0123192886910943,0.0,3.0206474687435083,108.08878043900509,57.47281600445037,165.56159644345547,4.561596443455472,0.5615964434554723,127.43840355654453,109.96558755209415,117.68478933036641,67.0688248958117,0.0,3.0
133.7715452586687,0.003314635776006104,0.0,0.0020560926719816884,0.0016853642239938963,0.0,0.0,63.08618103467481,2.1056092671981688,0.0,0.0,121.59918318931909,63.94390732801831,185.5430905173374,8.771545258668702,0.0,96.45282542925806,102.62927155201221,105.5430905173374,76.0,-0.7715452586687013,3.0
129.0,0.0,0.001,0.005003666083943258,0.007500000000000001,0.0,0.0,65.00366608394326,2.9,0.0,0.0,100.97433741239719,50.0,150.9743374123972,6.007332167886516,0.5699688092250241,105.0,84.00366608394326,110.99266783211348,11.996333916056741,0.0,3.0
134.0,0.004,2.5206837853216876e-05,2.5206837853216876e-05,0.0010504136757064338,0.0,0.0,63.94958632429356,1.8974793162146781,0.0,0.0,119.94958632429356,66.0,185.94958632429356,8.899172648587133,0.0,89.06103488156756,104.05041367570644,106.02520683785322,76.0,-1.0,3.0
128.34967431365305,0.0,0.001650325686346937,0.007,0.006349674313653063,0.0,0.0,65.0,2.709804588191838,0.0,0.0,146.8333899963062,58.45423392251018,205.2876239188164,7.3986972546122525,0.3496743136530631,104.34967431365307,90.1535825498163,113.95097705904081,23.104559608857116,-0.3496743136530631,3.0
127.20183019628342,0.0,0.0,0.0,0.0,0.0,0.0,81.19725470557488,0.4800457549070855,2.7935943130080316,6.400915098141709,17.596339607433162,115.59633960743317,133.19267921486633,0.19954245092914513,0.0,126.0,124.39908490185829,125.39908490185829,0.8004575490708549,0.6009150981417097,3.0
132.72091296972516,0.0013197717575687087,0.0006395435151374173,0.011401141212156456,0.007500000000000001,0.0,0.0,40.192011514904806,3.8999999999999995,0.0,0.0,153.5174893332558,50.0,203.5174893332558,6.639543515137417,0.5699688092250241,89.06103488156756,99.96502133348841,107.91863054541226,76.0,-0.3197717575687087,3.0
121.85560318204165,0.0,0.0,0.002144396817958352,0.0008663809077501101,0.0,0.0,82.1950397755206,0.5794182498770934,4.639007955104121,13.397844454858307,69.08297613468764,62.50538886285423,131.58836499754187,0.2887936359167034,0.07219840897917584,120.772627047354,120.84482545633318,121.84482545633318,5.021555451416924,0.9278015910208242,3.0
130.9693474977942,6.130500441161213e-05,0.01,0.002367830026469673,0.002367830026469673,0.0,0.0,60.938694995588385,1.906130500441161,0.0,11.922974222868586,127.96934749779419,55.81608498676516,183.78543248455935,10.908042493382581,0.06130500441161213,133.6015174713245,119.41760245808969,130.5095599647071,57.67435504852774,0.0,3.0
133.25768288851123,0.0005153657770224274,0.0005153657770224274,0.0029692684459551454,0.0034846342229775725,0.0,0.0,63.0,1.7969268445955144,0.0,0.0,102.96926844595515,64.31914599660092,167.28841444255607,4.742317111488786,0.2576828885112137,89.06103488156756,96.09219466213456,95.34987755064577,73.48463422297758,-1.0,3.0
134.0,0.0034626229567393165,0.0,0.0,0.0004626229567393163,0.0,0.0,64.0,1.7925245913478631,0.0,0.0,116.7757377404359,66.0,182.7757377404359,7.3878688702179485,0.5373770432606837,89.06103488156756,102.38786887021794,103.85049182695727,76.0,-1.0,3.0
148.5269099783665,0.0,0.01,0.0003951824837748583,0.0,0.0,0.0,68.81445254867542,0.31317274945916196,71.0,4.0634549891832386,16.10763991346591,138.3413625270419,154.44900244050783,1.3951824837748585,0.0,151.31727494591618,149.31727494591618,151.31727494591618,0.13172749459161948,1.0,3.0
134.36415465116846,0.0,0.000545661860467384,0.01,0.00472830930233692,0.0,0.0,59.45433813953262,2.863584534883154,0.0,0.32739711628043033,105.2728309302337,58.63584534883154,163.90867627906522,5.818492790701076,0.272830930233692,122.81735255813047,98.63698558140216,108.81963302327169,76.0,0.0,3.0
110.0,0.003,0.002,0.006,0.006742706521199981,0.0,0.0,68.0,3.1,0.0,0.0,133.0,60.0,193.0,8.0,0.0,91.0,82.74270652119998,95.0,42.0,-1.0,3.0
146.85098666889616,0.0,0.009807893351169206,0.0,0.0,0.0,0.0,76.31957332107118,0.24254933344480753,68.7019733377923,3.8574506665551924,13.425493334448076,137.85098666889616,151.27648000334423,1.0,0.0,147.7019733377923,145.7019733377923,147.7019733377923,0.5745066655519246,0.42549333444807536,3.0
148.69186998509392,0.0,0.01,0.0,0.0,0.0,0.0,76.38373997018785,0.2,82.18278722458729,2.8654065007453036,6.308130014906074,145.69186998509392,152.0,1.0,0.0,148.69186998509392,148.34593499254697,149.69186998509392,0.0,0.0,3.0
134.3710387629846,0.0,0.001886883711046192,0.0,0.0,0.0,0.0,76.17649608120017,0.23710387629846028,60.04973649670745,4.528961237015397,13.773767422092384,130.48415505193842,144.2579224740308,1.6289612370153974,0.0,135.7420775259692,135.3710387629846,136.7420775259692,0.6289612370153973,0.0,3.0
129.0,0.0,0.001,0.006,0.007500000000000001,0.0,0.0,65.01235043626394,2.8,0.0,0.0,100.91354694615241,50.0,150.9135469461524,6.987649563736058,0.5699688092250241,105.0,85.98764956373606,111.97529912747211,12.975299127472116,0.0,3.0
133.20054595706242,0.0,8.021838282496496e-05,0.009959890808587517,0.0034412011055373073,0.0,0.0,60.95989080858752,2.7919781617175032,0.0,0.0,98.32087353129987,56.91978161717503,155.2406551484749,4.16043676564993,0.08021838282496496,124.67912646870013,95.16043676564993,103.56152867977475,76.0,0.0,3.0
122.59562204653062,0.0,0.0018670314961224486,0.002531874015510206,0.007500000000000001,0.0,0.0,60.86703149612245,2.106374803102041,0.0,5.272311810857144,98.93077952714286,61.734062992244894,160.66484251938775,7.6010944883673455,0.0,114.66484251938776,100.0,106.66484251938776,58.20218897673469,0.0,3.0
128.0,0.0,0.0015786754085723935,0.0074213245914276065,0.005578675408572394,0.0,0.0,65.4213245914276,2.6685298365710426,0.0,0.0,129.0,63.0,192.0,6.0,0.4213245914276066,103.5786754085724,89.78675408572393,112.89337704286197,24.629403268579146,-0.4213245914276066,3.0
125.75446167675837,0.0,0.0,0.0,0.0,0.0,0.0,83.36830748486246,0.44386154191895905,7.859384131345734,5.677230838379181,20.491076646483275,118.49107664648328,138.98215329296656,0.5613845808104095,0.0,126.0,125.12276916162082,126.12276916162082,0.43861541918959046,-0.12276916162081908,3.0
132.17577298124542,0.0012747423395848634,0.0,0.009098969358339454,0.0064726810562637715,0.0,0.0,61.72525766041514,2.1450515320830275,0.0,0.0,131.35154596249083,51.45051532083027,182.80206128332108,5.0,0.0,123.90103064166054,99.45051532083028,109.92319637709404,76.0,0.0,3.0
137.0799863514518,0.0,0.0041066484686023775,0.007460006824274108,0.003946675765698812,0.0,0.0,62.97333788284941,1.9619979527177673,1.0266621171505943,2.00334129498646,62.81336517994584,84.0266621171506,146.84002729709644,3.973337882849406,0.0,133.9200136485482,121.05332423430119,127.07998635145178,29.98008871556341,1.0,3.0
120.0,0.0,0.0,0.003620269714244982,0.007500000000000001,0.0,0.0,59.632883809591696,1.5367116190408303,0.0,9.694997942706431,82.62026971424498,69.6328838095917,152.2531535238367,3.8734232380816604,0.5699688092250241,90.3671161904083,105.11396266657162,105.11396266657162,53.97477180930657,-0.12657676191833944,3.0
148.29789440796623,0.0,0.01,0.0,0.0,0.0,0.0,71.31895032830398,0.24964906799437075,77.20561491209007,3.6297894407966225,13.40421118406755,140.48947203983113,153.89368322389868,0.0,0.0,149.09227949587614,148.9929813598874,150.09227949587614,0.0,0.0,3.0
141.32581390310185,0.0,0.0012651627806203663,0.0,0.0,0.0,0.0,69.5909766837222,0.4578279073126545,51.179116436947595,7.5747534829975285,78.0225582906945,93.35120912429313,171.37376741498764,2.156558146253089,0.0,145.95204648811418,146.21720926873456,147.7954883418611,1.4217209268734554,0.5782790731265446,3.0
133.27682779723506,0.0,0.0,0.0,0.0,0.0,0.0,74.93779458064536,0.2,82.18278722458729,2.746344405529897,6.615861013824742,131.55365559447011,138.16951660829486,1.0,0.0,133.55365559447011,134.0,135.27682779723506,0.0,0.2768277972350516,3.0
132.77705098578008,0.002369401314373449,0.01,0.0018152993428132756,0.003,0.0,0.0,50.58580920061414,1.9630598685626552,0.0,1.5490687513452235,122.07649671406638,61.108203943120344,183.18470065718674,7.038248357033189,0.40764967140663777,89.06103488156756,103.14645230015354,104.96175164296682,76.0,-1.0,3.0
120.0,0.0,0.0,0.003912363345616691,0.006912363345616691,0.0,0.0,63.82472669123338,1.3,0.0,8.487636654383309,84.82472669123338,69.0,153.8247266912334,3.262909963149927,0.5699688092250241,89.06103488156756,97.35054661753324,93.70109323506647,48.70109323506647,-0.912363345616691,3.0
132.15735124397733,0.0,0.0014746353230396662,0.006368013432983001,0.0,0.0,0.0,64.21066218900566,0.4,79.31470248795466,3.7421324378011334,10.946689054971667,126.21066218900566,137.15735124397733,1.0,0.0,132.57867562198868,131.57867562198868,133.57867562198868,0.0,0.0,3.0
132.37703341643652,0.0,0.01,0.006491866334253931,0.002,0.0,0.0,25.475599002761793,2.0770334164365174,0.0,8.10621845338512,96.4095680794208,62.63923391505562,159.0488019944764,3.377033416436517,0.0,105.03253466298428,110.03253466298428,109.16363491229383,38.65550124654776,0.0,3.0
130.0,0.0012631204401850411,0.002,0.0076315602200925205,0.007500000000000001,0.0,0.0,64.73687955981495,2.4,0.0,0.0,161.0,50.0,206.0,7.6315602200925206,0.0,89.06103488156756,81.31560220092521,110.52624088037008,76.0,-1.0,3.0
130.0,0.001266886977584719,0.001266886977584719,0.010932452089661125,0.007500000000000001,0.0,0.0,62.53377395516944,2.253377395516944,0.0,0.0,161.0,50.0,206.0,8.733113022415282,0.0,89.06103488156756,87.93245208966113,112.73311302241528,76.0,-0.266886977584719,3.0
129.0,0.0,0.001,0.0058684323148727405,0.006263135370254519,0.0,0.0,65.86843231487273,3.160529694461822,0.0,0.0,96.6578384256363,50.0,146.6578384256363,7.73686462974548,0.2631353702545196,105.0,82.26313537025452,108.39470305538178,10.26313537025452,0.0,3.0
130.13670014127163,0.0002841750353179115,0.01,0.0054208751765895576,0.002568350070635823,0.0,0.0,39.37777616549108,2.1,0.0,6.084512199797753,129.42087517658956,53.43164992936418,182.85252510595373,10.442424682138796,0.0,127.86329985872835,101.15824964682089,113.46397418768804,76.0,-0.28417503531791144,3.0
133.09032520665642,0.0,0.002727097561996923,0.0,0.0,0.0,0.0,81.45483739667179,0.2181934958668718,49.45226830596,4.890903252066565,16.72773983467487,128.36322764465947,145.09096747933435,1.909032520665641,0.0,134.18129268599077,134.18129268599077,135.18129268599077,0.909032520665641,-0.090967479334359,3.0
132.17968310887025,0.0,0.01,0.009742218237908306,0.001179683108870242,0.0,0.0,29.48443647581661,1.551556352418339,0.0,15.511686694752767,93.05461285079411,61.257781762091696,154.3123946128858,2.359366217740484,0.5699688092250241,101.87492974192386,117.53904932661072,124.28126756451903,58.66411958468685,0.820316891129758,3.0
121.0,0.0,0.001,0.0037624566750761226,0.007500000000000001,0.0,0.0,66.47508664984775,2.1,0.0,4.879722720487184,104.28737002522837,55.0,159.28737002522837,6.049826700304489,0.23754332492387764,89.06103488156756,83.57474005045674,89.62456675076122,76.0,-1.0,3.0
123.0,0.0,0.0,0.0,0.0,0.0,0.0,71.1430245297918,0.29713950940416395,77.22883924766688,4.077116075233311,18.771160752333117,110.22883924766688,129.0,1.0,0.0,123.0,122.97139509404164,124.0,0.0,0.9713950940416396,3.0
125.08586171625694,0.0,0.01,0.0,0.0,0.0,0.0,84.91413828374306,0.38190230472905107,11.466322662067142,3.931310626994449,24.90488476354745,119.28534570935766,144.1902304729051,1.0,0.0,122.74241485122919,124.91413828374306,125.73316133103357,4.162469912318265,-1.0,3.0
120.0,0.0,0.0,0.004417540373478317,0.006145614906630421,0.0,0.0,64.0,1.1,0.0,6.92051925629359,84.27192546684789,69.72807453315211,154.0,2.1456149066304206,0.5699688092250241,89.06103488156756,98.14561490663043,95.58245962652168,43.41754037347832,-1.0,3.0
126.90733427737642,0.0,0.0005077221435519652,0.003492277856448035,0.007500000000000001,0.0,0.0,65.03088857420786,2.001544428710393,0.0,0.0,102.98455571289607,58.445944995136244,161.43050070803233,4.492277856448035,0.5077221435519652,89.06103488156756,86.90733427737642,89.46138928224018,76.0,-1.0,3.0
134.0,0.001741693223209531,0.000247231074403177,0.007774920330371407,0.007500000000000001,0.0,0.0,34.65308760411119,3.8999999999999995,0.0,0.0,142.08860561909833,53.955697190450834,196.04430280954918,5.247231074403177,0.5699688092250241,89.06103488156756,108.23615537201589,107.98892429761271,76.0,-0.24723107440317704,3.0
140.12925009872748,0.0,0.01,0.0,0.0,0.0,0.0,77.0,0.21292500987274887,80.70749901272511,3.635374950636256,8.12925009872749,136.25850019745496,144.38775029618247,1.0,0.0,141.38775029618247,140.38775029618247,142.38775029618247,0.0,0.1292500987274886,3.0
144.0,0.0,0.0014453052550026655,0.0014453052550026655,0.0,0.0,0.0,83.44530525500267,0.3,31.0,5.7554694744997335,38.0,132.0,170.0,2.0,0.0,144.0,143.55469474499733,145.0,0.0,-1.0,3.0
131.45554793821094,0.0015148173539296901,0.0,0.01054445206178907,0.007500000000000001,0.0,0.0,61.0,2.291109587642186,0.0,0.0,129.42591323035154,50.97036529214062,180.39627852249217,5.970365292140619,0.0,122.94073058428124,97.02963470785939,108.69262560108598,76.0,0.0,3.0
125.48536641420164,0.0,0.0003592333693997657,0.0069222998918007025,0.007500000000000001,0.0,0.0,64.0777001081993,3.4456099242604923,0.0,0.0,94.3108004327972,62.04843293660258,156.35923336939976,5.0,0.3592333693997657,89.06103488156756,80.78463193847622,107.94146565680656,76.0,-0.3592333693997657,3.0
131.3718034057397,0.0,0.002849344039955508,0.0016281965942602904,0.0,0.0,0.0,69.74360681147942,0.3407049148565073,79.5224593657842,3.662819659426029,7.592950851434927,129.3718034057397,136.96475425717463,1.0,0.0,132.7788525543048,132.3718034057397,133.7788525543048,0.0,0.0,3.0
124.6540954903401,0.0,0.0,0.0004905716177550683,0.0,0.0,0.0,86.0,0.3,73.14466710809516,3.820123740156475,12.65409549034009,117.3459045096599,130.0,0.8364761274149772,0.0,124.6540954903401,124.32704774517005,125.6540954903401,0.0,0.16352387258502277,3.0
128.0,0.0,0.002,0.007,0.005608918463348239,0.0,0.0,65.39108153665175,2.578216307330352,0.0,0.0,129.0,63.0,192.0,5.217836926696479,0.0,104.39108153665175,92.0445923167412,113.82675539004472,25.262429243437676,0.0,3.0
128.0305876776647,0.0,0.0019694123223352876,0.007,0.005061175355329425,0.0,0.0,65.96941232233529,2.7122350710658854,0.0,0.0,130.55997156090035,62.60236019035874,193.16233175125907,4.183526065988275,0.030587677664712487,105.0,88.81647393401173,112.0,20.785886256347013,-0.030587677664712487,3.0
129.0,0.0,0.001,0.0052581334327011274,0.007225599701896617,0.0,0.0,65.25813343270113,2.8741866567298873,0.0,0.0,99.19306597109211,50.0,149.1930659710921,6.0,0.5699688092250241,105.0,84.25813343270113,110.74186656729887,11.741866567298873,0.0,3.0
130.0,0.002,0.0,0.012686526670917415,0.007500000000000001,0.0,0.0,60.31347332908258,2.034326333545871,0.0,0.0,127.0,50.0,177.0,6.029790006376123,0.5699688092250241,121.0,99.02979000637612,115.0,76.0,0.0,3.0
123.65038012844938,0.0,0.0029267105780222537,0.0,0.0,0.0,0.0,71.37404967887653,0.3,82.18278722458729,3.095114038534817,8.674809935775306,120.0,128.6748099357753,1.3496198715506103,0.0,123.65038012844938,124.3251900642247,125.3251900642247,0.0,0.0,3.0
131.132634371567,0.0,0.0007734731256866007,0.0,0.0007734731256866007,0.0,0.0,75.5082043825526,0.2453053748626799,80.602096885299,2.5889698732148383,38.87328996704317,96.39197877609082,135.265268743134,5.093892502746403,0.0,132.3591612458804,131.3591612458804,133.3591612458804,0.7734731256866006,1.0,3.0
138.0,0.0,0.002,0.00913087366071835,0.007500000000000001,0.0,0.0,59.7382526785633,2.586912633928165,0.0,0.1570483928620198,106.0,55.0,161.0,8.0,0.5699688092250241,117.0,99.5234946428734,117.2617473214367,76.0,0.0,3.0
150.0,0.0,0.01,0.0,0.0,0.0,0.0,79.0,0.2,82.18278722458729,2.8,5.0,147.0,152.0,1.0,0.0,150.0,149.0,151.0,0.0,0.0,3.0
131.81515816553457,0.001,0.0,0.01245378954138364,0.007500000000000001,0.0,0.0,47.0249451343399,3.8999999999999995,0.0,0.0,137.4371594518237,50.0,187.4371594518237,6.546210458616361,0.5699688092250241,89.06103488156756,100.44547449660367,109.27726275169816,76.0,0.0,3.0
131.88840370677173,0.001527899073307072,0.00047210092669292794,0.01281974768326768,0.007500000000000001,0.0,0.0,59.236050463346466,2.218025231673232,0.0,0.0,122.04294026972426,51.18025231673232,173.22319258645658,8.0,0.5699688092250241,120.05579814661414,100.52789907330707,115.47210092669293,76.0,0.0,3.0
130.22049024199003,0.0019265032526699873,0.0,0.013632516263349936,0.007500000000000001,0.0,0.0,59.07349674733001,2.151447723131009,0.0,0.0,127.0,50.51447723131009,177.51447723131008,8.0,0.5699688092250241,121.29398698932005,100.77950975800997,114.19153577936986,76.0,0.0,3.0
150.16975790508755,0.0,0.01,0.0,0.0,0.0,0.0,72.6975790508754,0.4,19.697579050875408,7.679314723386197,19.885884386488193,137.47217885421213,157.35806324070032,0.3395158101750815,0.0,151.16975790508755,151.16975790508755,152.16975790508755,0.16975790508754074,0.8302420949124593,3.0
129.0,0.0,0.001,0.006,0.005519773948556018,0.0,0.0,66.0,2.8519773948556018,0.0,0.0,94.0,50.0,144.0,7.039547897112035,0.0,105.0,85.0,109.48022605144398,11.0,0.0,3.0
133.0,0.001,0.0,0.008674006352862572,0.004,0.0,0.0,61.66299682356871,2.3685015882156435,0.0,0.0,132.6629968235687,52.0,184.6629968235687,5.0,0.0,125.0,98.65198729427486,108.67400635286258,76.0,0.0,3.0
130.77548375647393,0.0,0.0008288833658826095,0.00582888336588261,0.0023689330729391236,0.0,0.0,60.684466536469564,2.8604367122356535,0.0,7.87439197588479,106.02669980470435,60.513349902352175,166.5400497070565,7.5133499023521715,0.17111663411739053,91.80218356117827,97.14441682941305,105.97330019529565,54.43325048823914,-0.17111663411739053,3.0
123.56911247633819,0.0,0.0,0.0,0.0,0.0,0.0,82.26023723972014,0.2,77.03242533126529,3.3569112476338194,10.430887523661806,118.0,128.4308875236618,0.43088752366180594,0.0,123.56911247633819,122.56911247633819,124.56911247633819,0.0,0.0,3.0
129.9948570903505,0.0,0.005259000091886591,0.00474614281776289,0.0,0.0,0.0,64.75128572741237,0.4,74.98971418070104,3.850257145482474,8.24357136293815,126.75128572741237,134.9948570903505,1.0,0.0,131.49742854517527,130.49742854517527,132.49742854517527,0.0,0.0,3.0
133.0,0.0,0.0,0.01,0.0026171449866040303,0.0,0.0,60.0,3.0,0.0,0.0,104.38285501339597,58.76571002679194,163.14856504018792,5.0,0.0,125.0,95.76571002679194,103.76571002679194,76.0,0.0,3.0
110.0,0.0022932227831145542,0.002706777216885446,0.003172891132458217,0.007500000000000001,0.0,0.0,68.0,3.170677721688545,0.0,0.0,126.63900504803098,62.12033165065634,188.75933669868732,6.586445566229108,0.5699688092250241,91.0,80.78463193847622,94.29322278311456,39.87966834934366,-1.0,3.0
150.0,0.0,0.01,0.0,0.0,0.0,0.0,73.17154480271235,0.383295809209905,20.3385867106133,7.616028756568386,17.50112572370285,138.49887427629716,156.0,0.0,0.0,150.83295809209906,150.83295809209906,151.83295809209906,0.16704190790094986,1.0,3.0
129.0,0.0,0.001,0.006,0.006502857648864953,0.0,0.0,65.83238078371168,2.883238078371168,0.0,0.0,95.17333451401822,50.0,145.17333451401822,7.832380783711683,0.3352384325766353,105.0,85.50285764886495,109.50285764886495,11.335238432576634,0.0,3.0
133.0,0.001,0.0,0.009963328573066458,0.0039633285730664575,0.0,0.0,61.0,2.696332857306646,0.0,0.0,132.0,52.0,184.0,5.073342853867086,0.0,125.0,96.0,109.70662858453166,76.0,0.0,3.0
141.62761813559075,0.0,0.008100422165722045,0.0,0.0,0.0,0.0,74.5188342561159,0.3527195969868719,75.41841209039384,7.636402015065641,84.4811657438841,71.0,155.4811657438841,2.2635979849343597,0.0,144.47280403013127,143.47280403013127,145.47280403013127,1.0,1.0,3.0
132.65521811048723,0.0,0.0,0.0,0.0,0.0,0.0,80.32760905524361,0.2,82.18278722458729,1.434478188951278,4.008586417134585,130.98282716573084,134.99141358286542,1.0,0.0,133.31902263810903,132.65521811048723,134.31902263810903,0.0,1.0,3.0
138.0,0.0,0.0010507382485003723,0.009,0.007500000000000001,0.0,0.0,57.0,2.5525369124250186,0.0,0.7,106.0,55.0,161.0,6.0,0.5699688092250241,135.0,107.94926175149963,122.47463087574981,76.0,1.0,3.0
123.1558295510308,0.0,0.0,0.0,0.0,0.0,0.0,77.71412506133883,0.2,82.18278722458729,3.31558295510308,10.844170448969198,118.0,128.8441704489692,0.8441704489691971,0.0,123.1558295510308,122.1558295510308,124.1558295510308,0.0,0.0,3.0
121.0,0.0,0.0008056701529500532,0.004805670152950053,0.007500000000000001,0.0,0.0,66.77731938819979,2.0611340305900105,0.0,0.0,102.0,55.0,157.0,5.194329847049946,0.5699688092250241,89.06103488156756,81.63969107065037,87.86237168245059,76.0,-1.0,3.0
134.0,0.002414645635603248,0.0011707087287935044,0.0,0.0011707087287935044,0.0,0.0,63.41464563560325,1.5829291271206496,0.0,0.0,105.80503889844547,68.92677182198376,174.73181072042922,4.829291271206496,0.5699688092250241,89.06103488156756,103.34141745758701,103.75606309319025,76.0,-1.0,3.0
133.0,0.0,0.0,0.011736542561026518,0.0012634574389734827,0.0,0.0,60.0,3.0395186158460223,0.0,0.0,94.89234048821214,58.0,152.89234048821214,3.7365425610265173,0.0,125.0,96.0,105.79037231692045,76.0,0.13172871948674136,3.0
129.0,0.0,0.00020584121003676826,0.006,0.007500000000000001,0.0,0.0,65.0,2.6411682420073537,0.0,0.0,101.0,50.0,151.0,8.588317579926464,0.5699688092250241,105.0,89.97079394981616,112.79415878996323,13.0,0.0,3.0
148.0,0.0,0.01,0.00022383923879545575,0.0,0.0,0.0,70.22383923879545,0.3,71.33575885819319,3.889535695518182,14.223839238795456,138.66424114180683,152.88808038060228,0.8880803806022721,0.0,150.0,148.0,150.0,0.0,1.0,3.0
136.65125194241506,0.0,0.0017302503884830105,0.007921001553932041,0.007500000000000001,0.0,0.0,60.26974961151699,2.519075116544903,0.0,1.348748057584948,105.73025038848301,56.34874805758495,162.07899844606797,6.921001553932042,0.5699688092250241,119.96724572668688,100.07899844606796,116.73025038848301,76.0,0.0,3.0
150.0570868560893,0.0,0.01,0.0,0.0,0.0,0.0,71.57086856089315,0.4,18.627955416982463,7.814369715866028,17.742129129161093,138.48621829519615,156.22834742435725,0.1141737121786297,0.0,151.0570868560893,151.0,152.0570868560893,0.05708685608931485,1.0,3.0
120.0,0.0,0.0,0.0045311695280010325,0.007500000000000001,0.0,0.0,62.93766094399793,1.4062339056002064,0.0,8.612467811200414,85.0,69.0,154.0,4.062339056002064,0.5699688092250241,89.06103488156756,99.65584764000516,97.24935622400825,56.49871244801651,-1.0,3.0
120.0,0.0,0.0,0.005,0.007500000000000001,0.0,0.0,64.0,1.7,0.0,0.0,111.0,63.0,174.0,10.0,0.5699688092250241,89.06103488156756,92.06339430770504,101.93660569229496,42.93660569229496,-1.0,3.0
134.0,0.00203934354066851,0.0019213129186629806,0.0,0.0019213129186629806,0.0,0.0,63.03934354066851,1.5078687081337019,0.0,0.0,100.55080956935913,70.80328229665746,171.35409186601657,4.078687081337019,0.5699688092250241,89.06103488156756,104.84262583732595,104.88196937799447,72.62949665069615,-1.0,3.0
150.12210991401003,0.0,0.0011221099140100268,0.0,0.0,0.0,0.0,83.63367025796992,0.31221099140100267,31.633670257969918,6.2244219828020055,21.221099140100268,135.26734051593985,156.4884396560401,0.2442198280200536,0.0,150.24421982802005,150.12210991401003,151.24421982802005,1.0,1.0,3.0
123.0,0.0,0.0,0.0,0.0,0.0,0.0,74.90439805656688,0.25478009717165645,82.18278722458729,3.0260995141417175,9.90439805656687,119.09560194343312,129.0,1.5478009717165646,0.0,123.0,123.09560194343312,124.54780097171657,0.0,0.0,3.0
148.19837494741628,0.0,0.004669375087639525,0.0018677500350558099,0.0,0.0,0.0,70.34687543819763,0.32644999298883803,73.73550007011161,4.553712512269533,15.47100014022324,137.1902496844977,152.66124982472095,0.0,0.0,150.59512484224885,148.66124982472095,150.66124982472095,0.0,0.9338750175279049,3.0
133.0,0.0,0.001,0.006,0.0026838438950232495,0.0,0.0,60.0,2.3896936629860503,0.0,5.853621483437227,105.0,60.0,165.0,5.0,0.0,106.00696599455826,102.73537558009299,108.94846831493025,52.31615610497675,0.0,3.0
110.0,0.003,0.002,0.006507234808688393,0.007,0.0,0.0,68.0,3.0492765191311606,0.0,0.0,133.0,60.0,193.0,6.985530382623216,0.0,91.0,83.5072348086884,94.4927651913116,43.52170442606518,-1.0,3.0
120.0,0.0,0.0,0.001958427140949608,0.007500000000000001,0.0,0.0,64.0,1.2916854281899217,0.0,0.0,77.12471857715117,69.20786429525197,146.33258287240312,7.7921357047480395,0.0,89.06103488156756,98.04157285905039,99.95842714094961,38.08314571810078,-0.0415728590503921,3.0
133.0,0.001,0.0,0.00814834320096209,0.004,0.0,0.0,62.14834320096209,2.185165679903791,0.0,0.0,133.0,52.0,185.0,4.851656799037912,0.0,125.0,99.10994079422747,106.36822478941703,76.0,-0.14834320096208886,3.0
128.0,0.0,0.001013369877041153,0.007986630122958848,0.005,0.0,0.0,66.0,2.897326024591769,0.0,0.0,129.0,63.0,192.0,5.973260245917694,0.5699688092250241,103.0267397540823,84.06684938520577,110.0267397540823,20.013369877041153,-0.9866301229588469,3.0
148.0,0.0,0.0029651186964360456,0.005,0.0,0.0,0.0,77.17440651781978,0.49651186964360455,4.034881303563955,10.137213653584881,31.511661750104636,140.0697626071279,171.58142435723255,0.9651186964360455,0.0,150.0,150.03488130356396,151.0,0.9651186964360455,-0.9651186964360455,3.0
123.02469990467205,0.0,9.38596377537827e-05,0.006980240076262361,0.0020049399809344095,0.0,0.0,26.01481994280323,3.8999999999999995,0.0,17.555315838805065,145.9950600190656,50.01975992373764,196.01481994280323,8.029639885606457,0.5699688092250241,126.01481994280323,105.00987996186882,113.0543397902785,76.0,0.0,3.0
133.95181178542325,0.0,0.0,0.0,0.0,0.0,0.0,80.71087071253943,0.2,82.18278722458729,1.3771011433228177,3.192752858307044,132.9036235708465,136.0963764291535,1.0,0.0,134.9036235708465,134.0,135.95181178542325,0.0,0.951811785423239,3.0
130.0,0.002,0.0,0.012721760124369,0.007500000000000001,0.0,0.0,60.278239875631,2.03608800621845,0.0,0.0,127.0,50.0,177.0,6.082640186553499,0.5699688092250241,121.0,99.0826401865535,115.0,76.0,0.0,3.0
121.58498046575974,0.0,0.0,0.004264163410959956,0.007500000000000001,0.0,0.0,55.433793952040595,1.5603754883560068,0.0,11.430204263699945,84.05665364383982,67.8112646506802,151.86791829452002,3.6037548835600663,0.5699688092250241,92.05665364383982,107.32081705479978,108.50955240411957,58.113307287679646,0.13208170547997788,3.0
148.0,0.0,0.01,0.0009094797112677183,0.0,0.0,0.0,73.09052028873228,0.2454739855633859,76.18104057746456,4.0547398556338585,14.909479711267718,137.63578043309843,152.54526014436615,0.0,0.0,148.90947971126772,148.0,149.45473985563385,0.0,0.4547398556338591,3.0
130.7192714855735,0.0,0.003875231771365998,0.003937615885682999,0.0009688079428414995,0.0,0.0,73.34311262874351,1.4203675456994245,3.5467880857377505,7.157427180104028,62.187152342951,73.14129134267725,135.32844368562826,1.4532119142622493,0.0,126.35963574278675,122.48440397142075,126.39082779994524,6.875231771365998,1.0,3.0
123.0,0.0,0.0,0.0,0.0,0.0,0.0,72.93307948154153,0.25111534197430796,77.33269870385381,3.862268761717388,15.089227357944639,113.91077264205536,129.0,1.5111534197430798,0.0,123.0,123.02230683948616,124.51115341974308,0.5111534197430798,0.5111534197430798,3.0
146.33195019717726,0.0,0.002,0.0013337285150922086,0.0,0.0,0.0,83.00059277263831,0.33331357424538954,30.333728515092208,5.9331950197177274,35.33491406036883,131.33372851509222,166.66864257546104,2.0,0.0,146.66508593963115,145.66508593963115,147.66508593963115,0.33313574245389566,-0.3337285150922087,3.0
148.0,0.0,0.0020947688213446935,0.0,0.0,0.0,0.0,68.83790752853788,0.2860348745243687,75.41895376426893,4.374313870719319,23.463836197680557,129.53616380231944,153.0,2.581046235731061,0.0,149.72069749048737,148.8603487452437,150.72069749048737,0.0,0.8603487452436871,3.0
124.11989435949071,0.0,0.0,8.992076961803386e-05,0.0,0.0,0.0,86.0,0.3,72.20981512910875,3.967029051140054,12.119894359490711,117.88010564050929,130.0,0.970026410127322,0.0,124.11989435949071,124.05994717974535,125.11989435949071,0.0,0.029973589872677953,3.0
147.3841401168176,0.0,0.00830484070090571,0.0,0.0,0.0,0.0,77.77136947432072,0.2,82.18278722458729,2.9,7.923789824773573,143.46035029204404,151.3841401168176,1.0,0.0,147.3841401168176,147.07621017522644,148.3841401168176,0.0,0.0,3.0
136.52340381368325,0.0,0.0014093615254732934,0.00988595771179006,0.007500000000000001,0.0,0.0,60.0,2.7181276949053412,0.0,0.0,103.34212686462982,55.88595771179006,159.2280845764199,6.818723050946587,0.5699688092250241,119.36255389810682,98.11404228820994,113.45616915283976,76.0,0.0,3.0
110.0,0.0037981465478770515,0.00040370690424589673,0.008394439643631154,0.006798146547877052,0.0,0.0,68.0,3.020185345212295,0.0,0.0,133.0,60.0,193.0,7.201853452122949,0.0,91.0,85.99073273938527,95.0,41.20185345212295,-1.0,3.0
148.71402703327442,0.0,0.002,0.0006531351333501653,0.0,0.0,0.0,81.97970270002524,0.36734324333249174,29.653135133350165,6.171402703327442,32.61254053340066,130.65313513335016,163.26567566675084,2.0,0.0,149.38745946659935,148.38745946659935,150.38745946659935,0.6734324333249173,0.3468648666498346,3.0
150.03008795389272,0.0,0.002,0.0,0.0,0.0,0.0,83.90973613832182,0.30300879538927294,36.759296368858166,5.236105544671275,16.421231354498214,139.6991204610727,156.12035181557093,0.060175907785459115,0.0,150.06017590778546,150.03008795389272,151.06017590778546,0.030087953892729558,0.030087953892729558,3.0
110.0,0.002906099284210582,0.0020939007157894183,0.005624397136842326,0.006281702147368255,0.0,0.0,68.0,3.1093900715789418,0.0,0.0,132.15489355789524,60.28170214736826,192.4365957052635,7.812198568421163,0.09390071578941839,91.0,81.62439713684233,94.90609928421058,41.71829785263174,-1.0,3.0
123.92877458129848,0.0,0.0,0.003982193645324621,0.007500000000000001,0.0,0.0,50.160257192078404,1.501780635467538,0.0,11.04411195074452,86.96438729064924,66.05341906402613,153.01780635467537,3.017806354675379,0.5699688092250241,93.61918305419898,109.94658093597387,112.89316187194773,65.27397881774874,0.3273978817748737,3.0
133.88750043860915,0.0,0.005768752850959425,0.004337498684172573,0.0,0.0,0.0,66.21875109652285,0.3556249780695429,79.66874934208629,3.7887500438609143,10.668749342086286,128.66250131582743,139.3312506579137,1.0,0.0,134.3312506579137,133.77500087721828,135.3312506579137,0.0,0.0,3.0
120.0,0.0,0.0,0.005,0.007500000000000001,0.0,0.0,62.0,1.5,0.0,8.865928872811248,85.0,69.0,154.0,4.8681422543775055,0.5699688092250241,89.06103488156756,101.8681422543775,100.60442676313252,64.0,-1.0,3.0
121.0,0.0,0.001,0.003822850210552614,0.007500000000000001,0.0,0.0,66.17714978944738,2.1,0.0,5.266241347536731,104.46855063165785,55.0,159.46855063165785,6.468550631657842,0.1771497894473859,89.06103488156756,84.29140084221045,91.11425105276307,76.0,-1.0,3.0
124.38525190445233,0.0,0.00623363357003548,0.0,0.0,0.0,0.0,68.9221221433215,0.3,75.61474809554767,3.6844244286643013,11.38111452551219,116.92625952226165,128.30737404777383,0.3073740477738355,0.0,124.38525190445233,124.38525190445233,125.38525190445233,0.0,0.3073740477738355,3.0
150.51434586894433,0.0,0.00216188471035189,0.000809423551759449,0.0,0.0,0.0,80.35246115859245,0.41618847103518897,24.114766951554646,7.1827849572668026,33.676230579296224,131.6188471035189,165.2950776828151,1.83811528964811,0.0,151.67623057929623,151.67623057929623,152.67623057929623,1.0,-0.16188471035188978,3.0
133.94461421947403,0.0018892284389480465,0.0019446142194740233,0.0003323146831558602,0.0019446142194740233,0.0,0.0,62.83384265842207,1.5886172488415629,0.0,0.5261649149967784,100.27692890262989,70.39075641421425,170.66768531684414,4.1661573415779305,0.5699688092250241,89.22154312210391,104.61229953631816,105.11077156105195,71.16921329211036,-0.9446142194740232,3.0
133.31675197171035,0.0,0.0,0.0,0.0,0.0,0.0,76.16751971710354,0.2683248028289646,73.56547239605504,3.5683248028289647,8.950255915131063,130.68324802828965,139.63350394342072,1.0,0.0,134.31675197171035,134.0,135.31675197171035,0.0,0.0,3.0
126.47457287607584,0.0,0.001491524292025282,0.003,0.003977398112067419,0.0,0.0,76.55367948383989,0.9960446696117982,3.0169514159494364,5.32994750151067,68.0,69.95479622413484,137.95479622413484,3.9830485840505636,0.0,121.50282523599158,119.01695141594944,121.50847570797472,7.960446696117982,0.5028252359915727,3.0
133.0,0.0,0.0,0.01,0.003,0.0,0.0,61.0,2.8,0.0,0.0,100.6750693185915,57.0,157.6750693185915,4.764305519597572,0.0,125.0,95.38215275979879,103.0,76.0,0.0,3.0
134.0,0.0031310950155212817,0.0,0.0,0.00013109501552128176,0.0,0.0,64.0,1.7262190031042564,0.0,0.0,114.7865700931277,66.0,180.7865700931277,6.393285046563845,0.5699688092250241,89.06103488156756,101.39328504656385,102.52438006208513,76.0,-1.0,3.0
133.0,0.0,0.0,0.01,0.0024293902533611706,0.0,0.0,60.0,3.0,0.0,0.0,104.57060974663882,59.14121949327766,163.71182923991648,5.0,0.0,125.0,96.14121949327766,104.14121949327766,76.0,0.0,3.0
129.0,0.0,0.001,0.006,0.0059696129403031635,0.0,0.0,66.0,3.1878451761212654,0.0,0.0,95.93922588060633,50.0,145.93922588060633,7.939225880606326,0.0,105.0,82.0911611790905,108.06077411939367,10.030387059696837,0.0,3.0
141.48335913145115,0.0,0.004104820871888355,0.0,0.0,0.0,0.0,76.51664086854885,0.3,71.93094869550698,3.2414307826958133,9.34525652246511,138.06905130449303,147.41430782695812,1.0,0.0,144.41430782695812,143.34525652246512,145.34525652246512,0.0,1.0,3.0
129.0,0.0,0.0006895267510315611,0.006,0.007500000000000001,0.0,0.0,65.0,2.737905350206312,0.0,0.0,101.0,50.0,151.0,7.6209464979368775,0.5699688092250241,105.0,87.55236624484219,112.31047324896844,13.0,0.0,3.0
133.64697322844552,0.0,0.0042053259848957945,0.005059080314663479,0.0,0.0,0.0,65.61743307111377,0.3676513385777247,80.02954015733174,3.7646973228445506,11.02954015733174,127.94091968533652,138.97045984266825,1.0,0.0,133.97045984266825,133.293946456891,134.97045984266825,0.0,0.0,3.0
150.0,0.0,0.009176203657545214,0.0,0.0,0.0,0.0,79.62757332362511,0.4,33.68649695204566,5.782322911473837,13.078375761988585,146.05892362842056,159.13729939040914,0.0,0.0,151.78432484760228,153.35297454280686,154.35297454280686,0.7843248476022828,0.21567515239771717,3.0
133.0,0.0,0.0,0.01,0.003,0.0,0.0,61.0,2.8,0.0,0.0,100.3878017083714,57.0,157.3878017083714,4.682229059534686,0.0,125.0,95.34111452976734,103.0,76.0,0.0,3.0
133.15091524523328,0.001212271188691683,0.000787728811308317,0.012030677971729208,0.007500000000000001,0.0,0.0,59.393864405654156,2.2969322028270795,0.0,0.0,118.72884748126268,51.969322028270795,170.69816950953347,8.0,0.5699688092250241,119.42454237738336,100.21227118869169,115.78772881130831,76.0,0.0,3.0
124.18520427550209,0.0,0.0,0.005790136183668063,0.007500000000000001,0.0,0.0,49.58329038012029,1.4953698931124477,0.0,11.334574901017435,86.74383511479255,65.86109679337343,152.60493190816598,3.302465954082984,0.5699688092250241,93.79013618366807,110.48767022958508,113.27780641325315,61.651232977041495,0.3487670229585079,3.0
122.27911636369589,0.0,0.0018934069696920092,0.002426372121231963,0.007500000000000001,0.0,0.0,60.89340696969201,2.021318606061598,0.0,4.9106593030307994,98.74615121215594,61.78681393938402,160.53296515153994,7.680220909076028,0.0,112.50769757568813,100.42637212123196,106.21318606061598,58.25384878784406,0.0,3.0
133.0,0.001,0.0,0.008342154695396963,0.004,0.0,0.0,61.31569060920607,2.4052928172381787,0.0,0.0,130.9470718276182,53.71077347698482,184.65784530460303,6.026464086190892,0.0,125.0,99.31569060920607,106.63138121841214,76.0,0.0,3.0
132.99882745154133,0.0,0.0011887803018453824,0.005997654903082667,0.002,0.0,0.0,60.000586274229335,2.7994723531936,0.0,7.702696861454934,105.01348430727467,59.99765490308267,165.01113921035733,5.003517645376,0.0,119.00879411344,100.01172548458666,111.01172548458666,53.00234509691733,0.0,3.0
134.0,0.003,0.0,0.0,0.0,0.0,0.0,64.95178796113944,1.7951787961139445,0.0,0.0,114.0,66.0,180.0,7.903575922278888,0.5699688092250241,89.06103488156756,100.04821203886056,101.04821203886056,76.0,-1.0,3.0
122.0,0.0,0.0,4.5651631557365284e-05,0.0,0.0,0.0,83.02282581577869,0.5,5.977174184221317,15.554348368442634,68.0,62.0,130.0,0.0,0.0,122.0,122.0,123.0,3.0,1.0,3.0
133.0,0.001,0.0,0.009186184078554259,0.004,0.0,0.0,61.40690796072287,2.496546019638565,0.0,0.0,132.40690796072286,52.0,184.40690796072286,5.0,0.0,125.0,97.62763184289149,109.18618407855426,76.0,0.0,3.0
130.0,0.0,0.01,0.0,0.0,0.0,0.0,80.0,0.3,0.0,6.443575532495718,46.415069006745185,97.42171204629015,143.83678105303534,2.7415069006745183,0.0,108.0,122.61226035101178,121.74150690067452,36.932055205396146,0.7415069006745183,3.0
133.0,0.0,0.0,0.011564770968116547,0.001435229031883453,0.0,0.0,60.0,3.0,0.0,0.0,98.52330161159209,58.0,156.52330161159207,4.217614515941727,0.0,125.0,95.78238548405827,104.56477096811655,76.0,0.0,3.0
126.96911382690668,0.0,0.0005670162609866678,0.00043298373901333226,0.0005670162609866678,0.0,0.0,75.83508130493334,0.24329837390133321,78.80419513184002,3.3855479648426634,28.0,106.29895121704,134.29895121703998,4.701048782960004,0.0,127.53613008789334,127.40209756592,128.96911382690666,1.0,0.5670162609866678,3.0
134.0,0.004738449209251327,0.0017384492092513265,0.0017384492092513265,0.0032615507907486734,0.0,0.0,61.47689841850265,1.5261550790748675,0.0,0.0,113.0,71.0,184.0,4.78465237224602,0.0,89.06103488156756,114.30775395374337,110.78465237224601,76.0,-1.0,3.0
134.75703112260268,0.0,0.0,0.0,0.0,0.0,0.0,68.60742219349326,0.3,72.72890663219191,3.863554668390404,9.757031122602696,132.75703112260268,142.5140622452054,1.0,0.0,136.63554668390404,135.75703112260268,137.63554668390404,0.0,0.0,3.0
110.0,0.003404140321651033,0.002,0.005595859678348967,0.006808280643302066,0.0,0.0,67.59585967834897,3.1808280643302065,0.0,0.0,131.7875790350469,61.2124209649531,193.0,6.787579035046901,0.0,89.7875790350469,83.2124209649531,95.80828064330207,48.87038546806756,-1.0,3.0
128.32703316156324,0.0,0.001,0.007345933676873523,0.005,0.0,0.0,66.32703316156324,3.030813264625295,0.0,0.0,129.0,63.0,192.0,6.3270331615632385,0.5699688092250241,103.65406632312647,82.69186735374704,109.01890051531028,18.037801030620567,-1.0,3.0
132.00278015669076,0.0013324066144364153,0.0,0.009997219843309245,0.006324066144364153,0.0,0.0,61.0,2.4005560313381507,0.0,0.0,130.33796692781792,51.33518677112717,181.6731536989451,6.335186771127169,0.0,123.67037354225434,96.66481322887283,106.3212859876734,76.0,0.0,3.0
133.23138376776504,0.0011921540580587414,0.0003843081161174829,0.012039229709706292,0.007500000000000001,0.0,0.0,35.72539203205595,3.8999999999999995,0.0,0.0,152.11369463864617,50.0,202.11369463864617,6.192154058058741,0.5699688092250241,89.06103488156756,102.3883026065902,107.53723246446994,76.0,-0.19215405805874142,3.0
133.04914053910647,0.001,0.00023771486522338424,0.012762285134776615,0.007500000000000001,0.0,0.0,36.844590552371685,3.8999999999999995,0.0,0.0,152.61486351745722,50.0,202.61486351745722,6.713144595670153,0.5699688092250241,89.06103488156756,102.72113242597908,107.66400405656368,76.0,0.0,3.0
133.20218635114136,0.0,0.0,0.0,0.0,0.0,0.0,74.61749080913093,0.27978136488586347,82.18278722458729,3.055190027488996,6.989068244293172,131.40437270228273,138.3934409465759,1.0,0.0,134.20218635114136,134.0,135.20218635114136,0.0,0.20218635114136552,3.0
120.0,0.0,0.0,0.004128833370374134,0.007500000000000001,0.0,0.0,60.87116662962587,1.4693250055561202,0.0,9.174233325925174,84.12883337037414,69.0,153.12883337037414,4.871166629625866,0.5699688092250241,89.06103488156756,103.25766674074826,103.25766674074826,66.72391701855427,0.0,3.0
130.0,0.0016356684323500432,0.002,0.007817834216175022,0.007500000000000001,0.0,0.0,64.36433156764996,2.4817834216175023,0.0,0.0,161.0,50.0,206.0,7.0,0.0,89.06103488156756,81.54267372940018,112.90700529705013,76.0,-1.0,3.0
128.48083622148243,0.0,0.01,0.004,0.004,0.0,0.0,35.87979094462939,2.612020905537061,0.0,0.0,123.00522638426521,54.0,177.0052263842652,8.120209055370609,0.5699688092250241,89.06103488156756,90.87979094462939,86.5,76.0,-1.0,3.0
121.0,0.0,0.001,0.0034555109020391506,0.007500000000000001,0.0,0.0,67.0889781959217,2.1,0.0,2.915269773050563,103.36653270611745,55.0,158.36653270611745,4.822043608156601,0.5444890979608495,89.06103488156756,81.73306541223491,86.5551090203915,76.0,-1.0,3.0
123.04031062348685,0.0,0.0,0.0,0.0,0.0,0.0,73.03455196298873,0.29942413395018785,82.18278722458729,2.893089607402254,8.982724018505635,120.04031062348685,129.0230346419925,1.9942413395018783,0.0,123.04031062348685,124.03455196298873,125.03455196298873,0.0,0.0057586604981215705,3.0
129.0,0.0,0.001,0.006,0.006298343319601081,0.0,0.0,65.67541417009973,2.8,0.0,0.0,96.27210080930189,50.0,146.2721008093019,6.32458582990027,0.5699688092250241,105.0,85.97375748970082,110.64917165980054,11.64917165980054,0.0,3.0
120.0,0.0,0.0,0.002,0.007500000000000001,0.0,0.0,63.3664615348714,1.3,0.0,0.0,80.80123079077161,69.0,149.80123079077163,6.732923069742796,0.0,99.30430776770065,99.2670769302572,100.63353846512861,30.397538418456776,0.0,3.0
128.7923453832185,0.0,0.01,0.003,0.0023961726916092553,0.0,0.0,29.603827308390745,2.139617269160926,0.0,8.283061846712595,131.16938153287404,54.0,185.16938153287404,12.396172691609255,0.0,129.0,104.79234538321852,120.79234538321852,76.0,0.0,3.0
136.52266396655068,0.0,0.01,0.0013909344133797245,0.0,0.0,0.0,72.13172955317097,0.2695467206689862,82.18278722458729,3.5609065586620274,8.695467206689862,133.21813117324055,141.91359837993042,1.0,0.0,137.52266396655068,137.21813117324055,138.52266396655068,0.0,0.0,3.0
129.0,0.0,0.001,0.006611441898729654,0.005611441898729654,0.0,0.0,66.61144189872965,3.0445767594918616,0.0,0.0,85.43981341778485,59.78307037967447,145.2228837974593,6.611441898729654,0.0,105.0,81.94279050635173,108.16567430381103,9.777116202540691,0.0,3.0
125.75653188688734,0.0,0.0,0.001653919132132408,0.0,0.0,0.0,81.51306377377469,0.2551306377377469,81.69216173573518,3.079477449049012,13.756531886887347,115.79477449049013,129.55130637737747,0.44869362262253065,0.0,125.75653188688734,124.20522550950987,126.75653188688734,0.0,0.5513063773774693,3.0
120.0,0.0,0.0,0.004237544130874327,0.006762455869125673,0.0,0.0,64.0,1.2524911738251345,0.0,8.328736760737701,85.0,69.0,154.0,2.7624558691256724,0.5699688092250241,89.06103488156756,97.23754413087433,93.47508826174865,47.04982347650269,-1.0,3.0
123.0,0.0,0.0,0.0,0.0,0.0,0.0,72.23951074977604,0.262674820837066,75.5987768744401,3.989423029207726,16.01398566696528,112.98601433303472,129.0,1.62674820837066,0.0,123.0,123.25349641674131,124.62674820837066,0.6267482083706599,0.6267482083706599,3.0
151.09092149094738,0.0,0.0,0.0023181911182105458,0.0,0.0,0.0,62.59088739084206,0.3772730372736849,71.9090785090526,5.504549484557903,28.863651863684243,132.6363822364211,161.50003410010532,3.7727303727368486,0.0,157.72730372736848,155.95457335463163,157.95457335463163,0.7727303727368485,1.0,3.0
122.0,0.0,0.0,0.00021958777130533092,0.0,0.0,0.0,83.21958777130533,0.48536081524631125,6.0,15.234020381157782,68.0,62.0,130.0,0.07319592376844364,0.0,122.0,122.0,123.0,2.8536081524631127,1.0,3.0
128.24138312057653,0.0,0.0013965514066186222,0.004413794373525511,0.0071551682860420875,0.0,0.0,60.39655140661862,2.4224140153669644,0.0,6.891380358158547,102.22414015366965,60.79310281323725,163.01724296690688,6.189654219855866,0.0,117.01724296690689,100.0,109.62069156028826,55.379308439711735,0.0,3.0
132.331787201445,0.0,0.01,0.008677489589885113,0.0013317872014449838,0.0,0.0,27.354979179770226,1.7645020820229773,0.0,16.62204657054838,95.64038242456472,62.32251041011489,157.96289283467962,2.6635744028899673,0.5699688092250241,104.30859522311974,117.99536160433495,123.67285119422006,56.68676638121521,0.6682127985550163,3.0
149.23898069201923,0.0,0.01,0.0019025482699519276,0.0,0.0,0.0,73.28305792394231,0.43805096539903854,12.672864844134603,8.775172204177887,22.707644809855783,139.38050965399037,162.08815446384617,0.3805096539903855,0.0,150.61949034600963,150.61949034600963,151.61949034600963,0.3805096539903855,0.238980692019229,3.0
132.6095178685983,0.0021460238247977105,0.01,0.0019269880876011448,0.0035365059561994275,0.0,0.0,47.94915486118512,1.8780964262803437,0.0,1.7612773664421748,119.95241065700858,63.12060125539027,183.07301191239887,8.390482131401717,0.46349404380057235,89.06103488156756,109.19361316778912,107.9015655181937,76.0,-1.0,3.0
133.0,0.0,0.0,0.01,0.00262021421982077,0.0,0.0,60.0,3.186064265946231,0.0,0.0,90.11485872430151,58.75957156035846,148.87443028465998,3.1393573405376896,0.0,125.0,96.37978578017923,108.72128531892461,76.0,0.6202142198207702,3.0
131.4533345982873,0.0,0.01,0.003863333649571825,0.003863333649571825,0.0,0.0,34.86333364957183,2.6726667299143654,0.0,0.5466654017126991,145.0,54.0,199.0,9.273332700856349,0.5699688092250241,89.06103488156756,91.22999715385357,86.5,76.0,-1.0,3.0
126.77101857836539,0.0,0.001519081785136218,0.003923672859455128,0.007500000000000001,0.0,0.0,60.519081785136216,2.3847345718910256,0.0,6.24657100161859,101.36642750404647,61.03816357027244,162.40459107431892,6.557245355408654,0.0,116.40459107431892,100.0,108.40459107431892,56.11449071081731,0.0,3.0
128.52081812237026,0.0,0.001479181877629731,0.006479181877629731,0.005479181877629731,0.0,0.0,66.04163624474054,2.9166544978962152,0.0,0.0,129.0,63.0,192.0,6.520818122370269,0.0,104.52081812237027,86.70854628681623,110.83345502103785,20.708546286816233,-0.520818122370269,3.0
147.94871586838713,0.0,0.01,0.0,0.0,0.0,0.0,74.25642065806436,0.2,78.07692619741931,3.582050553935495,13.897431736774257,139.02564206580644,152.9230738025807,0.025642065806435688,0.0,147.94871586838713,147.9230738025807,148.94871586838713,0.0,0.0,3.0
133.34124782762615,0.0006824956552523127,0.0006824956552523127,0.0026350086894953747,0.0033175043447476876,0.0,0.0,63.0,1.7635008689495373,0.0,0.0,102.63500868949538,65.0712304486354,167.70623913813077,4.658752172373844,0.34124782762615635,89.06103488156756,97.09497393151388,96.43622175914004,73.31750434474769,-1.0,3.0
116.19804381214144,0.0007603912375717142,0.0011405868563575713,0.0038594131436424286,0.007500000000000001,0.0,0.0,65.52078247514343,2.2702934281787854,0.0,0.0,115.94254304421614,63.0,178.94254304421614,8.479217524856573,0.5699688092250241,89.06103488156756,87.29706571821214,98.33863066849901,40.85941314364243,-1.0,3.0
125.18469615165971,0.0,0.0,0.005797645561793801,0.0058094177528247954,0.0,0.0,62.4047088764124,2.2982341713453507,0.0,0.0,108.6070633146186,61.8035316573093,170.4105949719279,8.404708876412398,0.5699688092250241,89.06103488156756,93.39882278089691,101.39882278089691,42.0,-0.6011772191030995,3.0
128.0,0.0,0.01,0.003,0.0025801723692273322,0.0,0.0,29.41982763077267,2.1580172369227335,0.0,7.7877586830817345,137.86293027686466,54.0,191.86293027686466,13.160344738454665,0.0,129.0,105.740517107682,122.32068947690932,76.0,0.0,3.0
148.93279490654623,0.0,0.01,0.001067205093453757,0.0,0.0,0.0,75.26478217291185,0.25336025467268786,78.66397453273122,3.760484584108381,10.869628013995662,141.13037198600435,152.0,0.46639745327312154,0.0,150.0,148.46639745327312,150.46639745327312,0.0,0.5336025467268785,3.0
121.0,0.0,0.001,0.004215810185586889,0.007500000000000001,0.0,0.0,66.39209490720656,2.1,0.0,0.0,102.0,55.0,157.0,4.607905092793445,0.5699688092250241,89.06103488156756,82.21581018558689,88.82371527838033,76.0,-1.0,3.0
144.0,0.0,0.0017648832615421283,0.0017648832615421283,0.0,0.0,0.0,83.76488326154212,0.3,31.0,5.723511673845787,38.0,132.0,170.0,2.0,0.0,144.0,143.23511673845786,145.0,0.0,-1.0,3.0
129.0,0.0,0.001,0.006,0.005187014261283906,0.0,0.0,66.0,2.8187014261283907,0.0,0.0,94.0,50.0,144.0,6.374028522567813,0.0,105.0,85.0,109.8129857387161,11.0,0.0,3.0
134.0,0.004,0.001,0.001,0.0037181230762264946,0.0,0.0,60.2818769237735,1.6563753847547011,0.0,0.0,114.40938461886753,69.59061538113247,184.0,6.718123076226495,0.0,89.06103488156756,116.30873845735897,112.436246152453,76.0,-1.0,3.0
121.0,0.0,0.001,0.003,0.007500000000000001,0.0,0.0,67.04447630404506,2.1,0.0,0.0,102.0,55.0,157.0,3.955523695954935,0.5699688092250241,89.06103488156756,80.91104739190988,86.77761847977467,76.0,-1.0,3.0
134.0,0.004981767417323638,0.001963534834647277,0.001963534834647277,0.002963534834647277,0.0,0.0,62.03646516535272,1.5072930330705447,0.0,0.0,113.12762807873453,70.90883708661819,184.03646516535272,4.091162913381808,0.0,89.06103488156756,112.83590675591275,109.92706966929455,76.0,-1.0,3.0
147.6084440286329,0.0,0.004608444028632908,0.0016084440286329078,0.0,0.0,0.0,73.76200187115191,0.28042220143164537,72.62955410021517,4.462955410021517,15.412666042949361,136.19577798568355,151.6084440286329,0.1957779856835461,0.0,149.2168880572658,147.2168880572658,149.2168880572658,0.1957779856835461,0.8042220143164539,3.0
128.0,0.0,0.01,0.003,0.002992437125021858,0.0,0.0,29.00756287497814,2.1992437125021858,0.0,7.210588024969399,144.87143112537157,54.0,198.87143112537157,13.246502024899133,0.0,129.0,106.97731137506557,123.96974850008743,76.0,0.0,3.0
134.0,0.0,0.0,0.0,0.0,0.0,0.0,80.3525252858454,0.2,82.18278722458729,1.3,3.0,133.0,136.0,1.0,0.0,135.0,134.0,136.0,0.0,1.0,3.0
130.69409164684996,0.0008980305489499869,0.01,0.003,0.002898030548949987,0.0,0.0,29.101969451050014,2.0101969451050015,0.0,8.150984725525007,112.73348066785022,54.0,166.73348066785022,13.246502024899133,0.0,129.0,111.18424439159989,127.18424439159989,76.0,0.8980305489499869,3.0
133.0,0.0,0.001,0.0057565177034237,0.0022434822965762993,0.0,0.0,60.243482296576296,2.67825885171185,0.0,7.0425977992439925,105.0,60.0,165.0,4.7565177034237,0.0,121.19134066918669,100.7304468897289,112.2174114828815,57.139199041797085,0.0,3.0
123.0,0.0,0.0001459309104073867,0.0,0.0,0.0,0.0,70.0,0.3,68.8325527167409,4.575117092488864,19.87558546244432,109.27034544796307,129.1459309104074,1.8540690895926133,0.0,123.0,123.78110363438893,124.85406908959261,1.0,1.0,3.0
133.0,0.0,0.0,0.01,0.003,0.0,0.0,60.93973260971044,2.812053478057912,0.0,0.0,104.93973260971043,57.06026739028956,162.0,5.939732609710439,0.0,125.0,95.93973260971043,103.0,76.0,0.0,3.0
130.0,0.0010655639731944858,0.0010655639731944858,0.011803308080416543,0.007500000000000001,0.0,0.0,62.065563973194486,2.206556397319449,0.0,0.0,161.0,50.0,206.0,8.737744107222056,0.0,89.06103488156756,88.93443602680551,113.0,76.0,-0.0655639731944857,3.0
131.0548680617189,0.0,0.0,0.0,0.0,0.0,0.0,76.89026387656219,0.2,82.18278722458729,2.2625962995834152,6.703245374479269,128.40649074895853,135.1097361234378,1.0,0.0,131.0548680617189,131.40649074895853,132.40649074895853,0.0,0.6483773127603656,3.0
128.0,0.0,0.0018985791715507836,0.007101420828449217,0.005898579171550783,0.0,0.0,65.10142082844922,2.5405683313796867,0.0,0.0,129.0,63.0,192.0,6.0,0.10142082844921652,103.89857917155078,92.98579171550783,114.49289585775392,27.18863337240627,-0.10142082844921652,3.0
110.0,0.003,0.002,0.006514128240813675,0.006514128240813675,0.0,0.0,68.0,3.0485871759186325,0.0,0.0,133.0,60.0,193.0,6.9717435183726515,0.0,91.0,83.02825648162735,94.48587175918632,43.54238472244102,-1.0,3.0
136.48644686455899,0.0,0.0,0.0,0.0,0.0,0.0,72.45934059367696,0.3,71.25677656772051,3.974322343227949,12.229670296838476,134.48644686455899,146.71611716139745,1.0,0.0,139.22967029683846,139.71611716139745,140.97289372911797,0.7432234322794921,0.0,3.0
129.29665227449502,0.0,0.0,0.006430254196076154,0.0032789832156953826,0.0,0.0,61.13949160784769,2.7726906470571158,0.0,0.0,106.70923741177154,60.85461870588577,167.5638561176573,7.139491607847692,0.28487290196192283,91.00588968626654,93.71512709803808,101.71512709803808,42.0,-0.28487290196192283,3.0
130.0,0.001385420070147427,0.002,0.007692710035073713,0.007500000000000001,0.0,0.0,64.61457992985257,2.4692710035073713,0.0,0.0,161.0,50.0,206.0,7.0,0.0,89.06103488156756,80.78463193847622,112.15626021044228,76.0,-1.0,3.0
146.39394820433466,0.0,0.006151585634677385,0.0,0.0,0.0,0.0,78.8332848761593,0.21969741021673367,67.78789640866934,3.880302589783266,13.196974102167337,137.39394820433466,150.59092230650202,1.0,0.0,146.78789640866935,144.78789640866935,146.78789640866935,0.8030258978326634,0.19697410216733657,3.0
120.0,0.0,0.0,0.003921677446649491,0.007500000000000001,0.0,0.0,60.38251616997424,1.5539161276675255,0.0,9.339161276675256,85.0,69.0,154.0,4.460838723324746,0.5699688092250241,89.06103488156756,104.69580638337627,104.23496766005152,62.92167744664949,-0.4608387233247455,3.0
148.0,0.0,0.01,0.0006226153983120073,0.0,0.0,0.0,70.622615398312,0.3,71.93392309746801,4.049046159324803,14.622615398312007,138.066076902532,152.688692300844,0.6886923008439964,0.0,150.0,148.0,150.0,0.0,1.0,3.0
131.83100134993276,0.0013896662166890815,0.0,0.010168998650067245,0.006896662166890817,0.0,0.0,61.0,2.366200269986551,0.0,0.0,130.0516689165546,51.220667566621835,181.27233648317642,6.220667566621836,0.0,123.44133513324367,96.77933243337816,107.06566081695806,76.0,0.0,3.0
132.14845202266957,0.0012838493257768065,0.0,0.009851547977330418,0.006554643931991258,0.0,0.0,60.283849325776806,2.5729205393785546,0.0,0.0,127.0,55.013054719562355,182.01305471956235,7.148452022669581,0.0,123.86460269689277,98.0,107.12234258354488,76.0,0.0,3.0
150.1821279977994,0.0,0.004089360011003006,0.0,0.0,0.0,0.0,54.36084801980541,0.5636879996332331,72.18099200586828,3.81821279977994,9.635744004401202,149.910639988997,159.5463839933982,0.0,0.0,156.00113599193114,155.27375999266465,157.00113599193114,0.0,0.0,3.0
133.0,0.0,0.00041354910152535153,0.006172901796949297,0.001827098203050703,0.0,0.0,60.0,3.0345803593898593,0.0,3.349747722355347,105.0,60.0,165.0,5.586450898474649,0.0,95.89484371067746,95.6541964061014,104.06774550762675,43.24064730457606,0.0,3.0
128.2437721866739,0.0,0.01,0.0,0.0,0.0,0.0,80.0,0.4756227813326105,0.0,5.971174565308757,17.584519213380318,113.14679734664136,130.7313165600217,0.12188609333694755,0.0,123.80605031993494,123.51245562665221,124.39056953331526,3.6814940534128464,0.7562278133261049,3.0
133.18114934953468,0.0005434480486040409,0.0,0.003275402601861279,0.003275402601861279,0.0,0.0,63.18114934953468,1.8637701300930638,0.0,0.0,105.81149349534681,62.72459739813872,168.53609089348552,5.18114934953468,0.18114934953468032,89.06103488156756,94.44919479627744,93.81149349534681,76.0,-1.0,3.0
126.8265857524202,0.0,0.0013622357079299656,0.0,0.0,0.0,0.0,69.04335356189495,0.3318882146035017,58.783232190525254,6.098459278722962,45.34969657157578,89.47688918084444,134.82658575242021,0.6377642920700344,0.0,127.46435004449025,125.78323219052525,127.78323219052525,0.6811178539649828,1.0,3.0
130.0,0.00018143834769562695,0.001818561652304373,0.007907191738478135,0.007500000000000001,0.0,0.0,65.2742466092175,2.3637123304608747,0.0,0.0,161.0,50.0,206.0,7.362876695391254,0.0,89.06103488156756,80.78463193847622,108.90719173847813,76.0,-0.818561652304373,3.0
133.47483661633294,0.0024245098489988196,0.0,0.004726470453003541,0.0025754901510011805,0.0,0.0,61.89934646533176,2.372647045300354,0.0,0.0,123.67614368566942,61.27352954699646,184.94967323266587,8.47483661633294,0.0,107.43104519568122,100.84901969799763,104.94967323266587,76.0,-0.47483661633293983,3.0
123.70904626172243,0.0,0.0005819074765551345,0.0,0.0,0.0,0.0,81.34474018755893,0.3,66.7628327110038,4.814670467177189,17.528121027273777,112.7628327110038,130.29095373827758,0.7090462617224327,0.0,123.70904626172243,123.1271387851673,124.41809252344487,0.2909537382775673,0.2909537382775673,3.0
150.89312307690525,0.0,0.0018931230769052563,0.0,0.0,0.0,0.0,81.32063076928424,0.38931230769052566,29.320630769284232,6.378624615381051,28.93123076905256,130.64126153856847,159.57249230762102,1.7862461538105123,0.0,151.7862461538105,150.89312307690525,152.7862461538105,1.0,1.0,3.0
128.0,0.0,0.002,0.007,0.005432687780371096,0.0,0.0,65.5673122196289,2.6134624439257808,0.0,0.0,129.0,63.0,192.0,4.8653755607421925,0.0,104.5673122196289,91.16343890185549,113.29806334111329,24.028814462597676,0.0,3.0
128.0,0.0,0.002743437216298636,0.007,0.005743437216298637,0.0,0.0,65.25656278370137,2.551312556740273,0.0,0.0,129.0,63.0,192.0,4.743437216298636,0.0,111.69093494668772,94.94749773038909,114.97374886519455,23.973748865194544,0.0,3.0
133.0,0.0,0.0,0.01192585375047516,0.0010741462495248405,0.0,0.0,60.03707312476242,2.9925853750475158,0.0,0.0,97.03707312476241,57.96292687523758,155.0,4.0,0.0,125.0,95.96292687523759,104.92585375047516,76.0,0.0,3.0
126.38481952703947,0.0,0.0,0.0,0.0,0.0,0.0,76.41772823359962,0.25164543532800754,82.18278722458729,2.2680997886080827,7.549363059840226,123.38481952703947,130.9341825868797,1.5164543532800754,0.0,126.38481952703947,126.90127388031955,127.90127388031955,0.0,0.4835456467199247,3.0
148.0,0.0,0.004611985099550317,0.0016119850995503161,0.0,0.0,0.0,71.61198509955031,0.3,73.02996274887579,4.69700372511242,16.388014900449683,136.0,152.3880149004497,0.5820223506745257,0.0,150.0,148.0,150.0,0.0,1.0,3.0
120.0,0.0,0.0,0.004,0.007500000000000001,0.0,0.0,62.55022654215626,1.9550226542156262,0.0,1.754116485590579,128.0,63.0,191.0,11.100453084312523,0.5699688092250241,107.0,93.89954691568748,105.55022654215627,36.44977345784374,-1.0,3.0
128.26047519712893,0.00017365013141927666,0.0,0.007652699737161447,0.007500000000000001,0.0,0.0,63.043412532854816,3.8999999999999995,0.0,0.0,91.30237598564457,66.0,157.30237598564457,5.173650131419277,0.0,89.06103488156756,80.78463193847622,117.47904960574218,76.0,-0.043412532854819164,3.0
133.0,0.0,0.001,0.005366848624405978,0.0026331513755940223,0.0,0.0,60.633151375594025,2.4834243122029886,0.0,5.990491285896139,105.0,60.0,165.0,4.366848624405978,0.0,124.6983623803462,101.89945412678206,114.16575687797011,63.76357338509838,0.0,3.0
129.19438663117336,0.0,0.0066598233954465996,0.004145789973380029,0.0,0.0,0.0,64.95140334220666,0.4,73.38877326234675,3.8902806684413314,7.242983288966715,126.95140334220666,134.19438663117336,1.0,0.0,131.09719331558668,130.09719331558668,132.09719331558668,0.0,0.0,3.0
149.59355271941467,0.0,0.0,0.0011951645395610064,0.0,0.0,0.0,65.21128274102432,0.33983881798536686,73.40644728058533,5.01790463380977,26.991940899268343,130.390329079122,157.38226997839035,3.3983881798536686,0.0,153.9838817985367,152.58549361868302,154.58549361868302,0.3983881798536688,1.0,3.0
125.25460053031777,0.0,0.0014464891245856782,0.0010848668434392588,0.00036162228114641954,0.0,0.0,79.20296604796259,0.8435411670890987,5.276755437707161,12.83358954922989,65.83026631312148,66.15865623318382,131.9889225463053,0.5424334217196294,0.0,123.6273002651589,122.18081114057321,124.26567798401247,4.446489124585678,1.0,3.0
137.91571634027133,0.0,0.007073651706787263,0.005536825853393631,0.0017684129266968157,0.0,0.0,64.54745780633503,2.179992280361975,2.3473806099547767,1.8400540374661762,57.3895224398191,82.33674865701337,139.72627109683248,2.6526193900452233,0.0,129.95785817013567,122.8842064633484,129.18944524343885,10.073651706787263,1.0,3.0
134.54384045610215,0.0,0.01,0.0007719202280510676,0.0,0.0,0.0,69.91231908779574,0.3,78.0,3.83157606841532,8.771920228051068,131.77192022805107,140.54384045610215,1.0,0.0,135.54384045610215,135.54384045610215,136.54384045610215,0.0,0.0,3.0
121.0,0.0,0.001,0.0037879551600917736,0.007500000000000001,0.0,0.0,66.21204483990823,2.1,0.0,5.0429130245873495,104.36386548027532,55.0,159.3638654802753,6.3638654802753205,0.21204483990822665,89.06103488156756,84.15182064036709,90.93977580045886,76.0,-1.0,3.0
152.0,0.0,0.0,0.0023890190111490084,0.0,0.0,0.0,61.0,0.4,72.83294296655298,6.349882889965892,36.72079087736091,127.27920912263909,164.0,4.0,0.0,160.0,158.0,160.0,1.0,1.0,3.0
132.0,0.0,0.0,0.009766914590579885,0.0014110284698067048,0.0,0.0,31.17794306038659,1.4644113879226819,0.0,8.363395728744793,90.0,60.0,150.0,2.4110284698067046,0.5699688092250241,99.0,111.65662989251284,115.54634519444579,49.49120284541227,0.5889715301932953,3.0
144.96083218279966,0.0,0.0013202773942665594,0.0008398613028667203,0.0,0.0,0.0,82.51958390860017,0.31601386971332796,29.87902912006704,6.232374482259855,40.24194175986592,130.71889042293375,170.96083218279966,1.8398613028667203,0.0,144.96083218279966,145.28110957706625,146.28110957706625,0.3202773942665593,-0.8398613028667203,3.0
127.50011561699006,0.0,0.01,0.0033999075064079553,0.0029000231233980113,0.0,0.0,28.700069370194033,2.4099514408641767,0.0,8.419717894544263,145.099976876602,53.600092493592044,198.70006937019403,13.246502024899133,0.09997687660198884,128.70006937019403,106.80004624679603,122.90025435737812,76.0,0.0,3.0
124.7671068965136,0.0,0.0,0.0010602641379081543,0.0,0.0,0.0,79.53421379302718,0.2353421379302718,82.18278722458729,3.1586314482789124,12.76710689651359,116.58631448278913,129.35342137930272,0.6465786206972819,0.0,124.7671068965136,123.41368551721087,125.7671068965136,0.0,0.3534213793027181,3.0
110.0,0.004,0.00047374111794896414,0.008052517764102072,0.0072368705589744824,0.0,0.0,67.76312944102551,3.0710611676923447,0.0,0.0,132.28938832307657,60.71061167692345,193.0,6.526258882051036,0.0,90.28938832307655,86.52625888205104,95.47374111794896,45.26367006154068,-1.0,3.0
133.0,0.0,0.0,0.01,0.003,0.0,0.0,61.0,2.8,0.0,0.0,103.46367860670703,57.0,160.46367860670702,5.561051030487723,0.0,125.0,95.78052551524387,103.0,76.0,0.0,3.0
133.0,0.0,0.001,0.005274806035548136,0.002450387928903728,0.0,0.0,60.0,2.8824418106644405,0.0,8.48472844976739,105.0,60.0,165.0,5.549612071096272,0.0,98.07635775116304,98.0,107.0,48.297672426577634,0.0,3.0
123.12862817783586,0.0,0.0018226143185136783,0.0027095427259452866,0.007500000000000001,0.0,0.0,60.82261431851368,2.195124249634954,0.0,5.715974134837079,99.24169977040425,61.64522863702736,160.8869284074316,7.822614318513678,0.0,110.27490068878724,99.64522863702736,106.17738568148633,58.64522863702736,0.0,3.0
133.57626174635124,0.0,0.0,0.0,0.0,0.0,0.0,77.03383222445866,0.24237382536487628,82.18278722458729,2.2322241580272784,5.118691268243814,132.15252349270247,137.2712147609463,1.0,0.0,134.57626174635124,134.0,135.57626174635124,0.0,0.5762617463512372,3.0
120.0,0.0,0.0,0.0029973503021255886,0.0073350997985829405,0.0,0.0,64.0,1.2335099798582942,0.0,2.692845815739089,79.65960080566823,69.0,148.65960080566825,6.005299395748823,0.33245010070852954,89.06103488156756,98.0,98.33774949645735,39.99470060425118,-0.33245010070852954,3.0
128.0,0.0,0.0010955353138346682,0.007904464686165333,0.005,0.0,0.0,66.0,2.8808929372330665,0.0,0.0,129.0,63.0,192.0,5.808929372330663,0.5699688092250241,103.19107062766933,84.47767656917334,110.19107062766933,20.095535313834667,-0.9044646861653318,3.0
134.0,0.004,0.000376140675323427,0.000376140675323427,0.001752281350646854,0.0,0.0,63.247718649353146,1.8623859324676573,0.0,0.0,119.24771864935315,66.0,185.24771864935315,7.4954372987062925,0.0,89.06103488156756,104.75228135064685,106.37614067532343,76.0,-1.0,3.0
135.0,0.0,0.0,0.0,0.0,0.0,0.0,64.74116160631385,0.4451767678737229,69.90353535747445,5.639065661095627,85.48712125348182,68.80707071494892,154.29419196843074,2.4517676787372293,0.0,139.7106060724234,138.7106060724234,140.7106060724234,0.4517676787372291,1.0,3.0
140.72052383142073,0.0,0.0012401746104735776,0.0,0.0,0.0,0.0,76.89374075777168,0.25866084631754743,69.34643385270189,3.958660846317547,13.0,135.82678307364904,148.82678307364904,1.0,0.0,142.48034922094715,142.2401746104736,143.6535661472981,1.0,0.0,3.0
148.0,0.0,0.0025202131161729513,0.0,0.0,0.0,0.0,69.00808524646918,0.28319857922551367,75.5040426232346,4.348787213029623,23.151843714806503,129.8481562851935,153.0,2.4959573767654097,0.0,149.66397158451028,148.83198579225513,150.66397158451028,0.0,0.8319857922551366,3.0
146.52625251011165,0.0,0.007210020080893085,0.0,0.0,0.0,0.0,78.105611194386,0.2263126255055818,68.05250502022326,3.873687374494418,13.263126255055818,137.52625251011165,150.78937876516744,1.0,0.0,147.05250502022326,145.05250502022326,147.05250502022326,0.7368737449441821,0.2631262550558179,3.0
152.0,0.0,0.0,0.0021372029224567715,0.0,0.0,0.0,61.0,0.4,73.58839123262969,6.576517369788906,39.490767852975516,124.50923214702449,164.0,4.0,0.0,160.0,158.0,160.0,1.0,1.0,3.0
121.56652039981844,0.0,0.0,0.003216739800090776,0.002600877601089308,0.0,0.0,80.14802539754906,0.5817617401180084,4.699561199455346,10.643347960018154,71.25109700136163,63.51717860063543,134.76827560199706,1.650219400272327,0.21673980009077565,118.31542339845682,118.5321631985476,119.5321631985476,7.50219400272327,0.7832601999092244,3.0
110.0,0.004,0.0018085708889596765,0.005382858222080647,0.007500000000000001,0.0,0.0,67.09571455552016,3.2712856333439513,0.0,0.0,130.2871436665605,62.71285633343952,193.0,5.191429111040323,0.0,89.06103488156756,85.19142911104032,96.80857088895968,57.27713800063709,-1.0,3.0
134.14183151627802,0.0,0.00018910868837069118,0.00892908424186099,0.005905445655814655,0.0,0.0,63.95272282790733,1.5212747274417027,0.04727717209267279,3.7172649488378227,69.66905979535129,83.04727717209268,152.71633696744397,4.952722827907327,0.0,136.85816848372198,119.09455434418534,124.14183151627802,49.07809514419288,1.0,3.0
120.0,0.0,0.0,0.004358028499556734,0.007500000000000001,0.0,0.0,60.79014249778367,1.4209857502216332,0.0,10.025914501329797,83.71605699911346,69.0,152.71605699911348,3.283943000886532,0.5699688092250241,89.20985750221632,103.13577200354612,102.06168650487592,51.70365800531919,-0.358028499556734,3.0
133.0,0.0,0.0,0.0,0.0,0.0,0.0,73.78581192782244,0.2,82.18278722458729,3.1428376144355124,7.607094036088781,131.0,138.60709403608877,1.0,0.0,133.0,134.0,135.0,0.0,0.0,3.0
141.07972328557338,0.0,0.00135990776185779,0.0,0.0,0.0,0.0,77.17311811100151,0.254669741271407,69.18678965085628,3.954669741271407,13.0,135.90660517457187,148.90660517457187,1.0,0.0,142.71981552371557,142.35990776185778,143.81321034914373,1.0,0.0,3.0
120.0,0.0,0.0,0.003,0.007391682576695853,0.0,0.0,61.30415871165207,1.3695841288347927,0.0,9.492778838446391,83.46389419223195,69.0,152.46389419223195,5.536105807768049,0.5699688092250241,89.06103488156756,102.39168257669586,102.39168257669586,57.39168257669585,0.0,3.0
132.69087195086618,0.0,0.0031272479672441174,0.002345435975433088,0.0007818119918110293,0.0,0.0,72.96369207370074,1.2427213922204778,0.7818119918110293,4.259111026614154,31.636239836220586,102.66372611874007,134.29996595496067,1.1727179877165441,0.0,127.95452997952758,123.60909400409449,126.95452997952758,4.9090599590551465,1.0,3.0
148.81104732962766,0.0,0.01,0.0,0.0,0.0,0.0,76.02761832406914,0.2,80.43314198888297,3.2755810681489383,10.350287016675559,142.24418931851062,152.5944763351862,0.40552366481382696,0.0,148.81104732962766,148.4055236648138,149.81104732962766,0.0,0.0,3.0
131.98706743543667,0.0004967668588591694,0.0010064662822816613,0.009980601153155015,0.00749676685885917,0.0,0.0,47.619626222210734,3.8999999999999995,0.0,0.0,155.53556455254915,50.0,205.53556455254915,6.50323314114083,0.5699688092250241,89.06103488156756,90.89653948349343,107.00646628228166,76.0,-0.5032331411408306,3.0
124.04885791914045,0.0,0.0,3.664343935533797e-05,0.0,0.0,0.0,86.98778552021489,0.20122144797851127,71.0977158382809,3.393892760107444,10.073286878710675,117.95114208085955,128.02442895957023,0.0,0.0,124.04885791914045,123.03664343935534,125.04885791914045,0.0,0.012214479785112697,3.0
151.13643975255673,0.0,0.0,0.0004093192576701994,0.0,0.0,0.0,48.910156535794265,0.65906807423298,70.13643975255674,4.159235529857793,11.00167455624813,151.27120494886535,162.27287950511348,0.5457590102269325,0.0,159.13643975255673,158.0,160.0,0.13643975255673313,0.13643975255673313,3.0
149.21942178380962,0.0,0.0020854336621427814,0.0009145663378572187,0.0,0.0,0.0,67.25630098642834,0.3304855445952406,69.60971089190481,5.313398812166684,21.658265351428874,135.39028910809517,157.04855445952407,3.3048554459524064,0.0,153.04855445952407,151.04855445952407,153.04855445952407,0.3048554459524062,1.0,3.0
150.0,0.0,0.01,0.0,0.0,0.0,0.0,77.55249355085279,0.4,29.913624637914157,6.291660673881589,14.021593840521462,144.36113108706138,158.38272492758284,0.0,0.0,151.5956812318957,152.78704369568712,153.78704369568712,0.5956812318957079,0.4043187681042921,3.0
121.0,0.0,0.00042819961492561475,0.004428199614925615,0.007500000000000001,0.0,0.0,68.28720154029754,1.985639922985123,0.0,0.0,102.0,55.0,157.0,5.571800385074385,0.5699688092250241,89.06103488156756,80.78463193847622,86.5,76.0,-1.0,3.0
148.8703910626327,0.0,0.01,0.0,0.0,0.0,0.0,80.41201117170912,0.2,82.18278722458729,2.8282402234341824,6.412011171709119,145.02318435960723,151.43519553131634,1.0,0.0,148.8703910626327,147.8703910626327,149.8703910626327,0.0,0.0,3.0
133.0,0.0,0.0,0.0,0.0,0.0,0.0,73.0,0.3,79.84538309205378,3.569243615132437,8.0,131.0,139.0,1.0,0.0,134.0,134.0,135.0,0.0,0.0,3.0
150.0087440062978,0.0,0.0010087440062978117,0.0,0.0,0.0,0.0,83.97376798110656,0.30087440062978116,31.96502397480875,6.203497602519125,20.122416088169363,135.94753596221312,156.06995205038248,0.01748801259562338,0.0,150.01748801259563,150.01748801259563,151.01748801259563,1.0,0.9912559937021883,3.0
133.0,0.0,0.0008716057105458748,0.006128394289454125,0.001,0.0,0.0,60.0,3.1128394289454127,0.0,8.280254250185811,105.0,60.0,165.0,6.871605710545875,0.0,93.0,97.4864228421835,106.35802855272938,55.074085658188125,0.0,3.0
149.375342103695,0.0,0.0028958903506158336,0.00020821929876833269,0.0,0.0,0.0,80.41643859753667,0.3895890350615834,25.041096493841664,8.1876710518475,50.542464908621675,124.83287719507334,175.375342103695,1.1041096493841662,0.0,149.375342103695,151.0630131555425,152.16712280492666,1.7917807012316673,-0.10410964938416634,3.0
129.0,0.0,0.001,0.006275661182871259,0.006,0.0,0.0,66.27566118287126,3.2,0.0,0.0,91.58942107405986,54.41057892594014,146.0,7.724338817128741,0.0,105.0,81.44867763425748,107.72433881712874,9.724338817128741,0.0,3.0
131.73516075101924,0.001421613082993591,0.0,0.011686452331974365,0.007500000000000001,0.0,0.0,60.15677383401282,2.4470321502038455,0.0,0.0,129.89193458503203,51.15677383401282,181.04870841904486,6.264839248980772,0.5699688092250241,123.31354766802563,98.10806541496795,112.10806541496795,76.0,0.0,3.0
133.0,0.0,0.0,0.010548321333119611,0.0024516786668803883,0.0,0.0,60.0,3.217751800032058,0.0,0.0,85.38657066495689,58.0,143.3865706649569,2.5483213331196115,0.0,125.0,96.0,109.35503600064116,76.0,0.7258393334401941,3.0
121.03245179685683,0.0,7.94193689889866e-05,0.005,0.007500000000000001,0.0,0.0,63.682322524044054,1.7873613058878852,0.0,0.6432968888107915,110.52348378606608,62.76174189303304,173.2852256790991,9.602903155055067,0.5699688092250241,89.06103488156756,92.47651621393392,102.39709684494494,43.15883873797797,-0.9205806310110134,3.0
133.6573670016143,0.001,8.565824959643053e-05,0.012914341750403568,0.007500000000000001,0.0,0.0,31.82672223668221,3.8999999999999995,0.0,0.0,150.94224074556072,50.0,200.94224074556072,6.2569747487892915,0.5699688092250241,89.06103488156756,105.45815150726425,106.59960774717501,76.0,0.0,3.0
148.0,0.0,0.0005290456266794086,0.00021161825067176352,0.0,0.0,0.0,68.42323650134352,0.3,74.89419087466412,4.510580912533588,24.047717871977063,128.84647300268705,152.8941908746641,2.682572623992355,0.0,150.0,148.8941908746641,150.8941908746641,0.0,1.0,3.0
134.0,0.004808132675281257,0.0018081326752812572,0.0018081326752812572,0.003,0.0,0.0,61.80813267528126,1.5575601974156228,0.0,0.0,113.95933662359371,70.04066337640629,184.0,4.383734649437486,0.0,89.06103488156756,112.80813267528126,110.19186732471874,76.0,-1.0,3.0
148.64674312423105,0.0,0.01,0.003383142189422396,0.0,0.0,0.0,75.05977062730688,0.4676628437884479,8.52720186961729,9.456245407134302,27.149426568267188,139.6766284378845,166.82605500615168,0.6766284378844792,0.0,150.3233715621155,150.3233715621155,151.3233715621155,0.6766284378844792,-0.3532568757689585,3.0
149.546687195546,0.0,0.0006799692066809641,0.0019066256089079522,0.0,0.0,0.0,80.09337439109204,0.4226656402226988,14.053466771049155,7.802634846903662,41.280123173276145,132.26656402226988,173.546687195546,1.773343597773012,0.0,151.546687195546,150.0,151.0,1.0,-0.22665640222698802,3.0
134.0,0.0033549963058319373,0.0,0.0,0.0003549963058319373,0.0,0.0,64.64500369416807,1.8354996305831937,0.0,0.0,116.12997783499162,66.0,182.12997783499162,8.354996305831937,0.5699688092250241,89.06103488156756,101.41998522332774,102.77498152915969,76.0,-1.0,3.0
140.0694238427461,0.0,0.01,0.0,0.0,0.0,0.0,77.93057615725391,0.20694238427460934,82.18278722458729,3.3861152314507814,8.069423842746094,136.13884768549218,144.20827152823827,1.0,0.0,141.20827152823827,140.20827152823827,141.27769537098436,0.0,0.06942384274609337,3.0
135.40470104545864,0.0,0.0014809402090917296,0.007923760836366919,0.007328461881825566,0.0,0.0,60.07623916363308,2.188564125455038,0.0,2.757179372724811,105.48094020909173,57.59529895454135,163.0762391636331,5.9237608363669185,0.48094020909172963,122.70965769999097,105.59529895454135,117.44282062727518,73.40470104545865,0.0,3.0
139.6619371820389,0.0,0.01,0.0001352251271844298,0.0,0.0,0.0,76.5267120548545,0.2067612563592215,82.13522512718443,3.6864774872815573,8.067612563592215,135.72954974563115,143.79716230922335,1.0,0.0,140.6619371820389,139.72954974563115,141.6619371820389,0.0,0.0,3.0
135.99821746088818,0.0,0.01,0.0008003565078223615,0.0,0.0,0.0,70.59714793742111,0.28003565078223613,78.79857396871056,3.860071301564472,8.800356507822361,132.79857396871054,141.59893047653293,1.0,0.0,136.99821746088818,136.79857396871054,137.99821746088818,0.0,0.0,3.0
130.93484832764173,0.0,0.0,0.0,0.0,0.0,0.0,79.46742416382087,0.2,82.18278722458729,1.6065151672358269,5.298863754268701,128.4022724914626,133.7011362457313,1.0,0.0,131.16856040955216,130.93484832764173,132.16856040955216,0.0,1.0,3.0
131.37996425618647,0.0015400119146045106,0.0,0.012160047658418043,0.007500000000000001,0.0,0.0,59.91997617079098,2.3759928512372936,0.0,0.0,129.29994042697746,50.91997617079098,180.21991659776842,6.620035743813531,0.5699688092250241,122.83995234158196,98.70005957302256,112.70005957302256,76.0,0.0,3.0
121.0,0.0,0.0008800790875614583,0.004880079087561459,0.007500000000000001,0.0,0.0,66.47968364975416,2.0760158175122916,0.0,0.0,102.0,55.0,157.0,5.119920912438542,0.5699688092250241,89.06103488156756,82.16055361293022,88.68086996317604,76.0,-1.0,3.0
142.85789632142476,0.0,0.0019526321071415827,0.0,0.0,0.0,0.0,78.55614158333036,0.23491226309528057,68.39649052381122,3.9349122630952804,13.0,136.3017547380944,149.3017547380944,1.0,0.0,143.90526421428316,142.9526321071416,144.60350947618878,1.0,0.0,3.0
134.0,0.002467042213448665,0.0010659155731026705,0.0,0.0010659155731026705,0.0,0.0,63.93408442689733,1.6401126640345995,0.0,0.0,106.5385909882813,68.66478893275668,175.203379921038,5.868168853794659,0.5699688092250241,89.06103488156756,102.66478893275668,103.13183114620534,76.0,-1.0,3.0
127.05399748130775,0.0,0.01,0.004973001259346127,0.002,0.0,0.0,28.702664987538498,2.8135342568538264,0.0,12.035237908957594,133.83800755607678,52.7026649875385,186.54067254361524,11.378331234423122,0.3243337531153756,128.02699874065388,104.32433375311538,117.72966372819238,76.0,0.0,3.0
133.6660038261164,0.0,0.004329024869756573,0.00033300191305819793,0.0,0.0,0.0,71.66799234776721,0.3,82.00198852165082,3.633200765223279,8.333001913058197,131.3330019130582,139.6660038261164,1.0,0.0,134.6660038261164,134.6660038261164,135.6660038261164,0.0,0.0,3.0
130.00846086559457,0.0,0.01,0.003,0.003,0.0,0.0,34.0,2.266102608960362,0.0,3.733897391039638,133.61872176163078,54.0,187.61872176163078,10.33051304480181,0.5699688092250241,89.06103488156756,98.6694869551982,96.71179128317104,76.0,-1.0,3.0
124.03516383267299,0.0,0.0020688054889278495,0.0,0.0,0.0,0.0,85.96483616732701,0.3994139361221168,13.917951057096346,4.771868933861604,24.02930319389416,121.91209041831752,145.94139361221167,1.0,0.0,125.89450850198102,125.96483616732701,126.95897552854817,0.13479469191314664,-1.0,3.0
133.36712567105434,0.0006618391898493786,0.01,0.005028964860903728,0.0063816081015062144,0.0,0.0,38.4685026842174,2.1690804050753107,0.0,5.597610004885402,109.3091959492469,54.33816081015062,163.64735675939752,11.294713518795028,0.3381608101506214,131.02896486090373,110.98551756954814,126.3091959492469,76.0,1.0,3.0
134.0,0.004,0.001,0.001,0.003442216582629975,0.0,0.0,60.557783417370025,1.711556683474005,0.0,0.0,115.78891708685012,68.21108291314988,184.0,6.442216582629975,0.0,89.06103488156756,114.65329949577985,111.88443316525995,76.0,-1.0,3.0
126.69349489760754,0.0,0.0008080484692822619,0.0,0.0,0.0,0.0,84.11455357167472,0.3461301020478492,21.272436223540357,4.988544642832528,22.114553571674723,123.61609693856452,145.73065051023926,1.2693494897607538,0.0,128.4241454078468,128.4241454078468,129.4241454078468,0.2693494897607539,-0.7306505102392461,3.0
129.0,0.0,0.001,0.005534794387716282,0.006395616836851154,0.0,0.0,65.53479438771627,2.8465205612283717,0.0,0.0,97.25643928598603,50.0,147.25643928598603,6.0,0.5699688092250241,105.0,84.53479438771627,110.46520561228373,11.465205612283718,0.0,3.0
132.75943062959686,0.0,0.0004209963982054965,0.006819572972197645,0.0,0.0,0.0,64.06014234260078,0.4,80.51886125919371,3.712028468520157,11.699288286996074,126.06014234260078,137.75943062959686,1.0,0.0,132.87971531479843,131.87971531479843,133.87971531479843,0.0,0.0,3.0
134.0,0.0023131095523662706,0.0004377031841220902,0.0060606713429011885,0.006811484079389548,0.0,0.0,40.881908260151064,3.8999999999999995,0.0,0.0,133.80498218748266,59.191766866563896,192.99674905404655,5.87540636824418,0.5699688092250241,89.06103488156756,111.814735025343,109.62621910473254,76.0,-0.4377031841220902,3.0
132.87287585351615,0.0010423747154946197,0.0,0.0092118735774731,0.004423747154946199,0.0,0.0,59.95762528450538,2.770337699153766,0.0,0.0,127.0,56.70337699153766,183.70337699153765,8.0,0.0847494309892396,124.83050113802152,98.12712414648387,104.46612187044082,76.0,0.0,3.0
134.0,0.003,0.0,0.0,0.0,0.0,0.0,64.17530294235766,1.717530294235766,0.0,0.0,114.0,66.0,180.0,6.3506058847153195,0.5699688092250241,89.06103488156756,100.82469705764234,101.82469705764234,76.0,-1.0,3.0
130.30999510917934,0.0,0.01,0.0,0.0,0.0,0.0,80.0,0.3,0.0,2.35596282976294,35.19990218358669,103.59005379902732,138.789955982614,1.6199902183586685,0.0,108.0,121.54997554589667,122.47996087343468,29.819892401945353,-0.3800097816413315,3.0
150.79906631134094,0.0,0.0017990663113409435,0.0,0.0,0.0,0.0,81.60280106597718,0.3799066311340944,29.602801065977168,6.359813262268189,27.990663113409436,131.20560213195435,159.19626524536378,1.598132622681887,0.0,151.59813262268187,150.79906631134094,152.59813262268187,1.0,1.0,3.0
134.60748305341923,0.0005358276844730813,0.01,0.0029283446310538375,0.0036074830534192437,0.0,0.0,21.21496610683849,2.4856689262107676,0.0,9.979704783828753,111.82244916025773,58.4267570484307,170.24920620868843,5.071655368946162,0.5699688092250241,120.8941045292039,117.32086157763459,121.53582768447308,52.82244916025773,0.0,3.0
146.19335289929344,0.0,0.0014501467447007943,0.0,0.0,0.0,0.0,83.03323550353281,0.2,80.70997065105985,2.9676735147527036,10.386705798586878,139.9033235503533,150.29002934894015,0.9033235503532804,0.0,146.19335289929344,145.29002934894015,147.19335289929344,0.0,0.0,3.0
129.0,0.0,0.00045037093625818514,0.006,0.007500000000000001,0.0,0.0,65.45037093625818,2.7351112808774554,0.0,0.0,97.8474034461927,50.0,147.84740344619271,8.549629063741815,0.5699688092250241,105.0,88.29777438245088,111.19851625496726,12.09925812748363,0.0,3.0
151.024653315581,0.0,0.0,0.002268489986685738,0.0,0.0,0.0,62.70685669773328,0.3756163328895246,71.97534668441901,5.48301232756382,28.780816644476232,132.53697997337147,161.3177966178477,3.756163328895246,0.0,157.56163328895246,155.80546996005722,157.80546996005722,0.7561633288952461,1.0,3.0
148.69514304847797,0.0,0.001957285427283054,0.0036097139030440714,0.0,0.0,0.0,78.39028609695593,0.4652428475761018,8.518429815106767,9.122528274859155,36.170858290867784,136.5242847576102,172.69514304847797,1.347571524238982,0.0,150.69514304847797,150.0,151.0,1.0,-0.6524284757610179,3.0
131.3245586224361,0.0006649117244872181,0.0063666772347428565,0.00632455862243609,0.0036649117244872183,0.0,0.0,50.942086908078196,2.2,0.0,2.4126355836920306,137.02105930615338,52.67017655102556,189.69123585717895,8.015794479615039,0.0,126.34035310205113,102.34561792858948,113.36141240820452,76.0,0.0,3.0
133.0,0.001,0.0,0.009590899921579459,0.004,0.0,0.0,61.20455003921027,2.5977249803948648,0.0,0.0,132.20455003921026,52.0,184.20455003921026,5.0,0.0,125.0,96.81820015684109,109.59089992157946,76.0,0.0,3.0
132.0,0.0,0.0,0.008218466541561642,0.0019271778194794526,0.0,0.0,30.145644361041093,1.6708711277917812,0.0,1.034074963391772,90.0,60.0,150.0,2.9271778194794527,0.21846654156164202,99.0,104.94668834676712,103.6749101519726,35.03902105457533,0.07282218052054734,3.0
126.35750542701183,0.0,0.00023464208185545356,0.007061431672578186,0.007500000000000001,0.0,0.0,63.70392624556636,3.7072516281035477,0.0,1.5017093238749029,93.51963122783181,63.41893709959001,156.93856832742182,5.469284163710907,0.0,89.06103488156756,80.78463193847622,111.8993058717582,76.0,-0.23464208185545354,3.0
135.0,0.0,0.01,0.001600684084190692,0.0,0.0,0.0,69.60068408419069,0.3,81.60410450514415,3.6597263663237234,9.0,132.0,141.0,1.0,0.0,136.0,136.0,137.0,0.0,0.0,3.0
140.15241601333042,0.0,0.01,0.0,0.0,0.0,0.0,77.0,0.21524160133304177,80.47583986669582,3.6237919933347915,8.152416013330418,136.30483202666085,144.45724803999124,1.0,0.0,141.45724803999124,140.45724803999124,142.45724803999124,0.0,0.15241601333041743,3.0
149.98496700431676,0.0,0.01,0.0,0.0,0.0,0.0,78.9699340086335,0.2,82.18278722458729,2.8007516497841625,5.015032995683249,146.98496700431676,152.0,1.0,0.0,149.98496700431676,148.99248350215836,150.98496700431676,0.0,0.0,3.0
137.63500483962147,0.0,0.0019270009679242953,0.00870800387169718,0.007500000000000001,0.0,0.0,60.07299903207571,2.5781002903772885,0.0,0.3649951603785233,105.9270009679243,55.36499516037853,161.29199612830283,7.708003871697182,0.5699688092250241,117.80298935283275,99.29199612830281,116.9270009679243,76.0,0.0,3.0
128.0,0.0,0.0014600428697194405,0.00753995713028056,0.005,0.0,0.0,65.53995713028056,2.7619871390841677,0.0,0.0,129.0,63.0,192.0,6.0,0.5399571302805596,103.0,87.68034295775553,111.84017147887776,23.680342957755524,-0.5399571302805596,3.0
120.0,0.0,0.0,0.0031579667056235786,0.007500000000000001,0.0,0.0,59.0,1.6,0.0,10.005356717310653,84.68406658875284,69.0,153.68406658875284,4.0,0.5699688092250241,91.0,106.84203329437642,106.84203329437642,61.052199766258525,0.0,3.0
134.2514957272645,0.0,0.004167663818176338,0.0031257478636322533,0.0010419159545440844,0.0,0.0,70.62275640910325,1.48982015681688,1.0419159545440844,3.4137731477317255,36.83831909088168,98.89221865911078,135.73053774999246,1.5628739318161267,0.0,128.6047898863602,123.47904202272795,127.60478988636021,6.209579772720422,1.0,3.0
135.0,0.0,0.0,0.0,0.0,0.0,0.0,62.0,0.5,71.0,6.9,97.0,71.0,168.0,3.0,0.0,143.0,142.0,144.0,1.0,1.0,3.0
110.0,0.003910875567883983,0.00017824886423203323,0.00873262670365195,0.007,0.0,0.0,68.0,3.0089124432116017,0.0,0.0,133.0,60.0,193.0,7.089124432116017,0.0,91.0,86.64350227153594,95.0,41.089124432116016,-1.0,3.0
144.53162252298085,0.0,0.005384050749070224,0.0,0.0,0.0,0.0,82.53162252298085,0.2,82.18278722458729,3.022364789751596,9.510540840993617,139.02108168198723,148.53162252298085,1.0,0.0,144.77635210248403,143.77635210248403,145.53162252298085,0.0,0.0,3.0
137.36143258182383,0.0,0.001872286516364765,0.00948914606545906,0.007500000000000001,0.0,0.0,58.51085393454094,2.4233719098188593,0.0,1.5831404509057045,105.87228651636477,55.63856741817617,161.51085393454093,7.48914606545906,0.5699688092250241,118.40484831998758,103.63856741817618,118.6168595490943,75.36143258182382,0.0,3.0
133.0,0.0,0.0,0.01,0.0021739323697474717,0.0,0.0,60.0,3.0521797109242415,0.0,0.0,100.82562312606068,59.652135260505055,160.47775838656574,4.478202890757585,0.0,125.0,96.82606763025252,106.04359421848483,76.0,0.17393236974747162,3.0
145.5258033863073,0.0,0.002,0.001564056175340772,0.0,0.0,0.0,83.34608426301116,0.3217971912329614,30.56405617534077,5.85258033863073,36.25622470136309,131.56405617534077,167.82028087670386,2.0,0.0,145.7437752986369,144.7437752986369,146.7437752986369,0.2179719123296141,-0.5640561753407718,3.0
134.45627651128513,0.0,0.0012912553022570235,0.006165021209028094,0.00620380832482726,0.0,0.0,60.70874469774298,2.387376590677107,0.0,3.5437234887148823,105.29125530225703,58.54372348871488,163.83497879097192,5.165021209028094,0.5699688092250241,124.79619167517274,101.8349787909719,116.29125530225703,72.91255302257024,0.0,3.0
123.96383961947524,0.0,0.0,0.0,0.0,0.0,0.0,86.60223581422761,0.2,71.50624532734668,3.3963839619475236,10.036160380524763,118.0,128.03616038052476,0.036160380524762115,0.0,123.96383961947524,122.96383961947524,124.96383961947524,0.0,0.0,3.0
132.42502684756263,0.0013937432881093428,0.0006062567118906572,0.012787486576218686,0.007500000000000001,0.0,0.0,58.696871644054674,2.2212513423781317,0.0,0.3637540271343943,120.6343045251481,51.51564177972664,172.14994630487473,8.0,0.5699688092250241,119.78748657621868,101.60625671189065,116.21251342378132,76.0,0.0,3.0
133.36801312919758,0.0,0.0043155628495542145,0.0037893377097325287,0.006421324580534943,0.0,0.0,65.68443715044579,1.88417879893759,0.5262251398216857,0.07893377097325285,64.84264916106989,79.8417879893759,144.68443715044577,5.947549720356628,0.0,123.63112569910842,117.8417879893759,122.63112569910842,13.947549720356628,0.26311256991084286,3.0
110.0,0.003,0.002,0.006639863592528481,0.007,0.0,0.0,68.0,3.036013640747152,0.0,0.0,133.0,60.0,193.0,6.720272814943038,0.0,91.0,83.63986359252849,94.36013640747151,43.91959077758544,-1.0,3.0
129.0,0.0,0.001,0.006,0.006175285493527677,0.0,0.0,65.91235725323617,2.891235725323616,0.0,0.0,94.61349922734686,50.0,144.61349922734686,7.912357253236161,0.17528549352767708,105.0,85.08764274676383,109.26292824029152,11.175285493527678,0.0,3.0
134.0,0.0,0.003,0.0,0.0,0.0,0.0,80.87391564606213,0.2,52.24349387637275,4.937825306181363,16.06304217696894,128.93695782303107,145.0,2.0,0.0,135.0,135.0,136.0,1.0,0.0,3.0
130.67718655572574,0.0004461977592876237,0.01,0.006123384315013366,0.005677186555725742,0.0,0.0,30.43041792569901,3.8999999999999995,0.0,2.215208962849505,147.2309887964381,52.2152089628495,199.44619775928763,8.322813444274257,0.5699688092250241,89.06103488156756,102.569582074301,104.23098879643811,76.0,-0.5538022407123763,3.0
127.86132982539384,0.0,0.0006944756893419765,0.00030552431065802355,0.0006944756893419765,0.0,0.0,76.47237844670988,0.23055243106580237,80.33370827210372,2.9776777941056753,28.0,105.91657293197407,133.91657293197406,5.083427068025929,0.0,128.55580551473582,128.16685413605185,129.86132982539382,1.0,0.6944756893419765,3.0
127.41207393170286,0.0,0.007793963034148567,0.0024120739317028666,0.0,0.0,0.0,66.19094455122286,0.36030184829257167,73.79396303414856,3.7412073931702867,7.396981517074283,124.22112938048002,131.6181108975543,0.6030184829257166,0.0,128.6181108975543,128.01509241462858,129.6181108975543,0.0,0.0,3.0
149.6583923784855,0.0,0.006708038107572535,0.0,0.0,0.0,0.0,59.07446859363056,0.47639872974758213,73.57762032403869,3.7658392378485495,10.683215243029014,147.29196189242745,157.97517713545648,0.0,0.0,154.0807720544468,153.52797459495164,155.0807720544468,0.0,0.0,3.0
134.0,0.002198216999918148,0.0003994056666393827,0.0064053490002455565,0.006603566000163703,0.0,0.0,39.979198332378395,3.8999999999999995,0.0,0.0,137.21901866753976,56.39049066623012,193.60950933376986,5.399405666639383,0.5699688092250241,89.06103488156756,108.99702833319691,108.59762266655753,76.0,-0.3994056666393827,3.0
139.062717710786,0.0,0.0015470382830894934,0.0,0.0,0.0,0.0,75.54703828308949,0.3,71.5156794276965,3.587456457842802,10.937282289214009,136.5470382830895,147.4843205723035,1.0,0.0,142.062717710786,142.031358855393,143.5470382830895,0.48432057230350223,0.5156794276964978,3.0
134.0,0.0030806080267855827,8.060802678558267e-05,8.060802678558267e-05,0.00024182408035674802,0.0,0.0,63.83878394642883,1.7080608026785582,0.0,0.0,114.32243210714233,66.0,180.32243210714233,5.919391973214418,0.5699688092250241,89.06103488156756,101.40304013392792,102.40304013392792,76.0,-1.0,3.0
129.03643820513003,0.0,0.0009939269658116605,0.0,0.0,0.0,0.0,68.4908904487175,0.35030365170941696,61.545547756412546,5.693319662392827,53.63664326923764,83.3997949358924,137.03643820513003,1.0060730341883395,0.0,130.04251123931837,128.54554775641253,130.54554775641253,0.49696348290583026,1.0,3.0
133.02352595553006,7.841985176687376e-06,0.0009921580148233126,0.004976474044469938,0.003015683970353375,0.0,0.0,60.70984654846257,2.3,0.0,4.960790074116563,105.08626183694356,59.929422133409815,165.01568397035336,4.015683970353375,0.015683970353374654,127.98431602964662,103.09410382212025,116.04705191106012,69.89805419270306,0.0,3.0
128.1485750422549,0.0,0.0018514249577450959,0.007,0.0052971500845098085,0.0,0.0,65.0,2.6742875211274524,0.0,0.0,136.57732715500012,61.06852445068624,197.64585160568635,6.594300169019617,0.14857504225490425,103.29715008450981,90.66282461970586,113.70284991549019,25.919949408431343,-0.14857504225490425,3.0
150.0,0.0,0.01,0.0,0.0,0.0,0.0,73.71063668664536,0.37914894856426645,20.9191472010027,7.54553212559253,17.625531543072007,138.37446845692799,156.0,0.0,0.0,150.79148948564267,150.79148948564267,151.79148948564267,0.2085105143573358,1.0,3.0
149.72238085857566,0.0,0.01,0.0,0.0,0.0,0.0,79.34702392678042,0.2,82.18278722458729,2.806940478535608,5.347023926780419,146.5141665025074,151.86119042928783,1.0,0.0,149.72238085857566,148.72238085857566,150.72238085857566,0.0,0.0,3.0
123.88363360211453,0.0,0.0,0.0,0.0,0.0,0.0,85.71996962325976,0.2,72.62912957039667,3.3883633602114522,10.116366397885477,118.0,128.11636639788549,0.11636639788547609,0.0,123.88363360211453,122.88363360211453,124.88363360211453,0.0,0.0,3.0
120.0,0.0,0.0,0.004817449708491192,0.006182550291508809,0.0,0.0,64.0,1.1365100583017618,0.0,8.154765087452642,85.0,69.0,154.0,2.182550291508808,0.5699688092250241,89.06103488156756,97.8174497084912,94.63489941698238,44.730201166035236,-1.0,3.0
131.52249317390633,0.00161937670652342,0.0012387534130468398,0.0099031164673829,0.007500000000000001,0.0,0.0,50.6781847283197,3.884430844558662,0.0,0.0,156.8131437717576,50.0,206.0,7.23875341304684,0.5699688092250241,89.06103488156756,93.37371245648477,109.71626023914052,76.0,-0.6193767065234199,3.0
130.0,0.0018779743204450695,0.0018779743204450695,0.008488102718219722,0.007500000000000001,0.0,0.0,63.75594864089014,2.3755948640890137,0.0,0.0,161.0,50.0,206.0,8.12202567955493,0.0,89.06103488156756,85.48810271821972,112.12202567955494,76.0,-0.8779743204450695,3.0
145.2083401406447,0.0,0.0029027528176360923,0.0,0.0,0.0,0.0,83.20834014064471,0.2,81.65971654946274,2.9659716549462747,9.736113380214901,139.4722267604298,149.2083401406447,1.0,0.0,145.34028345053724,144.34028345053724,146.2083401406447,0.0,0.0,3.0
129.0,0.0,0.001,0.006,0.007500000000000001,0.0,0.0,65.19407459988238,2.8194074599882377,0.0,0.0,99.64147780082335,50.0,149.64147780082334,7.194074599882379,0.5699688092250241,105.0,85.80592540011762,111.41777620035286,12.611850800235242,0.0,3.0
129.0,0.0,0.001,0.006,0.005629908691078816,0.0,0.0,65.79003043630706,2.8,0.0,0.0,95.46978694585057,50.0,145.46978694585056,6.209969563692939,0.41993912738587724,105.0,85.20996956369294,110.41993912738587,11.419939127385877,0.0,3.0
133.0,0.0,0.0,0.0,0.0,0.0,0.0,73.0,0.2304679139098041,82.18278722458729,3.391403741729412,8.0,131.0,139.0,1.0,0.0,133.30467913909803,134.0,135.0,0.0,0.0,3.0
123.80919283051252,8.091928305125218e-05,0.0,0.007080919283051252,0.0021618385661025044,0.0,0.0,28.91309418984508,3.8999999999999995,0.0,17.555315838805065,144.94804932033372,50.1618385661025,195.1098878864362,7.757242150846244,0.5699688092250241,125.91908071694874,104.59540358474374,112.59540358474374,76.0,0.0,3.0
150.59701982123485,0.0,0.001194039642469677,0.00040298017876516147,0.0,0.0,0.0,81.0,0.4,23.567218033583224,6.801490089382581,38.029801787651614,130.0,168.02980178765162,2.0,0.0,152.0,151.19403964246968,152.19403964246968,1.0,0.0,3.0
145.21467160490556,0.0,0.002,0.0016529509700269826,0.0,0.0,0.0,83.47942645504047,0.3173524514986509,30.479426455040475,5.856172063487858,37.305901940053964,131.65295097002698,168.95885291008094,2.0,0.0,145.38819611989206,144.56172063487858,146.38819611989206,0.17352451498650867,-0.8264754850134913,3.0
133.0,0.0,0.0,0.011389902177804924,0.0016100978221950766,0.0,0.0,60.305048911097536,2.9389902177804923,0.0,0.0,99.4403912887803,57.694951088902464,157.13534237768278,4.610097822195076,0.0,125.0,96.0,104.38990217780493,76.0,0.0,3.0
147.92340164077328,0.0,0.0006921994530755711,0.0013460997265377856,0.0,0.0,0.0,82.03829917961336,0.36539002734622145,21.845396171528996,6.6154603828471,41.923401640773285,130.69219945307557,172.61560109384885,2.0,0.0,149.2312021876977,147.5773019142355,148.92340164077328,0.6539002734622145,-0.34609972653778553,3.0
130.0,0.0010243897991400852,0.0010243897991400852,0.011926830602579746,0.007500000000000001,0.0,0.0,62.02438979914009,2.2024389799140085,0.0,0.0,161.0,50.0,206.0,8.90244080343966,0.0,89.06103488156756,88.97561020085992,113.0,76.0,-0.0243897991400851,3.0
150.64097207734534,0.0,0.001281944154690664,0.000359027922654668,0.0,0.0,0.0,81.0,0.4,24.050692850798654,6.779513961327334,37.59027922654668,130.0,167.59027922654667,2.0,0.0,152.0,151.28194415469068,152.28194415469068,1.0,0.0,3.0
136.5798445090749,0.0003550388727312781,0.001644961127268722,0.009887597181828195,0.007500000000000001,0.0,0.0,59.82248056363436,2.5112402818171806,0.0,0.0,109.72790816367842,54.1124028181718,163.84031098185022,8.0,0.5699688092250241,117.71007774546256,99.35503887273128,116.64496112726872,76.0,0.0,3.0
120.0,0.0,0.0,0.0038674753272581516,0.007500000000000001,0.0,0.0,59.39757401822555,1.5602425981774455,0.0,10.874708056338857,83.0,69.0,152.0,4.265049345483697,0.5699688092250241,90.33737663629076,105.33737663629076,105.33737663629076,56.0,0.0,3.0
132.0,0.0,0.0,0.0066899275886368875,0.00013798551772737744,0.0,0.0,32.0,1.3,0.0,13.682791310636427,90.86201448227263,60.0,150.86201448227263,1.1379855177273774,0.5699688092250241,99.0,116.13798551772737,125.0,70.48215930499885,1.0,3.0
148.30897123794642,0.0,0.0,0.00015448561897321144,0.0,0.0,0.0,67.45930033359376,0.30772428094866056,74.9227571905134,4.669934180870532,26.235884951785692,127.61378595256697,153.84967090435265,3.077242809486606,0.0,150.77242809486606,149.69518528537944,151.69518528537944,0.07724280948660567,1.0,3.0
125.94824767527574,0.0,0.0,0.0014611857564568078,0.0,0.0,0.0,86.0,0.3,75.40943343173255,3.4642318892991706,13.948247675275743,116.05175232472426,130.0,0.5129380811810641,0.0,125.94824767527574,124.97412383763788,126.94824767527574,0.0,0.4870619188189359,3.0
146.36248237349415,0.0,0.001787494124498045,0.0006062529377509775,0.0,0.0,0.0,81.81875881325293,0.33937470622490223,28.24377056425684,6.863117068072361,43.51245887148632,128.85002350200782,172.36248237349415,1.6062529377509773,0.0,146.36248237349415,147.14997649799218,148.14997649799218,0.7874941244980451,-0.6062529377509774,3.0
132.235190199097,0.0,0.01,0.007059239203611982,0.002,0.0,0.0,27.177717610835945,1.9351901990970046,0.0,5.056589280585598,93.99823338464908,61.646331393679034,155.64456477832812,3.2351901990970044,0.0,102.76304318555208,107.76304318555208,106.46861378284308,36.527852986455066,0.0,3.0
120.0,0.0,0.0,0.0031748386272604126,0.007500000000000001,0.0,0.0,59.0,1.6,0.0,10.027290215438537,84.65032274547917,69.0,153.65032274547917,4.0,0.5699688092250241,91.0,106.82516137273959,106.82516137273959,60.950968236437525,0.0,3.0
147.00513215292688,0.0,0.01,0.0,0.0,0.0,0.0,75.47177315890214,0.2502566076463442,69.01026430585377,3.8497433923536555,13.502566076463442,138.00513215292688,151.50769822939031,1.0,0.0,148.01026430585378,146.01026430585378,148.01026430585378,0.4974339235365576,0.5025660764634424,3.0
129.99331513886156,0.0003986630277723131,0.01,0.004993315138861566,0.003398663027772313,0.0,0.0,42.155879916486334,2.2,0.0,4.329626200039346,140.21604366673225,53.20267394445538,193.41871761118762,10.412032750049182,0.0,127.40534788891075,104.20935880559381,117.62139155564299,76.0,0.0,3.0
134.0,0.002853626007837751,0.0002927479843244982,0.0,0.0002927479843244982,0.0,0.0,63.853626007837754,1.6707252015675502,0.0,0.0,111.95076410972851,66.73186996081125,178.68263407053976,5.707252015675502,0.5699688092250241,89.06103488156756,101.585495968649,102.43912197648675,76.0,-1.0,3.0
135.73506884458305,0.0,0.0,0.0,0.0,0.0,0.0,70.20520653374919,0.3,71.63246557770847,3.9367534422291532,11.102603266874594,133.73506884458305,144.83767211145766,1.0,0.0,138.10260326687458,137.83767211145766,139.47013768916614,0.36753442229153144,0.0,3.0
120.0,0.0,0.0,0.0031363446187709873,0.006204516928156481,0.0,0.0,62.0,1.3136344618770988,0.0,9.359096614368704,83.13634461877099,69.0,152.13634461877098,5.931827690614506,0.5699688092250241,89.06103488156756,101.06817230938549,101.0,56.54537847508395,-0.06817230938549357,3.0
123.0,0.0,5.162381389897397e-05,0.000974188093050513,0.0,0.0,0.0,72.92256427915154,0.3,71.53538567490924,5.24129905111918,28.07743572084846,107.7935047444041,135.87094046525257,2.922564279151539,0.0,123.0,123.92256427915154,124.94837618610103,1.0,0.025811906949486985,3.0
130.0,0.002,0.0,0.013729667421690355,0.007500000000000001,0.0,0.0,59.27033257830965,2.0864833710845176,0.0,0.0,127.0,50.0,177.0,7.594501132535532,0.5699688092250241,121.0,100.59450113253553,115.0,76.0,0.0,3.0
110.0,0.003,0.002,0.006,0.006963115111589174,0.0,0.0,68.0,3.1,0.0,0.0,133.0,60.0,193.0,8.0,0.0,91.0,82.96311511158918,95.0,42.0,-1.0,3.0
122.0,0.0,0.0,0.001648588607685051,0.0,0.0,0.0,84.64858860768506,0.3900940928209966,6.0,12.852352320524915,68.0,62.0,130.0,0.549529535895017,0.0,122.0,122.0,123.0,1.900940928209966,1.0,3.0
139.69239945037899,0.0,0.01,0.00579493296691932,0.00193164432230644,0.0,0.0,62.61520109924204,2.3282265384217617,1.93164432230644,0.5494982235814945,55.76075512807254,85.37595622731457,141.13671135538712,3.0,0.0,130.21390970652405,123.06835567769356,129.93164432230645,12.162046520790518,1.0,3.0
133.0,0.0,0.000432497878330132,0.006135004243339736,0.001864995756660264,0.0,0.0,60.0,3.027000848667947,0.0,3.5032328144740688,105.0,60.0,165.0,5.567502121669868,0.0,96.02748514831093,95.72999151332053,104.16248939165067,43.297493634990396,0.0,3.0
131.4409193345737,0.0006881838669147405,0.005924506528619932,0.007129103201488442,0.003376367733829481,0.0,0.0,52.710067608186435,2.1,0.0,2.6816187445332322,131.4409193345737,52.62363226617052,184.0645516007442,6.494529064682077,0.0,126.24726453234103,97.1181613308526,104.17177106096096,76.0,-0.6881838669147404,3.0
134.50614186284025,0.0,0.0,0.0,0.0,0.0,0.0,75.40787205739633,0.25061418628402443,68.04913490272196,3.7024567451360975,10.493858137159755,131.51842558852073,142.01228372568048,1.0,0.0,136.01228372568048,135.01228372568048,137.01228372568048,0.0,0.0,3.0
134.68146493410126,0.0005604883113670899,0.00043951168863291015,0.0037580467545316404,0.0041209766227341795,0.0,0.0,40.701444168050585,2.124195324546836,0.0,1.8459490922582227,111.16537142503799,54.955605197696194,166.1209766227342,5.1209766227341795,0.5699688092250241,126.87902337726582,111.92341817956962,119.36292986820254,63.15316364086074,0.0,3.0
130.0,0.001105664684261744,0.00021132936852348783,0.011577341262953025,0.007500000000000001,0.0,0.0,62.21132936852349,2.0422658737046975,0.0,0.0,130.5925992648993,50.0,180.5925992648993,7.105664684261744,0.0,89.06103488156756,93.94335315738256,112.0,76.0,-0.10566468426174391,3.0
136.2816526293804,0.0,0.0,0.0,0.0,0.0,0.0,71.84495788814124,0.3,71.3591736853098,3.9640826314690205,11.922478944070619,134.2816526293804,146.20413157345104,1.0,0.0,138.9224789440706,139.20413157345104,140.56330525876083,0.6408263146902062,0.0,3.0
133.1358472699616,0.0012160381825095997,0.0004320763650191992,0.011919809087452002,0.007500000000000001,0.0,0.0,36.561336387835986,3.8999999999999995,0.0,0.0,152.3764200076056,50.0,202.3764200076056,6.2160381825096,0.5699688092250241,89.06103488156756,101.81508361976961,107.7283054600768,76.0,-0.2160381825095996,3.0
140.57629159408046,0.0,0.006815467503876125,0.0,0.0,0.0,0.0,72.53299523326311,0.3760824090204341,74.71752772938697,7.51958795489783,86.46700476673689,71.0,157.4670047667369,2.3804120451021706,0.0,144.23917590979565,143.23917590979565,145.23917590979565,1.0,1.0,3.0
126.39919563040739,0.0,0.008300402184796307,0.0013991956304073867,0.0,0.0,0.0,66.95060327719446,0.33497989076018464,74.30040218479631,3.6399195630407384,7.650201092398153,122.44859235321293,130.09879344561108,0.3497989076018466,0.0,127.09879344561108,126.74899453800923,128.09879344561108,0.0,0.0,3.0
130.0,0.0018479751468713519,0.0018479751468713519,0.009456074559385944,0.007500000000000001,0.0,0.0,62.84797514687135,2.284797514687135,0.0,0.0,161.0,50.0,206.0,5.608099412514592,0.0,89.06103488156756,88.15202485312865,113.0,76.0,-0.8479751468713519,3.0
147.87730074577865,0.0,0.01,0.0,0.0,0.0,0.0,74.61349627110668,0.2,78.184048881332,3.5570552610225326,13.754601491557327,139.06134962711067,152.81595111866798,0.06134962711066816,0.0,147.87730074577865,147.81595111866798,148.87730074577865,0.0,0.0,3.0
132.53466889752093,0.0007807615860684398,0.01,0.004315430483589361,0.005192384139315602,0.0,0.0,35.138675590083686,2.10961920696578,0.0,6.477635736906454,109.9038079303422,54.21923841393156,164.12304634427375,12.246092688547519,0.21923841393156018,130.31543048358935,111.34228475820532,126.9038079303422,76.0,1.0,3.0
137.2411974573841,0.0,0.0043215966098454385,0.00737940127130796,0.003839201695077281,0.0,0.0,62.91960084753864,1.9861796186076117,1.0803991524613596,1.9093014831926207,62.43720593277048,84.08039915246135,146.51760508523185,3.91960084753864,0.0,133.7588025426159,121.16079830492272,127.24119745738408,28.932216527003487,1.0,3.0
129.88367240898904,0.0,0.01,0.003,0.0029418362044945244,0.0,0.0,29.058163795505475,2.1941836204494525,0.0,7.8465310364043805,135.5346896359562,54.0,189.5346896359562,12.941836204494525,0.0,129.0,105.88367240898904,121.88367240898904,76.0,0.0,3.0
135.0,0.0,6.673787679302781e-05,5.133682830232942e-06,0.0,0.0,0.0,68.00513368283023,0.3,72.0308020969814,3.9,9.994866317169768,132.99486631716977,142.98973263433953,1.0,0.0,136.99486631716977,136.0,137.99486631716977,0.0,0.0,3.0
120.0,0.0,0.0,0.004,0.007500000000000001,0.0,0.0,59.0,1.6,0.0,10.817334168298911,83.0,69.0,152.0,4.0,0.5699688092250241,104.19107214605087,106.0,106.94221943900364,32.44451402490917,0.0,3.0
133.0,0.0,0.001,0.005304964771141447,0.0023900704577171066,0.0,0.0,60.0,2.8914894313424337,0.0,8.526950679598025,105.0,60.0,165.0,5.609929542282893,0.0,97.86524660200988,98.0,107.0,48.659577253697364,0.0,3.0
128.0,0.0,0.0010163210747365864,0.007983678925263414,0.0050163210747365865,0.0,0.0,65.98367892526342,2.8934715701053655,0.0,0.0,129.0,63.0,192.0,6.0,0.5699688092250241,103.01632107473658,84.16321074736587,110.08160537368293,20.13056859789269,-0.9836789252634136,3.0
127.0432795831363,0.0,0.0,0.0022824596873522235,0.0,0.0,0.0,86.0,0.3,77.32573927048853,3.163098114637518,15.043279583136297,114.9567204168637,130.0,0.23918010421592562,0.0,127.0432795831363,125.52163979156815,128.0432795831363,0.0,0.7608198957840744,3.0
131.15075820706645,0.0,0.0,0.0067155012626256075,0.0022802443181847657,0.0,0.0,60.568997474748784,2.986625946969206,0.0,0.0,105.85349621212318,60.42674810606159,166.28024431818477,6.568997474748785,0.14224936868719618,92.00425441918962,93.71550126262561,102.0,42.142249368687196,-0.14224936868719618,3.0
133.0,0.0,0.001,0.006,0.0028786150605775713,0.0,0.0,60.0,2.2728309636534574,0.0,5.327739336440558,105.0,60.0,165.0,5.0,0.0,102.30631384902615,103.51446024231028,108.36415481826728,52.12138493942243,0.0,3.0
134.0,0.004303275147567596,0.0013032751475675955,0.0013032751475675955,0.003,0.0,0.0,61.3032751475676,1.7090174557297213,0.0,0.0,116.48362426216202,67.51637573783798,184.0,5.393449704864809,0.0,89.06103488156756,112.30327514756759,110.69672485243241,76.0,-1.0,3.0
146.2020916220213,0.0,0.004212549732127761,0.0,0.0,0.0,0.0,80.29267932292548,0.2,68.11150392111712,3.8696862566968058,13.101045811010646,137.2020916220213,150.30313743303194,0.8989541889893533,0.0,146.2020916220213,144.4041832440426,146.30313743303194,0.8989541889893533,0.0,3.0
144.0,0.0,0.0013078386583058681,0.0013078386583058681,0.0,0.0,0.0,83.30783865830587,0.3,31.0,5.7692161341694135,38.0,132.0,170.0,2.0,0.0,144.0,143.69216134169415,145.0,0.0,-1.0,3.0
133.0,0.0,0.001,0.005937708201869937,0.002062291798130063,0.0,0.0,60.06229179813006,2.675083280747975,0.0,8.0006662459838,105.0,60.0,165.0,4.937708201869937,0.0,119.56062618317057,100.18687539439019,112.24916719252025,54.05896056821106,0.0,3.0
110.0,0.0025094221281497897,0.0024905778718502104,0.004037688512599159,0.007471733615550631,0.0,0.0,68.0,3.149057787185021,0.0,0.0,128.58479915334811,61.47173361555063,190.05653276889873,7.018844256299579,0.4905778718502103,91.0,80.78463193847622,94.5094221281498,40.52826638444937,-1.0,3.0
133.0,0.0,0.001,0.005003303146147023,0.0029933937077059537,0.0,0.0,60.0,2.800990943844107,0.0,8.104624404605833,105.0,60.0,165.0,5.006606292294046,0.0,99.97687797697084,98.0,107.0,45.03963775376428,0.0,3.0
133.0,0.0,0.0,0.01,0.003,0.0,0.0,60.81397026950602,2.8930148652469905,0.0,0.0,94.83749458160231,57.18602973049398,152.0235243120963,3.6279405390120374,0.0,125.0,95.18602973049398,104.48823784395185,76.0,0.1860297304939812,3.0
120.0,0.0,0.0,0.002154341685306967,0.007,0.0,0.0,64.0,1.176956112353798,0.0,3.2321567188595086,81.92390280884494,72.07609719115506,154.0,3.0,0.3847805617689891,89.06103488156756,98.23043887646202,96.69131662938607,43.07824449415191,-1.0,3.0
120.0,0.0,0.0,0.004387492758426777,0.007500000000000001,0.0,0.0,62.0,1.4387492758426776,0.0,8.983752172471968,84.38749275842677,69.0,153.3874927584268,5.306253620786611,0.5699688092250241,89.06103488156756,101.6937463792134,101.0,61.54997103370711,-0.6937463792133883,3.0
149.24779167258328,0.0,0.01,0.0018805208185418078,0.0,0.0,0.0,73.25662498225017,0.4376104163708362,12.734541708082938,8.765039576529231,22.641562455625422,139.37610416370836,162.0176666193338,0.3761041637083615,0.0,150.62389583629164,150.62389583629164,151.62389583629164,0.3761041637083615,0.24779167258327695,3.0
126.31070975261844,0.0,0.0004729585360883484,0.0,0.0004729585360883484,0.0,0.0,76.9459170721767,0.2,82.18278722458729,2.685153903085147,19.040295113501923,111.85153903085147,130.8918341443534,3.3647926804417416,0.0,126.78366828870679,125.78366828870679,127.78366828870679,0.47295853608834837,0.47295853608834837,3.0
123.40866707112298,0.0,0.0012782501516711146,0.005278250151671115,0.007500000000000001,0.0,0.0,63.852166767780744,2.2130416919451856,0.0,0.0,128.42608338389036,63.0,191.42608338389036,9.017416312767399,0.5699688092250241,109.9825836872326,94.70433353556149,110.26083383890372,31.313082777205913,-0.5739166161096285,3.0
123.0,0.0,0.0,0.0008692896232598005,0.0,0.0,0.0,72.6078688697794,0.3,71.7385792465196,5.0954316986078405,26.823606609338206,108.2614207534804,135.0850273628186,2.8692896232598004,0.0,123.0,124.0,125.0,1.0,0.13071037674019947,3.0
137.43302107620232,0.0,0.0018866042152404668,0.0086598126457214,0.007500000000000001,0.0,0.0,60.226791569519065,2.5206229506683266,0.0,0.4762622959900398,105.88660421524047,55.56697892379766,161.45358313903813,7.546416860961867,0.5699688092250241,118.24735363235487,100.0205620628358,116.88660421524047,76.0,0.0,3.0
129.0,0.0,0.001,0.006,0.006650646053536033,0.0,0.0,65.44978464882132,2.8,0.0,0.0,97.85150745825074,50.0,147.85150745825075,6.550215351178678,0.5699688092250241,105.0,85.55021535117868,111.10043070235736,12.100430702357356,0.0,3.0
110.0,0.0031946225118207653,0.002,0.005805377488179235,0.007194622511820765,0.0,0.0,67.80537748817923,3.138924502364153,0.0,0.0,132.4161324645377,60.583867535462296,193.0,7.4161324645377045,0.0,90.41613246453771,83.38924502364154,95.38924502364154,45.308582700953,-1.0,3.0
132.52896259649083,0.0006322406491227104,0.0007355187017545793,0.010793443894736262,0.007500000000000001,0.0,0.0,42.60709598245972,3.8999999999999995,0.0,0.0,154.0453528596502,50.0,204.0453528596502,6.367759350877289,0.5699688092250241,89.06103488156756,95.23170077192674,106.73551870175459,76.0,-0.3677593508772896,3.0
128.58587024747106,0.0,0.001414129752528927,0.007,0.0061717404949421465,0.0,0.0,65.0,2.8929351237355365,0.0,0.0,158.87938262102472,55.383686782876055,206.0,8.343480989884291,0.5699688092250241,104.17174049494214,86.72716777276034,112.82825950505786,19.797816535404976,-0.585870247471073,3.0
133.0,0.0,0.0,0.01165507579113375,0.0013449242088662515,0.0,0.0,60.17246210443312,2.9655075791133747,0.0,0.0,97.17246210443312,57.82753789556688,155.0,4.0,0.0,125.0,95.82753789556688,104.65507579113375,76.0,0.0,3.0
150.0,0.0,0.0034672287611228043,0.0,0.0,0.0,0.0,82.5327712388772,0.3733614380561402,37.7336143805614,5.2,13.065542477754391,145.86891504449122,158.9344575222456,0.0,0.0,151.4672287611228,152.9344575222456,153.9344575222456,0.733614380561402,0.0,3.0
148.0,0.0,0.00223069510635866,0.005,0.0,0.0,0.0,80.8465244682067,0.42306951063586606,4.76930489364134,8.815251191445588,21.22973148902124,141.53860978728267,162.76834127630391,0.2306951063586602,0.0,150.0,150.76930489364133,151.0,0.2306951063586602,-0.2306951063586602,3.0
127.92278114899948,0.0,1.1031264428647214e-05,0.007966906206714058,0.007500000000000001,0.0,0.0,63.03309379328594,3.8999999999999995,0.0,0.0,90.13237517314377,65.87865609128488,156.01103126442865,5.0,0.011031264428647214,89.06103488156756,80.78463193847622,117.69112459599788,76.0,-0.011031264428647214,3.0
134.0,0.0022484619945392845,0.0004161539981797615,0.006254614016382146,0.00650307601092143,0.0,0.0,40.56538993629165,3.8999999999999995,0.0,0.0,136.68307205824763,56.658463970876184,193.3415360291238,5.4161539981797615,0.5699688092250241,89.06103488156756,109.0807699908988,108.66461599271905,76.0,-0.4161539981797615,3.0
150.0,0.0,0.01,0.0,0.0,0.0,0.0,77.2574739712592,0.3518655848364676,27.145538881071147,6.600370790584627,16.518655848364677,139.4813441516353,156.0,0.0,0.0,150.5186558483647,150.5186558483647,151.5186558483647,0.0,0.5186558483646764,3.0
129.0,0.0,1.9192276823056687e-05,0.006,0.007500000000000001,0.0,0.0,65.0,2.6038384553646114,0.0,0.0,101.0,50.0,151.0,8.961615446353887,0.5699688092250241,105.0,90.94242316953083,112.98080772317694,13.0,0.0,3.0
135.0,0.0,0.004157011339920548,0.0005196264174900685,0.0,0.0,0.0,68.51962641749007,0.3,75.11775850494041,3.796074716501986,9.740186791254965,132.74018679125496,142.48037358250994,1.0,0.0,136.74018679125496,136.0,137.74018679125496,0.0,0.0,3.0
146.47942035375573,0.0,0.003,0.0,0.0,0.0,0.0,78.36318805434348,0.2239710176877865,67.47942035375573,4.187652212253438,14.198550884389325,136.76028982312212,150.95884070751146,1.47942035375573,0.0,146.95884070751146,144.95884070751146,146.95884070751146,0.760289823122135,0.239710176877865,3.0
133.0,0.0,0.0,0.0,0.0,0.0,0.0,73.27421941145799,0.2,82.18278722458729,3.2451561177084,7.862890294271001,131.0,138.862890294271,1.0,0.0,133.0,134.0,135.0,0.0,0.0,3.0
150.5353101314526,0.0,0.002929379737094817,0.0,0.0,0.0,0.0,81.46468986854741,0.4,33.182208816926675,5.84237215774311,21.63558236614665,138.36441763385335,160.0,1.0706202629051833,0.0,152.0,152.39406960564222,153.92937973709482,1.0,0.5353101314525917,3.0
150.21520187201725,0.0,0.0012152018720172375,0.0,0.0,0.0,0.0,83.35439438394829,0.32152018720172376,31.13919251193105,6.286080748806895,23.012826208241325,134.70878876789658,157.72161497613791,0.430403744034475,0.0,150.43040374403446,150.43040374403446,151.43040374403446,1.0,0.7847981279827625,3.0
134.97575845071222,0.0,0.01,0.0009878792253561067,0.0,0.0,0.0,69.04848309857557,0.3,78.0,3.896363767606832,8.987879225356107,131.9878792253561,140.97575845071222,1.0,0.0,135.97575845071222,135.97575845071222,136.97575845071222,0.0,0.0,3.0
130.1055825088055,0.0,0.00024120145759954148,0.0037587985424004586,0.005688410203196791,0.0,0.0,63.96480583039816,1.9482402915199082,0.0,0.0,103.51759708480091,60.31158979680321,163.82918688160413,4.758798542400458,0.24120145759954148,89.06103488156756,90.1055825088055,90.7939927120023,76.0,-1.0,3.0
128.0,0.0,0.0019758737549100537,0.007024126245089946,0.005,0.0,0.0,65.02412624508995,2.607237873526984,0.0,0.0,129.0,63.0,192.0,6.0,0.024126245089946208,103.0,91.80699003928044,113.90349501964022,27.80699003928043,-0.024126245089946208,3.0
123.0,0.0,0.0,0.0008015371118829896,0.0,0.0,0.0,72.40461133564897,0.3,71.60307422376597,5.041229689506392,26.213834006946907,108.39692577623403,134.61075978318092,2.8015371118829897,0.0,123.0,124.0,125.0,1.0,0.1984628881170104,3.0
148.0,0.0,0.01,0.0,0.0,0.0,0.0,73.83830657728413,0.20404233556789667,77.6361897988893,3.66063503351845,14.161693422715867,138.8787299329631,153.04042335567897,0.12127006703689958,0.0,148.08084671135794,148.0,149.04042335567897,0.0,0.0404233556789666,3.0
150.51214595607362,0.0,0.0015121459560736377,0.0,0.0,0.0,0.0,82.46356213177909,0.3512145956073638,30.46356213177909,6.302429191214728,25.121459560736376,132.92712426355817,158.04858382429455,1.024291912147275,0.0,151.02429191214728,150.51214595607362,152.02429191214728,1.0,1.0,3.0
128.0,0.0,0.0011097361986775035,0.007890263801322496,0.005109736198677503,0.0,0.0,65.89026380132249,2.8561055205289985,0.0,0.0,129.0,63.0,192.0,6.0,0.5699688092250241,103.10973619867751,85.09736198677504,110.54868099338752,20.87788958942003,-0.8902638013224965,3.0
129.0,0.0,0.001,0.006,0.006,0.0,0.0,66.0,3.064387846692108,0.0,0.0,95.09591897794739,50.0,145.09591897794738,8.0,0.0,105.0,83.35612153307892,108.45204051102631,10.452040511026308,0.0,3.0
131.63686799632012,0.0014543773345599609,0.0,0.011817509338239844,0.007500000000000001,0.0,0.0,60.09124533088008,2.4273735992640235,0.0,0.0,129.7281133272002,51.09124533088008,180.81935865808026,6.363132003679882,0.5699688092250241,123.18249066176016,98.27188667279981,112.27188667279981,76.0,0.0,3.0
130.0,0.00031128583452076815,0.002,0.007155642917260384,0.007155642917260384,0.0,0.0,65.68871416547923,2.4155642917260383,0.0,0.0,161.0,50.0,206.0,7.0,0.0,89.06103488156756,80.78463193847622,108.93385750356231,76.0,-1.0,3.0
110.0,0.0020980825807842447,0.0029019174192157554,0.0023923303231369784,0.007500000000000001,0.0,0.0,68.0,3.1901917419215757,0.0,0.0,124.8827432270582,62.70575225764727,187.58849548470548,6.196165161568489,0.5699688092250241,91.0,80.78463193847622,94.09808258078425,39.29424774235273,-1.0,3.0
126.85889364426134,0.0,0.0015117588629782219,0.003464723411065335,0.007500000000000001,0.0,0.0,61.0,2.1464723411065334,0.0,4.948824113702178,101.41768795915245,61.023517725956445,162.44120568510888,6.047035451912887,0.0,120.83537591830489,101.46472341106534,110.88241137021778,64.37065250723956,0.0,3.0
142.0503406528579,0.0,0.004800583976327811,0.0,0.0,0.0,0.0,76.54985400591805,0.2849951335306016,72.9002919881639,3.260019465877594,9.75024332346992,138.150048664694,147.9002919881639,0.8499513353060157,0.0,144.60019465877593,143.75024332346993,145.60019465877593,0.0,0.8499513353060157,3.0
147.35064814621987,0.0,0.01,0.0,0.0,0.0,0.0,73.57143519579066,0.267532407310994,69.70129629243976,3.8324675926890057,13.67532407310994,138.35064814621987,152.02597221932982,1.0,0.0,148.70129629243976,146.70129629243976,148.70129629243976,0.32467592689006,0.67532407310994,3.0
134.0,0.003,0.0,0.0,0.0,0.0,0.0,64.7373570773878,1.77373570773878,0.0,0.0,114.0,66.0,180.0,7.474714154775599,0.5699688092250241,89.06103488156756,100.2626429226122,101.2626429226122,76.0,-1.0,3.0
132.09592748252493,0.0,0.0,0.0,0.0,0.0,0.0,79.52398187063123,0.2,82.18278722458729,1.4904072517475067,4.4280543881062995,130.1438912237874,134.5719456118937,1.0,0.0,132.61990935315617,132.09592748252493,133.61990935315617,0.0,1.0,3.0
150.49644685941692,0.0,0.007141877417769617,0.0012482234297084612,0.0,0.0,0.0,64.38299456631192,0.36241117148542307,72.8723351445627,5.609923973077269,30.851016301064227,129.01421256233232,159.86522886339654,2.872335144562692,0.0,156.24111714854232,154.24111714854232,156.24111714854232,0.6241117148542307,1.0,3.0
128.60552372142996,0.0,0.0013944762785700353,0.007,0.006211047442859929,0.0,0.0,65.39447627857004,2.942209488571986,0.0,0.0,159.8817097929282,55.12819162141046,206.0,7.633142328579789,0.5699688092250241,105.0,85.3668576714202,112.0,16.761333949990245,-0.6055237214299647,3.0
133.540553231594,0.0016216596947820402,0.0,0.0018377870736239466,0.0018377870736239466,0.0,0.0,64.08110646318802,1.8459446768405987,0.0,0.0,109.40553231594014,64.16221292637606,173.5677452423162,6.62165969478204,0.5405532315940134,89.06103488156756,96.7838726211581,96.86497908434612,76.0,-1.0,3.0
138.0651488945335,0.0,0.006925082719185284,0.00535504963151117,0.0032899007369776587,0.0,0.0,63.07491728081472,2.24951158068594,1.5700330876741138,0.23550496315111705,58.579801473955314,83.4951158068594,142.0749172808147,3.8599338246517725,0.0,128.85016543837057,121.4951158068594,127.85016543837057,11.859933824651772,0.7850165438370569,3.0
137.46042344470118,0.0,0.0018920846889402343,0.008676254066820703,0.007500000000000001,0.0,0.0,60.21583062211953,2.524459282258164,0.0,0.45324430645101543,105.89208468894023,55.53957655529883,161.43166124423905,7.568338755760937,0.5699688092250241,118.18706842165741,99.97123779953789,116.89208468894023,76.0,0.0,3.0
128.0,0.0,0.002,0.007,0.005955334686503928,0.0,0.0,65.04466531349607,2.5089330626992146,0.0,0.0,129.0,63.0,192.0,5.910669373007856,0.0,104.04466531349607,93.77667343251964,114.86600405951178,27.6873428055275,0.0,3.0
134.06548306872352,0.0,0.00042619322748940975,0.009786903386255295,0.004704772909957638,0.0,0.0,59.36071015876588,2.914761354502118,0.0,0.14916762962129337,104.4261932274894,57.36071015876588,161.7869033862553,5.213096613744705,0.2130966137447049,127.13096613744705,97.55715936493645,107.0488356611494,76.0,0.2130966137447049,3.0
125.4767448340159,0.0,0.0013691862085039746,0.006053779312755962,0.006946220687244038,0.0,0.0,64.36918620850398,2.3422965521259935,0.0,0.0,128.68459310425197,63.0,191.68459310425197,7.892441374488076,0.5699688092250241,104.94622068724404,93.68459310425199,112.16133793826789,30.523255165984104,-0.31540689574801273,3.0
133.0,0.001,0.0,0.009688134706086543,0.003688134706086542,0.0,0.0,61.0,2.6688134706086544,0.0,0.0,132.0,52.0,184.0,5.623730587826916,0.0,125.0,96.0,107.50507764869234,76.0,0.0,3.0
126.7487625113353,0.0,0.0,0.005374381255667649,0.005500824992443136,0.0,0.0,44.440903093827934,1.5249587503778432,0.0,0.0,86.93677813161226,63.93842811649853,150.87520624811077,4.312809372166176,0.0,102.50082499244314,102.24958750377843,101.56239687594461,29.936778131612257,0.0,3.0
124.29203559841446,0.0,0.0007640118661381536,0.003,0.0020373649763684096,0.0,0.0,81.16125818112502,0.6565388708644716,4.471976267723693,7.900491406311858,68.0,66.07472995273682,134.07472995273682,2.5280237322763073,0.0,121.74532937795395,120.47197626772369,122.23598813386185,4.565388708644717,0.7453293779539488,3.0
120.0,0.0,0.0,0.004159128420574077,0.007500000000000001,0.0,0.0,59.79564210287039,1.5204357897129614,0.0,10.622614738277768,83.31825684114816,69.0,152.31825684114816,3.6817431588518454,0.5699688092250241,90.20435789712961,104.72697263540738,104.24958737368515,54.09045895311107,-0.1591284205740774,3.0
130.0,0.002,0.002,0.008961573651037674,0.007500000000000001,0.0,0.0,63.038426348962325,2.3038426348962324,0.0,0.0,161.0,50.0,206.0,5.115279046886975,0.0,89.06103488156756,87.88472095311303,112.96157365103768,76.0,-1.0,3.0
137.50880996067713,0.0,0.0019017619921354236,0.008607047968541694,0.007500000000000001,0.0,0.0,60.09823800786457,2.570528597640627,0.0,0.4911900393228823,105.90176199213542,55.49119003932288,161.3929520314583,7.6070479685416945,0.5699688092250241,118.08061808651034,99.39295203145831,116.90176199213542,76.0,0.0,3.0
110.0,0.003461477464624734,0.0010770450707505317,0.007922954929249468,0.007,0.0,0.0,68.0,3.0,0.0,0.0,133.0,60.0,193.0,6.461477464624734,0.0,91.0,85.3844323938742,94.46147746462474,43.154090141501065,-1.0,3.0
123.72559704638344,0.0,0.0032651867087254757,0.0,0.0,0.0,0.0,69.91160443042484,0.3,76.27440295361656,3.882320886084968,15.009216244891086,113.6279852319172,128.6372014768083,0.6372014768082804,0.0,123.72559704638344,123.72559704638344,124.72559704638344,0.0,0.6372014768082804,3.0
147.31870784441156,0.0,0.01,0.0,0.0,0.0,0.0,76.38452254455952,0.2,74.25289314426361,3.7021938233382654,13.659353922205783,138.31870784441156,151.97806176661734,0.3406460777942173,0.0,147.31870784441156,146.63741568882313,147.97806176661734,0.3406460777942173,0.0,3.0
123.20976451858692,0.0,0.0009439403336411727,0.0,0.0,0.0,0.0,73.37070644423922,0.3,82.18278722458729,2.873417581505424,8.895117740706537,120.0,128.89511774070652,1.7902354814130728,0.0,123.20976451858692,124.10488225929346,125.10488225929346,0.0,0.0,3.0
126.18334841083603,0.0,0.01,0.004453321271331171,0.002,0.0,0.0,28.54667872866883,2.8993266992321436,0.0,12.52396743259416,134.53994572099026,52.54667872866883,187.0866244496591,10.54667872866883,0.3633303178327927,127.91000904650163,104.36333031783279,117.45668777517045,76.0,0.0,3.0
110.0,0.003,0.002,0.006386066415239938,0.006386066415239938,0.0,0.0,68.0,3.061393358476006,0.0,0.0,133.0,60.0,193.0,7.227867169520124,0.0,91.0,82.77213283047988,94.61393358476006,43.158199245719814,-1.0,3.0
127.53343571607518,0.0,6.665204056068996e-05,0.007666739797196551,0.007500000000000001,0.0,0.0,63.26660816224276,3.8999999999999995,0.0,0.0,90.79982448672828,65.26682755383241,156.06665204056068,4.93334795943931,0.06665204056068996,89.06103488156756,80.78463193847622,115.93378674261861,76.0,-0.06665204056068996,3.0
130.88955186832877,0.00048159197805479597,0.01,0.006371143846383572,0.005889551868328775,0.0,0.0,30.14726417556163,3.8999999999999995,0.0,2.0736320877808163,147.407959890274,52.073632087780815,199.4815919780548,8.110448131671225,0.5699688092250241,89.06103488156756,102.85273582443837,104.40795989027399,76.0,-0.5184080219452041,3.0
124.60067600326816,0.0,0.0,0.0,0.0,0.0,0.0,85.09898599509775,0.41501690008170417,11.897633988561417,5.100338001634083,22.798647993463668,120.79864799346366,143.59729598692732,0.8498309991829583,0.0,126.0,125.69966199836591,126.69966199836591,0.15016900081704165,-0.6996619983659167,3.0
132.94973507488595,0.0012625662312785145,0.0005251324625570289,0.011687168843607428,0.007500000000000001,0.0,0.0,38.189818094748006,3.8999999999999995,0.0,0.0,152.88822854406365,50.0,202.88822854406365,6.525132462557028,0.5699688092250241,89.06103488156756,101.22354291187268,107.57539738767109,76.0,-0.2625662312785144,3.0
133.0,0.0,0.00048777807918732555,0.006024443841625349,0.001975556158374651,0.0,0.0,60.0,3.0048887683250696,0.0,3.9510024414173364,105.0,60.0,165.0,5.512221920812674,0.0,96.41444655431128,95.9511123167493,104.43889039593662,43.46333423756197,0.0,3.0
133.0,0.001,0.0,0.008319772220791647,0.0036802277792083535,0.0,0.0,61.68022777920835,2.3279088883166588,0.0,0.0,132.68022777920837,52.0,184.68022777920837,5.639544441583293,0.0,125.0,98.7209111168334,106.08136667525012,76.0,0.0,3.0
110.0,0.003,0.002,0.006,0.006958327099397616,0.0,0.0,68.0,3.1,0.0,0.0,133.0,60.0,193.0,8.0,0.0,91.0,82.95832709939762,95.0,42.0,-1.0,3.0
110.0,0.0029152079839541967,0.0020847920160458034,0.005660831935816788,0.007169584032091607,0.0,0.0,68.0,3.1084792016045806,0.0,0.0,132.23687185558776,60.25437604813741,192.49124790372517,7.830415967908394,0.08479201604580322,91.0,82.57603991977098,94.91520798395419,41.74562395186259,-1.0,3.0
134.0,0.0027163233880626823,0.0005673532238746355,0.0,0.0005673532238746355,0.0,0.0,63.71632338806268,1.6432646776125364,0.0,0.0,110.02852743287755,67.41838305968659,177.44691049256414,5.432646776125365,0.5699688092250241,89.06103488156756,102.13470644774927,102.85102983581196,76.0,-1.0,3.0
133.36042167999338,0.0,0.00014416867199734673,0.009927915664001327,0.003792927695985407,0.0,0.0,60.927915664001326,2.7855831328002654,0.0,0.0,98.57667468798938,56.85583132800265,155.43250601599203,4.2883373439946935,0.14416867199734673,124.42332531201062,95.2883373439947,104.00918070398143,76.0,0.0,3.0
128.42754036659156,0.0002850269110610344,0.01,0.0028574865444694827,0.003,0.0,0.0,35.99518837742724,2.450120290564319,0.0,3.7149730889389656,143.076068350338,54.8550807331831,197.93114908352112,10.572459633408448,0.5699688092250241,89.06103488156756,99.49879709435682,102.3562836388263,76.0,-1.0,3.0
128.95156609906044,0.0,0.007024216950469775,0.00395156609906045,0.0,0.0,0.0,65.03632542570466,0.39878915247651125,73.02421695046978,3.895156609906045,7.0121084752348875,126.91524067335578,133.92734914859068,0.9878915247651125,0.0,130.92734914859068,129.93945762382558,131.92734914859068,0.0,0.0,3.0
148.0,0.0,0.005304490211903639,0.0019130027965989602,0.0,0.0,0.0,72.13049580510156,0.29565013982994803,74.4349860170052,4.5260523771091155,15.60851258469532,136.39148741530468,152.0,0.04349860170051989,0.0,149.91300279659896,148.0,149.95650139829948,0.0,0.9565013982994801,3.0
148.0,0.0,0.01,0.0005249832810819862,0.0,0.0,0.0,73.47501671891801,0.2262491640540993,76.95003343783603,3.862491640540993,14.524983281081987,138.212525078377,152.737508359459,0.0,0.0,148.52498328108197,148.0,149.262491640541,0.0,0.26249164054099305,3.0
120.0,0.0,0.0,0.005,0.007059754225506192,0.0,0.0,62.0,1.5,0.0,9.123374295748969,85.0,69.0,154.0,4.353251408502064,0.5699688092250241,89.06103488156756,101.35325140850206,99.0597542255062,64.0,-1.0,3.0
133.29653558128766,0.0,0.0,0.0,0.0,0.0,0.0,76.77921348772593,0.2,82.18278722458729,2.4255430699397516,5.813857674849379,131.5930711625753,137.4069288374247,1.0,0.0,133.5930711625753,134.0,135.29653558128766,0.0,0.2965355812876552,3.0
149.04910968923755,0.0,0.002,0.003251483851270752,0.0,0.0,0.0,81.65029677025414,0.4,13.04317428415454,7.770534186457471,23.595251675933593,137.8035612430498,161.3988129189834,0.6994064594916991,0.0,150.6994064594917,151.34970322974584,151.6994064594917,0.34970322974584955,0.0,3.0
130.0,0.001,0.00022534646881881815,0.012,0.007500000000000001,0.0,0.0,62.0,2.045069293763764,0.0,0.0,134.66177993983982,50.0,184.66177993983982,7.450692937637636,0.0,89.06103488156756,93.64792118708709,112.22534646881881,76.0,0.0,3.0
132.66137061107042,0.0,0.0,0.007338629388929586,0.0013386293889295856,0.0,0.0,49.84111833211243,2.6920559166056215,0.0,0.0,99.92055916605622,60.0,159.92055916605622,4.984111833211243,0.0,95.03177633357751,97.38629388929586,102.0,38.95233549963373,0.0,3.0
150.18519556786748,0.0,0.01,0.0,0.0,0.0,0.0,72.85195567867468,0.4,20.037151246542148,7.622206648198798,19.407542382277082,137.33323988919278,156.74078227146987,0.3703911357349359,0.0,151.18519556786748,151.0,152.18519556786748,0.18519556786746794,1.0,3.0
133.0,0.001,0.0,0.009174109335334083,0.0031741093353340843,0.0,0.0,61.0,2.6174109335334084,0.0,0.0,132.0,52.0,184.0,6.651781329331831,0.0,125.0,96.0,103.39287468267267,76.0,0.0,3.0
131.6887695479938,0.0009016043502866028,0.01,0.003590373898280384,0.003983956497133973,0.0,0.0,31.755078191975123,2.049197824856699,0.0,7.371872192120859,110.50802175143302,54.098395649713396,164.60641740114642,13.212834802292821,0.09839564971339732,129.59037389828038,111.70481305085981,127.50802175143302,76.0,1.0,3.0
127.62211903790937,0.0,0.0,0.0,0.0,0.0,0.0,76.96181631820802,0.2339697280298662,82.18278722458729,2.107636736358394,7.019091840895985,124.62211903790937,131.64121087880534,1.3396972802986618,0.0,127.62211903790937,127.96181631820802,128.96181631820804,0.0,0.6603027197013381,3.0
131.64372662221737,0.0,0.0022931179866652078,0.0,0.0,0.0,0.0,82.17813668889131,0.24712546755565282,43.8105338266477,4.876437266222174,17.885018702226112,127.35060863555215,145.23562733777825,1.764372662221736,0.0,132.87935395999563,132.87935395999563,133.87935395999563,0.7643726622217359,-0.23562733777826406,3.0
150.0,0.0,0.001265046428325004,0.0,0.0,0.0,0.0,84.0,0.3,33.32523214162502,5.934953571674996,18.939814286699985,137.06018571330003,156.0,0.0,0.0,150.0,150.0,151.0,0.734953571674996,0.734953571674996,3.0
129.8533852727836,0.0,0.0009790550389690872,0.0,0.0009790550389690872,0.0,0.0,77.83244031175269,0.2020944961030913,82.18278722458729,2.0502679064741907,27.811495350721785,105.10472480515456,132.91622015587635,5.916220155876349,0.0,130.8324403117527,129.87433023381453,131.8533852727836,1.0,1.0,3.0
133.08217166747642,0.00016434333495285469,0.0010821716674764273,0.005506969995141436,0.0010821716674764273,0.0,0.0,60.246515002429284,2.9685253320377165,0.0,8.71936915897394,104.58914166261786,60.9038883422407,165.49303000485855,6.753484997570718,0.08217166747642735,92.67131333009429,98.575201672335,106.83565666504714,58.23257501214641,-0.08217166747642735,3.0
133.0,0.0,0.0,0.01,0.0020321399651549695,0.0,0.0,60.03213996515497,2.993572006969006,0.0,0.0,105.0,59.903580104535095,164.90358010453508,5.032139965154969,0.0,125.0,96.96786003484503,104.93572006969006,76.0,0.0,3.0
128.70455522252257,0.0,0.0012954447774774203,0.007,0.006704555222522579,0.0,0.0,65.0,2.922733133513548,0.0,0.0,164.93231634865157,53.840782107206465,206.0,8.81822089009032,0.5699688092250241,104.70455522252259,86.24989255225162,112.88633433243226,18.136226884683886,-0.7045552225225797,3.0
152.0,0.0,0.0,0.0027692231478381336,0.0,0.0,0.0,61.0,0.4,71.6923305564856,6.007699166945679,32.53854537378053,131.46145462621948,164.0,4.0,0.0,160.0,158.0,160.0,1.0,1.0,3.0
128.49596282625117,0.0,0.0003753364311457363,0.004375336431145736,0.00700269144916589,0.0,0.0,64.1260092934372,1.9750672862291472,0.0,0.0,103.24932713770853,59.372644981979846,162.62197211968837,5.0,0.3753364311457362,89.06103488156756,89.24663568854264,91.24932713770853,76.0,-1.0,3.0
133.0,0.001,0.0,0.009,0.0036180603603471044,0.0,0.0,60.3819396396529,2.723612072069421,0.0,0.0,128.9096981982645,55.09030180173552,184.0,7.618060360347104,0.0,125.0,97.2361207206942,103.2361207206942,76.0,0.0,3.0
132.79431273780443,0.0,0.01,0.00441137452439111,0.0015886254756088897,0.0,0.0,20.87962167073777,2.412037832926223,0.0,17.555315838805065,103.70900380487112,65.56018916463111,169.26919296950223,3.382938213413335,0.2056872621955551,111.70900380487112,119.17725095121779,121.82274904878221,52.936494292693325,0.2056872621955551,3.0
144.0,0.0,0.0018786135818405936,0.0018786135818405936,0.0,0.0,0.0,83.8786135818406,0.3,33.63584074552178,5.536415925447822,38.0,132.0,170.0,2.0,0.0,144.0,143.1213864181594,145.0,0.0,-1.0,3.0
146.3099221917668,0.0,0.0012300259360777334,0.0016150129680388668,0.0,0.0,0.0,82.8450389041166,0.33849870319611336,25.610181552544134,6.238981844745586,40.3099221917668,131.23002593607774,171.53994812784453,2.0,0.0,147.07989625568908,145.69490922372793,147.3099221917668,0.3849870319611334,-0.6150129680388666,3.0
128.0,0.0,0.001774633780637788,0.007225366219362212,0.005,0.0,0.0,65.22536621936221,2.6676098658086635,0.0,0.0,129.0,63.0,192.0,6.0,0.22536621936221202,103.0,90.19707024510231,113.09853512255116,26.197070245102303,-0.22536621936221202,3.0
120.0,0.0,0.0,0.0013560957464588694,0.007500000000000001,0.0,0.0,63.64390425354113,1.1712191492917738,0.0,0.0,81.0682872393766,72.21952126770566,153.28780850708227,4.068287239376608,0.0,93.47801067563626,99.35609574645886,99.71219149291774,35.01465954957583,-0.6439042535411307,3.0
146.93939573350167,0.0,0.003939395733501683,0.0009393957335016834,0.0,0.0,0.0,76.77271919924243,0.24696978667508418,70.28788506725589,4.228788506725589,14.409093600252525,136.53030213324917,150.93939573350167,0.5303021332491583,0.0,147.87879146700337,145.87879146700337,147.87879146700337,0.5303021332491583,0.4696978667508417,3.0
131.49658531882037,0.0,0.0,0.005916097553136728,0.0005453659046112714,0.0,0.0,33.13268303265418,1.312585367029491,0.0,13.495121941420908,90.6643902125469,60.377561010884726,151.04195122343162,1.1258536702949087,0.5699688092250241,98.6643902125469,115.58048776568364,124.20292675479891,71.32878042509383,0.9580487765683637,3.0
140.0315112224056,0.0,0.01,0.0,0.0,0.0,0.0,77.0,0.20315112224056164,81.68488777594384,3.6842443887971923,8.031511222405616,136.06302244481122,144.09453366721684,1.0,0.0,141.09453366721684,140.09453366721684,142.09453366721684,0.0,0.03151122240561621,3.0
130.39614257496373,0.0,0.01,0.003,0.003,0.0,0.0,34.0,2.2402571616690854,0.0,3.7597428383309146,131.42185874187223,54.0,185.42185874187223,10.201285808345425,0.5699688092250241,89.06103488156756,98.79871419165457,98.77942706647319,76.0,-1.0,3.0
133.0,0.0,0.001,0.006,0.0027071779632990354,0.0,0.0,60.0,2.375693222020579,0.0,5.790619499092605,105.0,60.0,165.0,5.0,0.0,105.56361869731833,102.82871185319614,108.87846611010289,52.29282203670096,0.0,3.0
133.0,0.0,0.0,0.0119599406587177,0.0010400593412822987,0.0,0.0,60.02002967064115,2.9959940658717703,0.0,0.0,97.16023736512919,57.97997032935885,155.14020769448805,4.040059341282299,0.0,125.0,96.0,104.9599406587177,76.0,0.0,3.0
133.0,0.0,0.0006018815896363222,0.006398118410363678,0.001,0.0,0.0,60.0,3.139811841036368,0.0,5.71787510154506,105.0,60.0,165.0,6.6018815896363225,0.0,93.0,96.40752635854528,105.0094079481816,51.02822384454483,0.0,3.0
129.0,0.0,0.001,0.006,0.007500000000000001,0.0,0.0,65.0,2.8,0.0,0.0,101.0,50.0,151.0,7.0,0.5699688092250241,105.0,86.8351546835855,112.0,13.0,0.0,3.0
136.23651225600673,0.0002519268205704679,0.01,0.007488439076577192,0.007500000000000001,0.0,0.0,49.9460490240269,2.374036589714766,0.0,2.5642584722214625,107.25963410285235,54.74807317942953,162.00770728228187,8.015414564563743,0.5699688092250241,133.48843907657718,109.75578046171141,124.25963410285235,76.0,1.0,3.0
148.0,0.0,0.01,0.0,0.0,0.0,0.0,73.24707915236056,0.21882302119098623,76.68238851663097,3.6376460423819728,14.0,139.0,153.0,0.18823021190986244,0.0,148.37646042381974,148.0,149.18823021190985,0.0,0.18823021190986244,3.0
128.3435213926685,0.0,0.0023129572146630053,0.006656478607331503,0.005656478607331502,0.0,0.0,65.687042785337,2.7748171141347977,0.0,0.0,129.0,63.0,192.0,5.6870427853369945,0.0,110.90830746598353,91.16013632463554,112.90830746598353,21.221264680646527,-0.34352139266849735,3.0
133.0,0.0,0.0,0.0102561914927324,0.0027438085072676,0.0,0.0,60.8719042536338,2.8256191492732396,0.0,0.0,97.8719042536338,57.1280957463662,155.0,4.0,0.0,125.0,95.1280957463662,103.2561914927324,76.0,0.0,3.0
133.38267505994497,0.0,0.01,0.0020296050359669905,0.0006765350119889968,0.0,0.0,73.91118489209903,1.0103617625884467,0.6765350119889968,4.9983007074390615,51.36787254196149,92.27905743406052,143.646929976022,3.0,0.0,115.78015263787347,123.0,124.70614004795598,29.528509832154043,1.0,3.0
128.0,0.0,0.0029280836403260497,0.007,0.00592808364032605,0.0,0.0,65.0,2.507191635967395,0.0,0.0,129.0,63.0,192.0,5.07191635967395,0.0,113.20892004358655,96.64041820163025,115.8561672806521,25.21574907902185,0.0,3.0
129.30461265787378,0.0,0.0,0.005550768776312296,0.002920002953970075,0.0,0.0,38.064621519784005,1.3673846835531556,0.0,13.03846097039037,89.20307510524918,62.02154050659467,151.22461561184386,1.6738468355315557,0.5699688092250241,97.20307510524918,113.75384388156148,120.73230337496682,68.40615021049837,0.7753843881561481,3.0
110.0,0.003,0.002,0.006372167023837513,0.007,0.0,0.0,68.0,3.0627832976162486,0.0,0.0,133.0,60.0,193.0,7.255665952324973,0.0,91.0,83.37216702383752,94.62783297616248,43.11650107151254,-1.0,3.0
129.7037693511674,0.000567923117055804,0.01,0.003,0.002567923117055804,0.0,0.0,29.432076882944195,2.0432076882944195,0.0,8.316038441472097,118.34530701005133,54.0,172.34530701005133,13.135846234111607,0.0,129.0,108.54338493644643,124.54338493644643,76.0,0.567923117055804,3.0
149.31821496908336,0.0,0.002,0.002802975051527739,0.0,0.0,0.0,81.56059501030555,0.4,15.545719752666852,7.521190020611096,23.272859876333428,136.72714012366657,160.0,0.8788099793889044,0.0,150.8788099793889,151.0,151.8788099793889,0.4394049896944522,0.4394049896944522,3.0
140.0,0.0,0.01,0.0,0.0,0.0,0.0,77.61293958249452,0.2,82.18278722458729,3.5161181252516425,8.0,136.0,144.0,1.0,0.0,141.0,140.0,141.38706041750547,0.0,0.0,3.0
131.17077248676588,0.0,0.002829227513234123,0.0033415449735317545,0.007500000000000001,0.0,0.0,66.82922751323412,1.6886151675489414,0.0,0.21631181657011123,68.11384832451058,78.28462081127647,146.39846913578705,6.886151675489415,0.0,121.91078659608468,116.17077248676588,120.22769664902117,16.992345678935237,0.0569241622552924,3.0
132.40692711832506,0.0,0.01,0.0014441562709950298,0.00048138542366500995,0.0,0.0,75.66753118701492,0.8054546948482604,0.4813854236650099,5.691081745989215,50.68484898282753,93.35238016984245,144.03722915267,3.0,0.0,113.53593237214761,123.0,123.92554169466004,32.26060406868986,1.0,3.0
120.0,0.0,0.0,0.005,0.007500000000000001,0.0,0.0,60.24300275260184,1.5878498623699082,0.0,9.036450412890275,85.0,69.0,154.0,4.0,0.5699688092250241,89.06103488156756,104.51399449479632,104.14949036589357,73.6634848606899,-0.12150137630091806,3.0
133.0,0.0,0.0,0.010394940979719875,0.0026050590202801255,0.0,0.0,60.0,3.0,0.0,0.0,102.61770657098045,58.0,160.61770657098043,4.8025295101400625,0.0,125.0,95.19747048985994,103.39494097971988,76.0,0.0,3.0
150.0,0.0,0.01,0.0,0.0,0.0,0.0,79.0,0.2,82.18278722458729,2.8,5.0,147.0,152.0,1.0,0.0,150.0,149.0,151.0,0.0,0.0,3.0
120.0,0.0,0.0,0.003708378374689588,0.006,0.0,0.0,62.70837837468959,1.2291621625310412,0.0,8.939554056451769,83.70837837468959,69.0,152.7083783746896,4.583243250620824,0.5699688092250241,89.06103488156756,99.93743243796561,98.87486487593124,51.749729751862475,-0.354189187344794,3.0
124.42818642152167,0.0,0.006426838896847559,0.0,0.0,0.0,0.0,70.28725431391328,0.27140932107608395,77.85906789239161,3.442818642152168,8.85772036771748,119.42818642152167,128.28590678923916,0.28590678923916013,0.0,124.42818642152167,124.14227963228252,125.42818642152167,0.0,0.0,3.0
149.26378775587446,0.0,0.01,0.0,0.0,0.0,0.0,79.92026530515692,0.2,82.18278722458729,2.818405306103138,5.920265305156914,145.7116285727803,151.63189387793724,1.0,0.0,149.26378775587446,148.26378775587446,150.26378775587446,0.0,0.0,3.0
133.0,0.0,0.0,0.01,0.003,0.0,0.0,60.138630003636564,2.972273999272687,0.0,0.0,103.16821997818062,57.861369996363436,161.02958997454405,4.861369996363436,0.0,125.0,95.0,103.0,76.0,0.0,3.0
136.3813709517875,0.0,0.0016883422744069423,0.0,0.0,0.0,0.0,64.60925624226527,0.46930286773805563,71.92091396785833,7.053485661309722,94.39074375773473,71.0,165.39074375773473,2.846514338690278,0.0,143.30697132261943,142.30697132261943,144.30697132261943,1.0,1.0,3.0
133.1621469327209,0.0,0.0012971754617671291,0.00016214693272089114,0.0,0.0,0.0,72.75677960091866,0.3,78.48644079816268,3.5918926533639555,8.081073466360445,131.08107346636044,139.1621469327209,1.0,0.0,134.1621469327209,134.1621469327209,135.1621469327209,0.0,0.0,3.0
152.0,0.0,0.0,0.0022522410201733616,0.0,0.0,0.0,61.0,0.4,73.24327693947991,6.472983081843974,38.22534877809302,125.77465122190698,164.0,4.0,0.0,160.0,158.0,160.0,1.0,1.0,3.0
137.7953773587165,0.0,0.01,0.00453025157247767,0.0015100838574925565,0.0,0.0,66.40924528256699,1.8855880503671845,1.5100838574925566,2.088193920152168,54.28529350122395,87.69453878379093,141.97983228501488,3.0,0.0,125.3659643611644,123.48991614250744,129.51008385749256,19.328574422626538,1.0,3.0
133.0,0.001,0.0,0.009460539497274139,0.004,0.0,0.0,62.07892100545172,2.376323698364484,0.0,0.0,132.53946050272586,52.0,184.53946050272586,4.46053949727414,0.0,125.0,94.92107899454828,102.98701346456382,76.0,-0.53946050272586,3.0
134.0,0.0031580014471099386,0.00015800144710993844,0.00015800144710993844,0.0004740043413298152,0.0,0.0,63.68399710578012,1.7158001447109938,0.0,0.0,114.63200578843976,66.0,180.63200578843976,5.841998552890061,0.5699688092250241,89.06103488156756,101.7900072355497,102.7900072355497,76.0,-1.0,3.0
128.7284906771616,0.0,0.001,0.006543018645676774,0.005,0.0,0.0,66.72849067716162,3.191396270864645,0.0,0.0,129.0,63.0,192.0,6.728490677161613,0.2715093228383868,104.45698135432323,81.08603729135355,107.81452796851516,15.629055937030321,-1.0,3.0
148.0,0.0,0.01,0.0,0.0,0.0,0.0,72.65868467899836,0.22235525535002754,77.32934233949918,3.8011972981502478,16.459078088503027,136.54092191149698,153.0,0.6706576605008259,0.0,148.44710510700054,148.22355255350027,149.44710510700054,0.0,0.22355255350027536,3.0
120.0,0.0,0.0,0.005,0.007031514486956785,0.0,0.0,62.0,1.5,0.0,9.128080918840537,85.0,69.0,154.0,4.343838162318929,0.5699688092250241,89.06103488156756,101.34383816231893,99.03151448695678,64.0,-1.0,3.0
132.4677136915909,0.0011774287694697068,0.0,0.00953228630840912,0.004774287694697068,0.0,0.0,61.0,2.493542738318176,0.0,0.0,131.11285615265146,51.64514246106059,182.75799861371206,6.645142461060586,0.0,124.29028492212117,96.35485753893941,104.30657400310619,76.0,0.0,3.0
127.27016151338162,0.0,0.01,0.0,0.0,0.0,0.0,82.72983848661838,0.34549730811030616,6.369623135442863,2.183870789294696,26.725134594484693,113.82459621654593,140.54973081103063,1.0,0.0,116.18951545985512,122.72983848661838,123.18481156772143,12.53561913462958,-1.0,3.0
110.0,0.003984669739524508,0.002,0.005015330260475492,0.007500000000000001,0.0,0.0,67.0153302604755,3.2969339479049014,0.0,0.0,130.04599078142647,62.954009218573525,193.0,5.045990781426475,0.0,89.06103488156756,84.96933947904901,96.96933947904901,58.73938557191664,-1.0,3.0
149.62432839898273,0.0,0.00012522386700576215,0.001062611933502881,0.0,0.0,0.0,81.18783580050864,0.3937388066497119,17.876567069040334,7.012343293095967,43.62432839898271,130.12522386700576,173.74955226598848,2.0,0.0,151.49910453197694,149.56171646547983,150.62432839898273,0.9373880664971189,-0.06261193350288108,3.0
135.0,0.0,0.0,0.0,0.0,0.0,0.0,62.0,0.5,71.0,6.9,97.0,71.0,168.0,3.0,0.0,143.0,142.0,144.0,1.0,1.0,3.0
133.0,0.0,0.0,0.011670370368541126,0.0013296296314588743,0.0,0.0,60.0,3.0,0.0,0.0,98.15370371010606,58.0,156.15370371010607,4.164814815729438,0.0,125.0,95.83518518427056,104.67037036854113,76.0,0.0,3.0
127.34135613272719,0.0,0.0,0.0026048136796363143,0.0,0.0,0.0,84.68271226545438,0.2868271226545438,79.79037264072737,2.9526915093818245,15.34135613272719,114.52691509381825,129.86827122654543,0.1317287734545619,0.0,127.34135613272719,125.47308490618175,128.34135613272719,0.0,0.8682712265454381,3.0
133.0,0.0,0.0,0.01,0.003,0.0,0.0,60.7259799099853,2.937010045007352,0.0,0.0,93.34165846975003,57.2740200900147,150.61567855976472,3.451959819970591,0.0,125.0,95.2740200900147,105.19216072011764,76.0,0.2740200900147045,3.0
150.0,0.0,0.01,0.0,0.0,0.0,0.0,79.0,0.2,82.18278722458729,2.8,5.0,147.0,152.0,1.0,0.0,150.0,149.0,151.0,0.0,0.0,3.0
133.0,0.0,0.0,0.01,0.003,0.0,0.0,60.78648863368933,2.8427022732621343,0.0,0.0,104.78648863368933,57.21351136631067,162.0,5.786488633689328,0.0,125.0,95.78648863368933,103.0,76.0,0.0,3.0
131.5175580788555,0.001494147307048171,0.0,0.010482441921144513,0.007500000000000001,0.0,0.0,60.49414730704817,2.404682154361463,0.0,0.0,127.0,53.5409688506628,180.5409688506628,6.517558078855487,0.0,123.02341077180732,98.0,109.43562037752989,76.0,0.0,3.0
133.3185939439776,0.0,0.0025487515518207993,0.0003185939439775999,0.0,0.0,0.0,72.5221090840336,0.21592969719888,82.18278722458729,3.33185939439776,8.1592969719888,131.1592969719888,139.3185939439776,1.0,0.0,133.4778909159664,134.3185939439776,135.3185939439776,0.0,0.0,3.0
128.26719845523374,0.0,0.0017328015447662507,0.00673280154476625,0.005,0.0,0.0,65.53439691046749,2.7870389186636246,0.0,0.0,129.0,63.0,192.0,6.26719845523375,0.0,103.53439691046749,88.793618537195,112.12961081336375,24.25922162672751,-0.2671984552337494,3.0
148.0,0.0,0.008204339561557063,0.0010844744109836965,0.0,0.0,0.0,73.37328838352445,0.25422372054918485,78.57762794508152,3.821803249336142,11.880134849426636,140.11986515057336,152.0,0.4577627945081517,0.0,149.0844744109837,148.0,149.54223720549186,0.0,0.5422372054918483,3.0
135.0,0.0,0.009445563047340367,0.0011806953809175458,0.0,0.0,0.0,69.18069538091754,0.3,79.08417228550528,3.663860923816491,9.409652309541228,132.40965230954123,141.81930461908246,1.0,0.0,136.40965230954123,136.0,137.40965230954123,0.0,0.0,3.0
133.4916394530837,0.00147491835925116,0.00050836054691628,0.00305016328149768,0.00050836054691628,0.0,0.0,62.4581972654186,2.460868710991164,0.0,4.82942519570466,109.42475507775347,62.94983671850232,172.3745917962558,7.49163945308372,0.49163945308372003,90.5418027345814,98.98327890616744,104.05016328149767,69.78262578017672,-0.49163945308372003,3.0
134.29754845131882,0.0,0.0038681298671446674,0.0002975484513188206,0.0,0.0,0.0,78.83432168153651,0.22975484513188205,68.16567831846349,3.6190193805275284,10.404903097362359,130.59509690263764,141.0,1.0,0.0,135.29754845131882,134.59509690263764,136.29754845131882,0.0,0.0,3.0
134.91480206426886,0.0,0.00517489003570492,0.004304934021422952,0.005390131957154097,0.0,0.0,64.82510996429508,2.0044846049986886,0.8699560142819678,0.13049340214229516,62.78026391430819,81.04484604998689,143.82510996429508,5.260087971436064,0.0,125.34978007140984,119.04484604998689,124.34978007140984,13.260087971436064,0.4349780071409839,3.0
123.0,0.0,0.0,0.0,0.0,0.0,0.0,70.6888853020501,0.3,74.82219711435063,4.193334409384972,19.0,110.0,129.0,1.3111146979499093,0.0,123.0,123.3111146979499,124.3111146979499,0.3111146979499093,1.0,3.0
135.25335416827838,0.0,0.01,0.0008733229158608077,0.0,0.0,0.0,69.63338542069596,0.3,77.11326041102565,3.912667708413919,9.50670833655677,132.38003125241758,141.88673958897434,1.0,0.0,136.50670833655676,136.63338542069596,137.63338542069596,0.12667708413919232,0.0,3.0
128.63629135397926,0.0,0.001363708646020752,0.006363708646020752,0.005,0.0,0.0,66.63629135397925,3.0817748123875486,0.0,0.0,129.0,63.0,192.0,5.908874061937745,0.0,105.0,83.27337781418677,108.81854323010376,16.545960522145265,-0.6362913539792481,3.0
135.4777569259137,0.0,0.009894579981561053,0.000761121537043158,0.0,0.0,0.0,70.19439231478421,0.3,76.32785075930211,3.9238878462956843,9.955513851827368,132.71663538887051,142.6721492406979,1.0,0.0,136.95551385182736,137.1943923147842,138.1943923147842,0.238878462956842,0.0,3.0
130.0,0.001,0.000160071634954573,0.012,0.007500000000000001,0.0,0.0,62.0,2.0320143269909146,0.0,0.0,132.44243558845548,50.0,182.44243558845548,7.3201432699091455,0.0,89.06103488156756,94.03957019027256,112.16007163495458,76.0,0.0,3.0
148.0,0.0,0.01,0.0,0.0,0.0,0.0,74.53844252558021,0.2,81.23065515348127,3.223090232093853,10.23090232093853,142.23065515348125,152.46155747441978,0.5384425255802101,0.0,148.0,148.0,149.0,0.0,0.0,3.0
130.0,0.0010093316198270933,0.0010093316198270933,0.011962673520691627,0.007500000000000001,0.0,0.0,62.01866323965419,2.201866323965419,0.0,0.0,161.0,50.0,206.0,8.990668380172906,0.0,89.06103488156756,88.96267352069162,112.9906683801729,76.0,-0.009331619827093296,3.0
148.0,0.0,0.0069468618323459685,0.0,0.0,0.0,0.0,70.0,0.3,69.49335772904324,4.77931747612189,17.013284541913507,136.74003659356487,153.7533211354784,2.506642270956754,0.0,150.0,148.0,150.0,0.0,1.0,3.0
121.0,0.0,0.0007264617151130048,0.004726461715113005,0.007500000000000001,0.0,0.0,67.09415313954798,2.045292343022601,0.0,0.0,102.0,55.0,157.0,5.273538284886995,0.5699688092250241,89.06103488156756,81.08523200579103,86.99107886624306,76.0,-1.0,3.0
127.96723980539745,0.0,0.0,0.0,0.0,0.0,0.0,80.04914029190383,0.49918099513493636,0.11466068110891214,6.783619902698726,16.06552038920509,114.06552038920509,130.13104077841018,0.00819004865063655,0.0,126.0,124.01638009730128,125.01638009730128,0.9918099513493635,0.9836199026987269,3.0
151.60328760165115,0.0,0.0002975342987616477,0.0018016438008255683,0.0,0.0,0.0,61.89260289628494,0.3900821900412784,73.50410950206393,6.5413150406604545,38.718903709494036,124.28931529463381,163.00821900412785,3.900821900412784,0.0,159.00821900412785,157.00821900412785,159.00821900412785,0.9008219004127841,1.0,3.0
131.79551705241613,0.0014014943158612882,0.0,0.009605977263445153,0.007500000000000001,0.0,0.0,61.598505684138715,2.1197011368277425,0.0,0.0,130.59103410483226,51.19701136827742,181.7880454731097,5.0,0.0,123.39402273655485,99.19701136827743,110.81046021102902,76.0,0.0,3.0
134.0,0.0034002129060974784,0.0008000709686991596,0.0027993612817075637,0.0041995741878050425,0.0,0.0,54.00248390447058,2.619709028333446,0.0,0.0,124.3977290016269,62.80113549918655,187.19886450081344,5.80007096869916,0.5699688092250241,89.06103488156756,111.0003548434958,110.20028387479664,76.0,-0.8000709686991595,3.0
110.0,0.003795964365371101,0.002,0.005408071269257798,0.007500000000000001,0.0,0.0,67.2040356346289,3.23878930961133,0.0,0.0,130.61210690388668,62.3878930961133,193.0,5.204035634628899,0.0,89.06103488156756,84.7959643653711,96.3878930961133,56.14350111519542,-1.0,3.0
127.21610434092972,0.0,0.0005550849493022863,0.005555084949302286,0.004559320405581709,0.0,0.0,61.77966020279086,2.4771189290232005,0.0,5.273307018371719,107.66949030418628,61.33474515209314,169.00423545627942,8.334745152093141,0.44491505069771375,89.885594645116,95.77542474651143,104.33050969581372,50.32627423953429,-0.44491505069771375,3.0
130.0,0.0012669287039703252,0.0012669287039703252,0.0109322851841187,0.007500000000000001,0.0,0.0,62.53385740794065,2.253385740794065,0.0,0.0,161.0,50.0,206.0,8.733071296029674,0.0,89.06103488156756,87.9322851841187,112.73307129602968,76.0,-0.2669287039703252,3.0
129.0,0.0,0.001,0.006,0.007231970900520359,0.0,0.0,65.38401454973982,2.8384014549739818,0.0,0.0,98.31189815182125,50.0,148.31189815182125,7.384014549739821,0.5699688092250241,105.0,85.61598545026018,110.84795635078054,12.231970900520357,0.0,3.0
120.0,0.0,0.0,0.0041880247346154165,0.007500000000000001,0.0,0.0,59.564074203846246,1.5811975265384584,0.0,10.761555477692252,83.37604946923084,69.0,152.37604946923082,4.0,0.5699688092250241,90.05987632692292,105.05987632692292,104.49580212307667,57.50419787692333,-0.18802473461541613,3.0
150.57846172525703,0.0,0.006752306805029049,0.0012892308626285213,0.0,0.0,0.0,64.19846111817165,0.3644615431314261,72.93384629394278,5.669384750811355,31.404616645485035,128.68615309897183,160.09076974445688,2.9338462939427816,0.0,156.4461543131426,154.4461543131426,156.4461543131426,0.6446154313142606,1.0,3.0
129.0,0.0,0.001,0.005216208215514603,0.007500000000000001,0.0,0.0,65.2162082155146,2.964862464654381,0.0,0.0,99.91895892242698,50.0,149.91895892242698,6.432416431029205,0.5699688092250241,105.0,83.56758356897079,110.35137535345619,11.567583568970795,0.0,3.0
134.0,0.0024457734858679835,0.0011084530282640332,0.0,0.0011084530282640332,0.0,0.0,63.44577348586798,1.5891546971735966,0.0,0.0,106.24082880215177,68.77113257066009,175.01196137281184,4.891546971735966,0.5699688092250241,89.06103488156756,103.21690605652806,103.66267954239605,76.0,-1.0,3.0
137.97385193228544,0.0,0.0019895407729141746,0.009005229613542913,0.007500000000000001,0.0,0.0,57.01568884062874,2.6020918454171653,0.0,0.696339270519961,105.98954077291417,55.01568884062874,161.00522961354292,5.994770386457088,0.5699688092250241,134.94770386457088,106.93724463748505,121.90063734268466,76.0,0.9947703864570873,3.0
145.43405543983144,0.0,0.0014780184799438123,0.0007609907600280939,0.0,0.0,0.0,82.28297228008428,0.3239009239971906,29.326935320196657,6.445324947924147,41.346129359606685,130.08792608022475,171.43405543983144,1.7609907600280938,0.0,145.43405543983144,145.91207391977525,146.91207391977525,0.4780184799438123,-0.7609907600280938,3.0
134.0,0.004035311354940239,7.062270988047815e-05,7.062270988047815e-05,0.0010706227098804782,0.0,0.0,63.92937729011952,1.8858754580239043,0.0,0.0,119.75282051541832,66.1765567747012,185.92937729011953,8.823443225298805,0.0,89.06103488156756,104.31780219446215,106.14124541976096,76.0,-1.0,3.0
131.98293513092491,0.0,0.001779863520881375,0.0062372013481936965,0.0,0.0,0.0,64.25426621726876,0.4,78.96587026184986,3.750853243453754,10.728668913656161,126.25426621726876,136.98293513092491,1.0,0.0,132.49146756546247,131.49146756546247,133.49146756546247,0.0,0.0,3.0
124.0,0.0,0.0,0.0,0.0,0.0,0.0,86.20248056016524,0.27975194398347625,71.79751943983476,3.8785116639008574,11.595038879669525,118.0,129.59503887966952,0.7975194398347626,0.0,124.0,123.79751943983476,125.0,0.0,0.0,3.0
120.0,0.0,0.0,0.005,0.006125779559641859,0.0,0.0,62.0,1.5,0.0,9.279036740059691,85.0,69.0,154.0,4.04192651988062,0.5699688092250241,89.06103488156756,101.04192651988062,98.12577955964186,64.0,-1.0,3.0
124.83970375651042,0.0,0.0069908742747396046,0.005528236994791662,0.002,0.0,0.0,27.471763005208338,3.4905303471354143,0.0,15.426239885937488,139.37706647656248,51.47176300520834,190.84882948177082,9.471763005208338,0.5699688092250241,127.10382225390626,104.63205924869791,115.57558525911459,76.0,0.0,3.0
133.0,0.0,0.001,0.005673068383661921,0.002326931616338079,0.0,0.0,60.0,2.8,0.0,7.830772646535232,105.0,60.0,165.0,5.0,0.0,112.7882992895765,99.34613676732384,109.69227353464768,50.384547069295365,0.0,3.0
129.0,0.0,0.0008511119496675553,0.006,0.007500000000000001,0.0,0.0,65.0,2.7702223899335108,0.0,0.0,101.0,50.0,151.0,7.29777610066489,0.5699688092250241,105.0,86.74444025166223,112.14888805033245,13.0,0.0,3.0
148.0,0.0,0.004388791569019571,0.0013887915690195703,0.0,0.0,0.0,71.38879156901957,0.3,72.47197892254893,4.752802107745107,16.61120843098043,136.0,152.61120843098044,0.9168126464706446,0.0,150.0,148.0,150.0,0.0,1.0,3.0
130.3700477145154,0.0018766507618282005,0.0,0.011753301523656402,0.007500000000000001,0.0,0.0,61.0,2.0863444667202597,0.0,0.0,127.616746190859,50.246698476343596,177.8634446672026,5.0,0.0,121.49339695268719,97.7533015236564,114.383253809141,76.0,0.0,3.0
150.98900301288174,0.0,0.002,1.8328311863763727e-05,0.0,0.0,0.0,81.00366566237275,0.4,28.912024103053938,6.407331324745506,29.95601205152697,130.04398794847305,160.0,1.9926686752544946,0.0,151.9926686752545,151.0,152.9926686752545,0.9963343376272473,0.9963343376272473,3.0
125.4732381220274,0.0,0.0,0.001104928591520545,0.0,0.0,0.0,86.0,0.3,74.57816671354794,3.594859516442467,13.473238122027393,116.5267618779726,130.0,0.6316904694931517,0.0,125.4732381220274,124.7366190610137,126.4732381220274,0.0,0.36830953050684834,3.0
135.0,0.0,0.0,0.0,0.0,0.0,0.0,62.0,0.5,71.0,6.9,97.0,71.0,168.0,3.0,0.0,143.0,142.0,144.0,1.0,1.0,3.0
145.94550343258084,0.0,0.002,0.0014441418764054741,0.0,0.0,0.0,83.16621281460822,0.3277929061797263,30.166212814608212,5.950136155617537,36.88828375281095,131.44414187640547,168.33242562921643,2.0,0.0,146.2234324943781,145.50136155617537,147.2234324943781,0.27792906179726296,-0.722070938202737,3.0
150.88619578046507,0.0,0.0018861957804650745,0.0,0.0,0.0,0.0,81.34141265860478,0.3886195780465075,28.4552168781397,6.5544783121860295,32.40674092651104,130.68282531720956,163.08956624372058,1.772391560930149,0.0,151.77239156093015,151.77239156093015,152.77239156093015,1.0,0.11380421953492548,3.0
124.0,0.0,0.0,0.0,0.0,0.0,0.0,86.40695566581321,0.2593044334186784,71.59304433418679,3.7558266005120706,11.186088668373568,118.0,129.18608866837357,0.5930443341867842,0.0,124.0,123.59304433418679,125.0,0.0,0.0,3.0
130.56610279271132,0.0,0.0042593201127551945,0.0024338972072886827,0.0,0.0,0.0,68.13220558542264,0.3608474301822171,77.30678267995613,3.743389720728868,7.391525698177829,128.56610279271132,135.95762849088914,1.0,0.0,132.17457709453348,131.56610279271132,133.17457709453348,0.0,0.0,3.0
149.17475631830274,0.0,0.01,0.0,0.0,0.0,0.0,77.34951263660551,0.2,82.18278722458729,2.8412621840848624,5.8252436816972475,146.17475631830274,152.0,1.0,0.0,149.17475631830274,148.58737815915137,150.17475631830274,0.0,0.0,3.0
129.0,0.0,0.001,0.006,0.005695618146496807,0.0,0.0,66.0,2.8695618146496806,0.0,0.0,94.0,50.0,144.0,7.3912362929936135,0.0,105.0,85.0,109.30438185350319,11.0,0.0,3.0
123.99678173639572,0.0,0.0,0.0,0.0,0.0,0.0,85.96781736395721,0.2996781736395721,72.04183742685562,3.997747215477005,11.996781736395722,118.0,129.99678173639572,1.0,0.0,123.99678173639572,123.99356347279144,124.99678173639572,0.0,0.0,3.0
120.0,0.0,0.0,0.002858768012379522,0.007,0.0,0.0,64.0,1.2239178674919682,0.0,5.204550434662662,83.0979466872992,70.9020533127008,154.0,3.0,0.5699688092250241,89.06103488156756,97.76082132508031,95.28246397524096,44.95671469967873,-1.0,3.0
129.28901397911727,0.0,0.01,0.0,0.0,0.0,0.0,80.0,0.3710986020882715,0.0,2.41735247100123,24.378590864262353,109.48845107308951,133.86704193735184,0.6445069895586426,0.0,114.39887418794443,121.42197204176543,121.7774650522068,15.179153770290137,-0.2890139791172852,3.0
128.20580266872292,0.0,0.01,0.003205802668722916,0.002,0.0,0.0,30.0,2.1,0.0,8.579419733127708,128.0,54.0,182.0,12.205802668722916,0.0,129.0,104.0,120.0,76.0,0.0,3.0
129.0,0.0,9.299063982313217e-05,0.006,0.007500000000000001,0.0,0.0,65.09299063982313,2.6278971919469396,0.0,0.0,100.34906552123807,50.0,150.3490655212381,8.907009360176868,0.5699688092250241,105.0,90.4420561610612,112.62803744070747,12.814018720353737,0.0,3.0
123.0,0.0,0.0,0.00041179773305160953,0.0,0.0,0.0,71.82359546610321,0.3,74.94101133474196,4.55297750635677,22.706179597464484,109.17640453389679,131.88258413136126,1.823595466103219,0.0,123.0,123.41179773305161,124.41179773305161,0.4117977330516095,0.5882022669483905,3.0
132.0761084404555,0.0014809728898861237,0.0009619457797722475,0.01059513555056938,0.007500000000000001,0.0,0.0,45.83405114601433,3.8999999999999995,0.0,0.0,155.29070178874736,50.0,205.29070178874736,6.480972889886123,0.5699688092250241,89.06103488156756,95.45665064273302,109.84778311908899,76.0,-0.48097288988612374,3.0
121.0,0.0,0.00035767447409477265,0.004357674474094773,0.007500000000000001,0.0,0.0,68.56930210362091,1.9715348948189546,0.0,0.0,102.0,55.0,157.0,5.642325525905227,0.5699688092250241,89.06103488156756,80.78463193847622,86.5,76.0,-1.0,3.0
128.0,0.0,0.002,0.007,0.005935146405517032,0.0,0.0,65.06485359448297,2.5129707188965935,0.0,0.0,129.0,63.0,192.0,5.870292811034063,0.0,104.06485359448297,93.67573202758516,114.8054392165511,27.54602483861922,0.0,3.0
149.15996757485627,0.0,0.01,0.0021000810628593438,0.0,0.0,0.0,73.52009727543121,0.4420016212571869,12.119773023993838,8.866037288915297,23.30024318857803,139.42001621257188,162.7202594011499,0.4200162125718687,0.0,150.57998378742812,150.57998378742812,151.57998378742812,0.4200162125718687,0.15996757485626256,3.0
130.0,0.0011229691759190475,0.002,0.007561484587959524,0.007500000000000001,0.0,0.0,64.87703082408095,2.4,0.0,0.0,161.0,50.0,206.0,7.561484587959524,0.0,89.06103488156756,80.78463193847622,110.24593835183809,76.0,-1.0,3.0
133.0,0.0,0.001,0.005560660094416171,0.0024393399055838293,0.0,0.0,60.0,2.8,0.0,7.875735962233532,105.0,60.0,165.0,5.0,0.0,110.65254179390725,99.12132018883234,109.24264037766469,49.48528075532937,0.0,3.0
132.39651233340354,0.0,0.01,0.00520697533319291,0.0007930246668070905,0.0,0.0,26.44882733235037,1.8551172667649634,0.0,16.732447433888005,97.34419733445672,62.77558633382482,160.11978366828154,2.1895370002106356,0.5699688092250241,105.34419733445672,117.58604933361418,123.41395066638582,62.483703998314915,0.6034876665964548,3.0
134.61766031386819,0.0,0.0006470641255472756,0.011029403811679087,0.005205916816057291,0.0,0.0,60.0,2.870587174890545,0.0,0.0,99.91178856496273,57.02940381167909,156.94119237664182,5.294128251094551,0.5699688092250241,122.4117434978109,96.97059618832091,108.88238475328365,76.0,0.0,3.0
124.0,0.0,0.0,0.0,0.0,0.0,0.0,86.19501100031923,0.280498899968077,71.80498899968077,3.882993399808462,11.60997799936154,118.0,129.60997799936155,0.8049889996807698,0.0,124.0,123.80498899968077,125.0,0.0,0.0,3.0
133.0,0.0,0.001,0.006,0.002,0.0,0.0,60.0,2.7730179279871785,0.0,7.834910360064107,105.0,60.0,165.0,5.0,0.0,119.0,100.0,111.26982072012821,53.0,0.0,3.0
120.0,0.0,0.0,0.0038250494101800623,0.007500000000000001,0.0,0.0,59.0,1.6,0.0,10.87256423323408,83.34990117963987,69.0,152.3499011796399,4.0,0.5699688092250241,91.0,106.17495058981994,106.17495058981994,57.04970353891963,0.0,3.0
110.0,0.0025017443177365465,0.0024982556822634536,0.004006977270946186,0.007494767046790361,0.0,0.0,68.0,3.1498255682263454,0.0,0.0,128.5156988596289,61.49476704679036,190.01046590641928,7.003488635473093,0.4982556822634536,91.0,80.78463193847622,94.50174431773655,40.50523295320964,-1.0,3.0
128.92294172086568,0.0,0.01,0.003922941720865669,0.002077058279134331,0.0,0.0,29.92294172086567,2.107705827913433,0.0,8.399824237125369,129.30999074528364,54.0,183.30999074528364,13.07705827913433,0.0,129.0,104.23117483740299,120.30823311653732,76.0,0.0,3.0
123.29275464621989,0.0,0.0011124676556356048,0.0067657962830240835,0.002,0.0,0.0,26.234203716975916,3.8999999999999995,0.0,17.555315838805065,144.94608327360837,50.23420371697592,195.18028699058428,8.234203716975916,0.5699688092250241,126.17565278773193,104.94144907075602,113.40985650470786,76.0,0.0,3.0
151.0,0.0,0.002,0.0,0.0,0.0,0.0,81.0,0.4,28.665761681303938,6.4668476637392125,31.336953274784243,130.0,161.33695327478424,2.0,0.0,152.0,151.33423831869607,153.0,1.0,0.6657616813039392,3.0
128.43020604577706,0.0,0.00021510302288853245,0.002354690931334403,0.00021510302288853245,0.0,0.0,84.27917581689174,0.27848969771114673,80.07551511444267,2.7064072794003207,18.581236274662388,112.06407279400321,130.6453090686656,1.2906181373311947,0.0,128.6453090686656,126.86041209155412,129.6453090686656,0.21510302288853245,1.0,3.0
126.92319065259085,0.0,0.0008769571957772527,0.0,0.0,0.0,0.0,83.9537665431864,0.34153618694818316,21.892614761995276,5.004623345681359,21.95376654318641,123.7539143915545,145.70768093474092,1.2923190652590844,0.0,128.63087158733177,128.63087158733177,129.63087158733177,0.29231906525908424,-0.7076809347409158,3.0
130.0,0.0017886149646724066,0.001577229929344813,0.00963415510598278,0.007500000000000001,0.0,0.0,62.788614964672405,2.236584489401722,0.0,0.0,153.81290879886183,50.0,203.81290879886183,5.422770070655187,0.0,89.06103488156756,89.47969524729315,112.7886149646724,76.0,-0.7886149646724064,3.0
120.0,0.0,0.0,0.0035172690564416096,0.007500000000000001,0.0,0.0,59.0,1.6,0.0,10.472449773374093,83.96546188711679,69.0,152.9654618871168,4.0,0.5699688092250241,91.0,106.4827309435584,106.4827309435584,58.896385661350344,0.0,3.0
132.07641803680116,0.0,0.004478408016356076,0.003358806012267057,0.001119602004089019,0.0,0.0,71.2441789570653,1.563621903884568,3.7607959918219622,7.035044668719005,61.28238797546589,74.87542304702372,136.1578110224896,1.6794030061335283,0.0,127.03820901840058,122.55980100204451,126.91860701431156,7.4784080163560755,1.0,3.0
130.55764241988115,0.0,0.01,0.003,0.003,0.0,0.0,34.0,2.229490505341257,0.0,3.770509494658743,130.50669295400684,54.0,184.50669295400684,10.147452526706283,0.5699688092250241,89.06103488156756,98.85254747329371,99.64075957269945,76.0,-1.0,3.0
132.68722898556274,0.0013281927536093116,0.0006563855072186231,0.011359036231953442,0.007500000000000001,0.0,0.0,40.486746376325904,3.8999999999999995,0.0,0.0,153.61012028970242,50.0,203.61012028970242,6.656385507218623,0.5699688092250241,89.06103488156756,99.77975942059514,107.96915652165588,76.0,-0.32819275360931155,3.0
132.69794190147837,0.0005659806338261247,0.01,0.006961864436782874,0.006395883802956748,0.0,0.0,29.472154929391003,3.8999999999999995,0.0,1.649273591460726,140.45157394417475,51.7360774646955,192.18765140887024,7.170096830869376,0.5699688092250241,89.06103488156756,103.527845070609,104.82990316913062,76.0,-0.43401936617387527,3.0
121.0,0.0,0.001,0.0048227991406407655,0.007500000000000001,0.0,0.0,66.17720085935923,2.1,0.0,0.0,102.0,55.0,157.0,4.8227991406407655,0.5699688092250241,89.06103488156756,82.64559828128154,89.29119656256306,76.0,-1.0,3.0
134.10305976355605,0.0,0.0004412239054224225,0.011338164141866367,0.0038679553852457465,0.0,0.0,60.0,2.9117552189155154,0.0,0.0,98.9855075744009,57.338164141866365,156.32367171626726,4.882447810844845,0.4412239054224225,123.23510437831031,96.66183585813363,107.64734343253454,76.0,0.0,3.0
135.79467588219123,0.0,0.0012053241178087836,0.0,0.0,0.0,0.0,76.00887352968131,0.25982252940637385,58.94675882191217,4.602662058904392,14.607098823745044,132.18757705844618,146.79467588219123,1.401774705936261,0.0,137.9911264703187,138.58935176438243,139.58935176438243,1.0,0.0,3.0
133.0,0.0,0.0,0.011471326228478379,0.0015286737715216204,0.0,0.0,60.0,3.079301065728243,0.0,0.0,92.77060982782703,58.0,150.77060982782703,3.4713262284783797,0.0,125.0,96.0,106.58602131456486,76.0,0.26433688576081016,3.0
134.0,0.0030016524886070503,1.6524886070504261e-06,1.6524886070504261e-06,4.9574658211510615e-06,0.0,0.0,63.9966950227859,1.700165248860705,0.0,0.0,114.0066099544282,66.0,180.0066099544282,5.99834751139295,0.5699688092250241,89.06103488156756,101.00826244303525,102.00826244303525,76.0,-1.0,3.0
124.86622666268711,0.0,0.008398019982092018,0.0,0.0,0.0,0.0,68.40132001193865,0.3,76.00330002984663,3.45317933194049,8.066886668656442,120.0,128.06688666865645,0.13377333731288465,0.0,124.86622666268711,124.93311333134356,125.93311333134356,0.0,0.0,3.0
134.0,0.004,0.0003574348004648085,0.0003574348004648085,0.001714869600929617,0.0,0.0,63.28513039907038,1.864256519953519,0.0,0.0,119.28513039907038,66.0,185.2851303990704,7.570260798140766,0.0,89.06103488156756,104.71486960092962,106.3574348004648,76.0,-1.0,3.0
129.0,0.0,0.001,0.006,0.007500000000000001,0.0,0.0,65.0,2.8,0.0,0.0,101.0,50.0,151.0,7.0,0.5699688092250241,105.0,87.15750389341186,112.0,13.0,0.0,3.0
124.72969425879297,0.0,0.0,0.005727645270583535,0.006089418917665862,0.0,0.0,62.54470945883293,2.245733952937651,0.0,0.0,108.81706418824939,61.908532094124695,170.72559628237408,8.54470945883293,0.5699688092250241,89.06103488156756,93.36382263529177,101.36382263529177,42.0,-0.6361773647082327,3.0
120.42869676383954,0.0,0.0,0.003142606472320928,0.007500000000000001,0.0,0.0,64.14436116607443,1.3642167798882552,1.286090291518608,11.828872233214888,79.78477427120347,67.49956132656162,147.2843355977651,3.142606472320928,0.5699688092250241,108.64392249263605,109.42957411071629,110.42957411071629,24.998245306246496,0.21434838191976802,3.0
136.76332761815323,0.0,0.0,0.0,0.0,0.0,0.0,73.28998285445968,0.3,71.11833619092339,3.988166380907661,12.644991427229838,134.76332761815323,147.40831904538305,1.0,0.0,139.64499142722983,140.40831904538305,141.52665523630645,0.8816638090766127,0.0,3.0
121.0,0.0,0.00040990488969628827,0.0035900951103037117,0.007500000000000001,0.0,0.0,69.18019022060743,1.9819809779392576,0.0,0.0,102.0,55.0,157.0,4.770285330911135,0.5699688092250241,89.06103488156756,80.78463193847622,86.5,74.14857334544432,-1.0,3.0
133.1601977143644,0.0,0.0,0.009839802285635618,0.0034805931430931486,0.0,0.0,60.64079085745753,3.0116441141441106,0.0,0.6087513145846546,79.23782514199179,62.00494285910957,141.24276800110135,2.4805931430931483,0.0,126.9223725723726,99.6845474303808,113.08257028673698,70.99505714089042,1.0,3.0
128.61616704806696,0.0,0.01,0.0036161670480669562,0.002383832951933044,0.0,0.0,29.616167048066956,2.1383832951933046,0.0,8.001017162487043,134.52516018286175,54.0,188.52516018286175,13.246502024899133,0.0,129.0,105.15149885579913,121.53533180773218,76.0,0.0,3.0
135.85936135613593,0.0,0.0015718722712271865,0.007287489084908746,0.007500000000000001,0.0,0.0,60.428127728772814,2.471561681368156,0.0,2.1406386438640674,105.57187227122719,57.140638643864065,162.71251091509126,6.287489084908746,0.5699688092250241,121.70940501650095,100.71251091509126,116.57187227122719,75.71872271227187,0.0,3.0
135.0532323303464,0.0,0.004702154886897586,0.0035266161651731896,0.0011755387217243965,0.0,0.0,69.42015150448043,1.6167617856381766,1.1755387217243964,2.9794991543957114,39.51077443448793,96.95468853499625,136.46546296948418,1.7633080825865948,0.0,128.938846804311,123.4122306391378,127.938846804311,6.877693608621982,1.0,3.0
124.29133377193547,0.0,0.0,0.0,0.0,0.0,0.0,74.9223812656682,0.2815523746866361,82.18278722458729,2.5970761215529965,8.446571240599082,121.29133377193547,129.73790501253455,1.8155237468663605,0.0,124.29133377193547,125.10685751880183,126.10685751880183,0.0,0.18447625313363936,3.0
150.0,0.0,0.0019132936750431348,0.0003622354416522884,0.0,0.0,0.0,80.36223544165229,0.4,21.464351908433983,7.992870381686796,49.102116466781695,126.17341264991373,175.27552911669542,1.3622354416522884,0.0,150.72447088330458,151.27552911669542,152.27552911669542,1.6377645583477116,0.0,3.0
148.0,0.0,0.01,0.0006690225774838643,0.0,0.0,0.0,73.33097742251614,0.23345112887419323,76.66195484503227,3.9345112887419322,14.669022577483865,137.9964661337742,152.66548871125806,0.0,0.0,148.66902257748387,148.0,149.33451128874194,0.0,0.33451128874193214,3.0
110.0,0.0029738032914679354,0.0020261967085320647,0.005895213165871741,0.006078590125596194,0.0,0.0,68.0,3.1026196708532066,0.0,0.0,132.7642296232114,60.07859012559619,192.8428197488076,7.947606582935871,0.026196708532064794,91.0,81.89521316587174,94.97380329146793,41.92140987440381,-1.0,3.0
135.0,0.0,0.0,0.0,0.0,0.0,0.0,62.0,0.5,71.0,6.9,97.0,71.0,168.0,3.0,0.0,143.0,142.0,144.0,1.0,1.0,3.0
129.0,0.0,0.001,0.005168302956324227,0.007500000000000001,0.0,0.0,65.0,2.8831697043675772,0.0,0.0,101.0,50.0,151.0,6.168302956324227,0.5699688092250241,105.0,84.33660591264845,111.16830295632423,12.168302956324226,0.0,3.0
120.0,0.0,0.0,0.0031807875700815627,0.007500000000000001,0.0,0.0,60.36535404986406,1.4634645950135938,0.0,7.850835252293626,82.18078757008156,70.36535404986407,152.54614161994562,3.7269291900271875,0.5699688092250241,99.81165461051657,104.08850433019032,104.8154335202175,33.45763728975531,-0.2730708099728124,3.0
147.03615753247763,0.0,0.009216945194865786,0.0,0.0,0.0,0.0,77.37344863632829,0.2,72.69886642862697,3.7445763701283554,13.518078766238816,138.03615753247763,151.55423629871643,0.48192123376118456,0.0,147.03615753247763,146.07231506495526,147.55423629871643,0.48192123376118456,0.0,3.0
133.70127442641123,0.003103823279233681,0.0,0.0026885301622989574,0.0018961767207663193,0.0,0.0,62.80509770564491,2.1688530162298956,0.0,0.0,122.09107901512141,63.31146983770104,185.40254885282246,8.701274426411228,0.0,99.05284622278461,102.20764655846736,105.40254885282245,76.0,-0.701274426411227,3.0
144.41524528419262,0.0,0.0010593207548846594,0.0009406792451153405,0.0,0.0,0.0,82.88135849023068,0.30593207548846596,30.822037735346022,5.847456603907728,37.76271698046136,131.88135849023067,169.64407547069203,2.0,0.0,144.47456603907727,144.47456603907727,145.47456603907727,0.05932075488465949,-0.9406792451153405,3.0
121.48140648226845,0.0,0.0,0.0032592967588657737,0.003111561106389285,0.0,0.0,78.9989875106241,0.6370857865255058,4.4442194468053575,10.651859351773155,71.8894513829866,63.81507731206042,135.70452869504703,1.7778902765973212,0.25929675886577375,117.59195509928185,117.85125185814762,118.85125185814762,8.778902765973212,0.7407032411342263,3.0
120.0,0.0,0.0,0.0032889704382168053,0.007500000000000001,0.0,0.0,63.42965681273893,1.214068637452213,0.0,3.480220183185374,83.85931362547787,69.0,152.85931362547788,4.28137274904426,0.4296568127389351,97.97720693248236,99.14068637452213,98.42205912356638,33.73382262930083,-0.4296568127389351,3.0
132.6181907514538,0.0,0.0,0.0,0.0,0.0,0.0,73.7636184970924,0.2,82.18278722458729,3.0963684007753627,7.7454605009692035,130.4909210019384,138.23638150290762,1.0,0.0,132.6181907514538,133.4909210019384,134.4909210019384,0.0,0.12726974951539816,3.0
148.0,0.0,0.004209667833959044,0.0016838671335836174,0.0,0.0,0.0,71.36773426716724,0.3,74.15806643320819,4.58419335667918,17.422597898873722,134.73546853433447,152.1580664332082,0.4741992996245741,0.0,150.0,148.1580664332082,150.1580664332082,0.0,1.0,3.0
148.88339149292233,0.0,0.0026277971643074455,0.0001861014178462773,0.0,0.0,0.0,80.55830425353884,0.3813898582153723,25.302709924923942,7.997526171815052,49.394580150152116,125.48881134277022,174.88339149292233,1.1861014178462774,0.0,148.88339149292233,150.51118865722978,151.51118865722978,1.6277971643074454,-0.18610141784627732,3.0
148.39471338040858,0.0,0.01,0.0,0.0,0.0,0.0,74.98678345102145,0.2,79.18414014122574,3.4421146478365685,12.223789788161394,140.57885352163433,152.8026433097957,0.1973566902042896,0.0,148.39471338040858,148.1973566902043,149.39471338040858,0.0,0.0,3.0
133.0,0.0,0.0,0.0,0.0,0.0,0.0,73.91637377347578,0.2,82.18278722458729,3.116725245304843,7.541813113262108,131.0,138.5418131132621,1.0,0.0,133.0,134.0,135.0,0.0,0.0,3.0
150.0,0.0,0.01,0.0,0.0,0.0,0.0,79.0,0.2,82.18278722458729,2.8,5.0,147.0,152.0,1.0,0.0,150.0,149.0,151.0,0.0,0.0,3.0
149.19912016550433,0.0,0.0001334799724159438,0.001,0.0,0.0,0.0,81.26695994483188,0.38665200275840567,18.868719613823213,6.926476035859273,43.19912016550434,130.26695994483188,173.46608011033624,2.0,0.0,150.93216022067244,149.19912016550433,150.19912016550433,0.8665200275840562,-0.13347997241594378,3.0
150.0,0.0,0.01,0.0,0.0,0.0,0.0,79.0,0.2,82.18278722458729,2.8,5.0,147.0,152.0,1.0,0.0,150.0,149.0,151.0,0.0,0.0,3.0
110.0,0.0025441213860524694,0.0027279393069737654,0.0028161820790787045,0.007500000000000001,0.0,0.0,67.72793930697377,3.2272060693026234,0.0,0.0,125.63236415815742,63.0,188.6323641581574,5.727939306973765,0.5699688092250241,90.1838179209213,80.78463193847622,94.8161820790787,44.4412138605247,-1.0,3.0
130.9787669141318,0.001985844609421199,0.01,0.0020070776952894006,0.003,0.0,0.0,47.90091226594839,2.1524771933512903,0.0,2.014155390578801,131.5955488864069,59.9575338282636,191.5530827146705,8.021233085868202,0.5035388476447002,89.06103488156756,102.47522806648709,104.4823057617765,76.0,-1.0,3.0
121.0,0.0,0.001,0.004126298594769641,0.007500000000000001,0.0,0.0,66.87370140523036,2.1,0.0,0.0,102.0,55.0,157.0,4.126298594769641,0.5699688092250241,89.06103488156756,81.25259718953929,86.50519437907856,76.0,-1.0,3.0
133.7295082286524,0.0014590164573047935,0.0014590164573047935,0.0010819670853904131,0.0025409835426952066,0.0,0.0,63.0,1.6081967085390412,0.0,0.0,101.08196708539042,68.56557405787157,169.64754114326198,4.270491771347603,0.5699688092250241,89.06103488156756,101.75409874382876,101.48360697248116,72.5409835426952,-1.0,3.0
125.81384521210668,0.0,0.0015310257979822195,0.0,0.0,0.0,0.0,69.29653869697333,0.32344871010088905,57.517306515133356,6.2841283777804415,41.55191954540006,92.26192566670662,133.81384521210668,0.4689742020177805,0.0,126.28281941412446,124.51730651513336,126.51730651513336,0.7655128989911097,1.0,3.0
133.0,0.0,0.0,0.011682183664661294,0.0013178163353387072,0.0,0.0,60.15890816766935,2.9682183664661292,0.0,0.0,97.15890816766935,57.84109183233065,155.0,4.0,0.0,125.0,95.84109183233065,104.6821836646613,76.0,0.0,3.0
124.88180119582113,0.0,0.0012204502989552825,0.005830675448432924,0.006559099402089435,0.0,0.0,64.83067544843293,2.427157604634349,0.0,0.0,128.61022514947763,63.0,191.61022514947763,7.11819880417887,0.5699688092250241,105.77954970104471,90.55909940208943,109.66135089686586,26.84662275783538,-0.3897748505223587,3.0
120.0,0.0,0.0,0.005,0.006676770411388428,0.0,0.0,61.72929183544463,1.5135354082277686,0.0,9.259393775316695,85.0,69.0,154.0,4.0,0.5699688092250241,89.06103488156756,101.54141632911075,98.9474785759438,65.48889490505454,-0.8646459177223145,3.0
128.0,0.0,0.01,0.003751375086029046,0.003751375086029046,0.0,0.0,35.50275017205809,2.5502750172058093,0.0,0.8950496902954357,126.21562284927386,54.0,180.21562284927387,8.745874741912862,0.5699688092250241,89.06103488156756,92.74037439779669,86.5,76.0,-1.0,3.0
121.0,0.0,0.001,0.0033430448437328604,0.007500000000000001,0.0,0.0,67.31391031253428,2.1,0.0,2.1954869998903073,103.02913453119858,55.0,158.0291345311986,4.3721793749314415,0.5699688092250241,89.06103488156756,81.05826906239716,86.5,76.0,-1.0,3.0
133.04338537891655,0.00013015613674962614,0.0,0.0038264584843338318,0.0038264584843338318,0.0,0.0,63.08677075783309,1.8956614621083456,0.0,0.0,104.43385378916543,62.173541515666166,166.60739530483158,5.130156136749626,0.04338537891654204,89.06103488156756,93.30369765241579,92.39046841024887,74.39046841024887,-1.0,3.0
130.0,0.00013791603271284236,0.002,0.007068958016356422,0.007068958016356422,0.0,0.0,65.86208396728716,2.4,0.0,0.0,161.0,50.0,206.0,7.068958016356421,0.0,89.06103488156756,80.78463193847622,108.27583206542569,76.0,-1.0,3.0
123.0,0.0,0.0,5.705472115125432e-05,0.0,0.0,0.0,70.17116416345377,0.3,70.1141094423025,4.4456437769210035,19.51349249036129,109.8858905576975,129.39938304805878,2.057054721151254,0.0,123.0,124.0,125.0,1.0,0.9429452788487457,3.0
130.8465612240796,0.0002821870746932001,0.01,0.004410935373466001,0.0032821870746932,0.0,0.0,38.312173464875606,2.2,0.0,5.598940817393039,135.1534387759204,53.4356258506136,188.589064626534,10.7425034024544,0.0,127.8712517012272,104.3068775518408,118.0493809542952,76.0,0.0,3.0
133.0,0.0,0.000261705683735906,0.0067382943162640945,0.001,0.0,0.0,60.0,3.1738294316264097,0.0,2.4862039954911066,105.0,60.0,165.0,6.261705683735906,0.0,93.0,95.04682273494362,103.30852841867953,45.92558525603859,0.0,3.0
129.036254411136,0.0,0.0,0.009271148406496,0.003963745588863998,0.0,0.0,38.668427574944,1.3740936397216,0.0,13.4343657228768,88.271148406496,62.222809191648,150.493957598144,2.4939575981439996,0.5699688092250241,97.024169607424,114.283233210208,120.30740281763201,59.76510600464,0.7530212009280002,3.0
133.71876374156312,0.0045312729026051836,0.01,0.0020937454194789634,0.003,0.0,0.0,59.37512825458903,1.5656217936352743,0.0,0.3562325940200606,114.40618129218444,69.40632786885763,183.81250916104207,4.56247251687378,0.09374541947896331,89.06103488156756,111.68756412729451,109.25003664416829,76.0,-1.0,3.0
126.25317660105345,0.0,0.0002495461998495061,0.007251361400451482,0.007500000000000001,0.0,0.0,63.74863859954852,3.6759529803160373,0.0,0.0,92.99455439819407,63.254991801655436,156.2495461998495,5.0,0.2495461998495061,89.06103488156756,80.78463193847622,111.01270640421383,76.0,-0.2495461998495061,3.0
133.0,0.0,0.0,0.01,0.002271949726128631,0.0,0.0,60.0,3.0,0.0,0.0,104.72805027387137,59.456100547742736,164.1841508216141,5.0,0.0,125.0,96.45610054774274,104.45610054774274,76.0,0.0,3.0
133.24060173758204,0.0,0.0,0.0,0.0,0.0,0.0,76.44361042549222,0.2,82.18278722458729,2.515037219868742,6.037593049671855,131.48120347516408,137.51879652483592,1.0,0.0,133.48120347516408,134.0,135.24060173758204,0.0,0.2406017375820363,3.0
123.89947968490108,0.0,0.00404765858205486,0.0,0.0,0.0,0.0,69.65078047264838,0.3,76.10052031509892,3.8301560945296758,14.052861733044061,114.4973984245054,128.55026015754947,0.55026015754946,0.0,123.89947968490108,123.89947968490108,124.89947968490108,0.0,0.55026015754946,3.0
122.67947331653782,0.0,0.0,0.0033397366582689127,0.007500000000000001,0.0,0.0,55.631448379520975,1.3893157772179276,0.0,0.0,84.56302610131374,66.99039501259664,151.55342111391036,5.330131670865544,0.0,105.21368445564146,100.89315777217928,101.22328944304482,27.56302610131373,0.0,3.0
130.0,0.002,0.0,0.01213073231512877,0.007500000000000001,0.0,0.0,60.86926768487123,2.0065366157564384,0.0,0.0,127.0,50.0,177.0,5.196098472693156,0.13073231512877048,121.0,98.19609847269315,115.0,76.0,0.0,3.0
123.0,0.0,0.0010248576126532314,0.0,0.0,0.0,0.0,70.0,0.3,61.80113909877415,5.629829135183877,25.14914567591939,104.87571193673384,130.02485761265322,0.9751423873467686,0.0,123.0,122.46271358102015,123.97514238734676,1.0,1.0,3.0
133.0,0.0,0.001,0.006,0.0029663863998167176,0.0,0.0,61.93277279963343,1.926890880146626,0.0,4.33445440073313,105.0,60.0,165.0,4.0336136001832825,0.0,127.69747759835046,107.73109119853373,115.86554559926687,70.3949551967009,0.0,3.0
120.0,0.0,0.0,0.0021879596103660634,0.007500000000000001,0.0,0.0,64.0,1.2874693593089293,0.0,0.5074909479883716,77.50122562764284,69.0,146.50122562764284,7.624080779267873,0.06265320345535452,89.06103488156756,98.0,99.68673398272323,38.37591922073213,-0.06265320345535452,3.0
131.28068763996677,0.00037425018662235604,0.01,0.002812874906688822,0.003,0.0,0.0,36.5261887597009,2.1625749813377646,0.0,3.4444623227087616,127.06437453344411,55.12275055986707,182.18712509331118,9.625749813377643,0.5699688092250241,89.06103488156756,100.21631310652266,102.8420629199003,76.0,-1.0,3.0
122.67094445341114,0.0,0.0008607546288824048,0.004860754628882405,0.007500000000000001,0.0,0.0,65.58226388664721,2.072150925776481,0.0,0.0,102.27849074223519,55.974717597823165,158.25320834005836,5.0,0.5699688092250241,89.06103488156756,84.39245371117595,90.27849074223519,76.0,-1.0,3.0
134.0,0.003,0.0,0.0,0.0,0.0,0.0,64.46757931772478,1.7467579317724784,0.0,0.0,114.0,66.0,180.0,6.935158635449566,0.5699688092250241,89.06103488156756,100.53242068227522,101.53242068227522,76.0,-1.0,3.0
130.6443824104028,0.0,0.0041223307817950545,0.002355617589597174,0.0,0.0,0.0,68.28876482080565,0.35889043973992935,77.52205162860777,3.7355617589597174,7.411095602600707,128.6443824104028,136.05547801300352,1.0,0.0,132.23328680780213,131.6443824104028,133.23328680780213,0.0,0.0,3.0
129.0,0.0,0.001,0.006652656673741157,0.006,0.0,0.0,66.65265667374116,3.2,0.0,0.0,85.55749322014148,60.44250677985852,146.0,7.347343326258843,0.0,105.0,80.78463193847622,107.34734332625884,9.347343326258843,0.0,3.0
110.0,0.003,0.002,0.006,0.006100166654312728,0.0,0.0,68.0,3.1,0.0,0.0,133.0,60.0,193.0,8.0,0.0,91.0,82.10016665431273,95.0,42.0,-1.0,3.0
129.0,0.0,0.001,0.006,0.006065470190326469,0.0,0.0,65.97817660322451,2.897817660322451,0.0,0.0,94.15276377742843,50.0,144.15276377742842,7.978176603224511,0.043646793550979,105.0,85.06547019032647,109.06547019032647,11.043646793550979,0.0,3.0
131.65515874470236,0.0,0.002353472196770876,0.0013448412552976435,0.0,0.0,0.0,70.31031748940471,0.3336210313824411,80.30168654793148,3.6344841255297644,7.663789686175589,129.65515874470236,137.31894843087795,1.0,0.0,132.99136905852677,132.65515874470236,133.99136905852677,0.0,0.0,3.0
132.5607332105626,0.0,0.0010366055657864497,0.005853577736854201,0.002475872355223844,0.0,0.0,60.03660556578645,2.6743761039494856,0.0,8.079201632904716,104.74376103949486,60.0732111315729,164.81697217106776,5.109816697359349,0.0,118.81697217106775,100.0,111.7803666052813,53.2196333947187,0.0,3.0
131.68050455038554,0.0014398318165381582,0.0,0.010319495449614474,0.007398318165381581,0.0,0.0,61.0,2.3361009100771053,0.0,0.0,129.80084091730922,51.12033636692368,180.9211772842329,6.120336366923684,0.0,123.24067273384736,96.87966363307632,107.71781361499606,76.0,0.0,3.0
128.0631775379669,0.0,0.0019368224620330918,0.007,0.0051263550759338165,0.0,0.0,65.93682246203309,2.7252710151867636,0.0,0.0,132.2220544363123,62.1786920064302,194.4007464427425,4.3790652278014495,0.06317753796690817,105.0,88.62093477219855,112.0,20.557757234231644,-0.06317753796690817,3.0
143.52967908642577,0.0,0.01,0.0,0.0,0.0,0.0,78.11161605213759,0.31045157585720473,76.68645272428385,7.847742120713977,80.88838394786241,71.0,151.8883839478624,2.0522578792860235,0.0,144.89548424142797,143.89548424142797,145.89548424142797,1.0,1.0,3.0
133.0,0.0,0.0,0.010837586638148322,0.0021624133618516773,0.0,0.0,60.0,3.0,0.0,0.0,101.06844676648087,58.0,159.06844676648086,4.581206680925838,0.0,125.0,95.41879331907415,103.83758663814832,76.0,0.0,3.0
150.26015779096204,0.0,0.002,0.0,0.0,0.0,0.0,83.21952662711385,0.3260157790962051,34.91873767230359,5.512189349154462,19.642209073468717,137.39842209037948,157.04063116384822,0.5203155819241023,0.0,150.5203155819241,150.26015779096204,151.5203155819241,0.26015779096205116,0.26015779096205116,3.0
120.0,0.0,0.0,0.00353835807003854,0.007500000000000001,0.0,0.0,59.26917903501927,1.6,0.0,9.584656771984584,85.0,69.0,154.0,4.0,0.5699688092250241,89.65410482490365,106.46164192996146,106.46164192996146,65.49932745525051,0.0,3.0
129.9625941809945,0.0,0.01,0.0,0.0,0.0,0.0,80.0,0.30374058190055064,0.0,7.388778254298348,48.382803986409144,96.33665237104955,144.7194563574587,2.94389127149174,0.0,108.33665237104955,123.01870290950275,122.05610872850826,38.28928943889537,1.0,3.0
148.46081962533452,0.0,0.0005130601248884957,0.0012565300624442477,0.0,0.0,0.0,81.76959018733274,0.37434699375557523,20.59142087421947,6.740857912578053,42.460819625334516,130.51306012488848,172.973879750223,2.0,0.0,149.947759500446,148.20428956289027,149.46081962533452,0.7434699375557522,-0.2565300624442478,3.0
120.0,0.0,0.0,0.003691650797051851,0.007500000000000001,0.0,0.0,60.037476195577774,1.5654174601474076,0.0,9.454174601474076,85.0,69.0,154.0,4.345825398525926,0.5699688092250241,89.27087300737037,105.27087300737037,104.92504760884445,62.69165079705185,-0.34582539852592553,3.0
150.0,0.0,0.008754343186233762,0.0,0.0,0.0,0.0,79.82092603964286,0.4,34.0380473448052,5.734863608451299,12.9904881637987,146.21712130516235,159.20760946896104,0.0,0.0,151.80190236724027,153.4057071017208,154.4057071017208,0.8019023672402599,0.19809763275974013,3.0
134.0,0.001,0.0,0.01130400923628517,0.007500000000000001,0.0,0.0,27.30400923628517,3.8999999999999995,0.0,0.0,150.0,50.0,200.0,5.4346697454283905,0.5699688092250241,89.06103488156756,107.0,106.5653302545716,76.0,0.0,3.0
131.92786497337667,0.0,0.01,0.0038557299467533446,0.002463932486688336,0.0,0.0,61.463932486688336,1.9,0.0,8.542146857824477,117.32955280616827,57.85572994675334,175.1852827529216,7.752472593181647,0.0,131.21640507987,114.43281015973997,124.04101269967495,63.495054813636706,0.0,3.0
110.0,0.003027994670368463,0.002,0.005972005329631537,0.006055989340736926,0.0,0.0,67.97200532963154,3.1055989340736927,0.0,0.0,132.9160159888946,60.083984011105386,193.0,7.916015988894611,0.0,90.91601598889461,82.08398401110539,95.05598934073693,42.47590939626387,-1.0,3.0
133.0,0.0,0.001,0.005391472727303534,0.002217054545392933,0.0,0.0,60.0,2.91744181819106,0.0,8.648061818224946,105.0,60.0,165.0,5.782945454607066,0.0,97.25969090887527,98.0,107.0,49.6976727276424,0.0,3.0
147.30098725582636,0.0,0.004300987255826363,0.0013009872558263625,0.0,0.0,0.0,75.14555734878137,0.26504936279131813,71.55345539539226,4.355345539539226,14.951480883739544,136.3495063720868,151.30098725582636,0.3495063720868188,0.0,148.6019745116527,146.6019745116527,148.6019745116527,0.3495063720868188,0.6504936279131812,3.0
134.0,0.001,0.0,0.0103422873546638,0.007500000000000001,0.0,0.0,26.3422873546638,3.8999999999999995,0.0,0.0,150.0,50.0,200.0,5.114095784887933,0.5699688092250241,89.06103488156756,107.0,106.88590421511206,76.0,0.0,3.0
128.84875317126506,0.0,0.0011512468287349345,0.006151246828734935,0.005,0.0,0.0,66.84875317126506,3.209251902759039,0.0,0.0,129.0,63.0,192.0,6.546259513795197,0.0,105.0,81.36122145861441,107.75623414367467,15.058727801144542,-0.8487531712650654,3.0
138.0,0.0,0.00045063385990247017,0.009,0.007500000000000001,0.0,0.0,57.0,2.5225316929951234,0.0,0.7,106.0,55.0,161.0,6.0,0.5699688092250241,135.0,108.54936614009753,122.77468307004877,76.0,1.0,3.0
150.2509666613403,0.0,0.01,0.0,0.0,0.0,0.0,73.50966661340298,0.4,20.760633274743277,7.523550007989553,20.262566597423874,136.74130004793733,157.0038666453612,0.501933322680596,0.0,151.2509666613403,151.0,152.2509666613403,0.250966661340298,1.0,3.0
131.20739269409364,0.0,0.0011493839421588621,0.005402464231364552,0.003941991248065208,0.0,0.0,60.14938394215886,2.68049284627291,0.0,7.281724961955186,103.95431240488796,60.298767884317726,164.25308028920568,5.448151826476586,0.0,118.25308028920568,100.0,110.25308028920568,53.89630365295317,0.0,3.0
134.0,0.004,0.001,0.001,0.003,0.0,0.0,61.56122278828253,1.8,0.0,0.0,118.0,66.0,184.0,5.4387772117174755,0.0,89.06103488156756,108.63266327030485,108.7551088468699,76.0,-1.0,3.0
120.0,0.0,0.0,0.002046781822748733,0.006476609088625634,0.0,0.0,62.953218177251266,1.2046781822748733,0.0,4.919874566919045,81.5701727341231,71.38304544312817,152.95321817725127,4.5701727341230995,0.5233909113743664,89.06103488156756,100.04678182274873,100.04678182274873,48.37425458198986,-0.47660908862563356,3.0
132.0,0.0,0.0,0.010426155640653911,0.0008852311281307826,0.0,0.0,32.0,1.3,0.0,14.13113867687847,90.11476887186922,60.0,150.11476887186922,1.8852311281307825,0.5699688092250241,99.0,116.88523112813078,125.0,62.26245759056139,1.0,3.0
144.7412572401449,0.0,0.002580419080048305,0.0,0.0,0.0,0.0,80.02097785344604,0.2139860306650565,67.55944122660226,3.9139860306650562,13.0,136.72027938669888,149.72027938669888,1.0,0.0,145.1608381600966,143.5804190800483,145.44055877339775,1.0,0.0,3.0
128.27718569679152,0.0,0.0017228143032084837,0.006722814303208484,0.005,0.0,0.0,66.27718569679152,2.86631141807491,0.0,0.0,129.0,63.0,192.0,4.831557090374549,0.0,105.0,86.50532872887635,110.61407151604242,19.059700122459386,-0.2771856967915163,3.0
133.0,0.0,0.001,0.005067668361900001,0.0029323316380999984,0.0,0.0,60.932331638099996,2.3270673447600005,0.0,5.216538758080005,105.0,60.0,165.0,4.067668361900002,0.0,127.39098474289999,102.7969949143,115.7293265524,68.84963784769997,0.0,3.0
132.83134038891907,0.0,0.0,0.0,0.0,0.0,0.0,79.70783509722978,0.2,82.18278722458729,1.4168659611080925,3.8764947083106938,131.24701058337862,135.1235052916893,1.0,0.0,133.53917548614885,132.83134038891907,134.53917548614885,0.0,1.0,3.0
128.45646178265736,0.0,0.01,0.003456461782657354,0.002,0.0,0.0,30.0,2.1,0.0,8.554353821734264,128.0,54.0,182.0,12.456461782657353,0.0,129.0,104.0,120.0,76.0,0.0,3.0
131.01929585103866,0.0,0.0,0.005836549308506443,0.0010624294947081173,0.0,0.0,34.206584335163015,1.3245176037240336,0.0,13.395686635633053,90.34619723402578,60.735528111721,151.08172534574678,1.2451760372403347,0.5699688092250241,98.34619723402578,115.18274654253221,123.44721843081122,70.69239446805155,0.9182746542532217,3.0
142.74980384917194,0.0,0.01,0.0,0.0,0.0,0.0,80.74980384917194,0.2,82.18278722458729,3.1708496792356717,8.916601283057313,137.83320256611464,146.74980384917194,1.0,0.0,143.29150320764327,142.29150320764327,143.74980384917194,0.0,0.0,3.0
126.66834084156949,0.0,0.01,0.0034540888613901408,0.00684696287130047,0.0,0.0,51.05619232677137,2.2030607425739905,0.0,0.0,106.63773341582957,54.48469628713005,161.12242970295964,5.0,0.5699688092250241,89.06103488156756,85.06121485147982,86.5,76.0,-1.0,3.0
137.1711272991836,0.0,0.0016684509196734486,0.009165774540163275,0.007500000000000001,0.0,0.0,57.49732362048983,2.6663098160653105,0.0,0.5839578218857069,105.66845091967345,55.49732362048983,161.16577454016328,5.834225459836724,0.5699688092250241,133.34225459836725,105.0107055180407,118.85028373689777,76.0,0.8342254598367242,3.0
130.0543018529997,0.0,0.01,0.0,0.0,0.0,0.0,80.0,0.3,0.0,7.410860370599944,49.0,96.0,145.0,3.0,0.0,108.0,123.10860370599943,122.32581111799831,39.325811117998306,1.0,3.0
133.45007388555803,0.00015002462851933804,0.000849975371480662,0.005399901485922648,0.002450073885558014,0.0,0.0,54.59911337330383,2.6399901485922648,0.0,6.9697980461414275,106.65027091371272,58.649778343325956,165.30004925703867,5.150024628519338,0.30004925703867613,120.05017239963537,102.25036942779008,113.50024628519338,53.60009851407735,0.0,3.0
150.6690223373291,0.0,0.01,0.0,0.0,0.0,0.0,77.69022337329108,0.4,25.359245710620193,6.896466494006338,25.697290385278407,132.97879896403802,158.67608934931644,1.3380446746582166,0.0,151.6690223373291,151.0,152.6690223373291,0.6690223373291083,1.0,3.0
129.0,0.0,0.001,0.006,0.006,0.0,0.0,66.0,3.0613113316998177,0.0,0.0,95.07540887799878,50.0,145.0754088779988,8.0,0.0,105.0,83.38688668300182,108.4622955610006,10.462295561000607,0.0,3.0
133.0,0.001,0.0,0.008823531083169018,0.004,0.0,0.0,61.58823445841549,2.4058827707922545,0.0,0.0,132.58823445841549,52.0,184.58823445841549,5.0,0.0,125.0,98.35293783366197,108.82353108316902,76.0,0.0,3.0
133.0,0.0,0.001,0.005349026532849046,0.0026509734671509542,0.0,0.0,60.650973467150955,2.4396106131396182,0.0,6.1168849051169465,105.0,60.0,165.0,4.349026532849046,0.0,124.85876120435859,101.95292040145286,114.60389386860382,64.06654894156623,0.0,3.0
150.5454318694069,0.0,0.002909136261186189,0.0,0.0,0.0,0.0,81.45456813059309,0.4,32.54568130593095,5.9636046171696675,23.99950112695192,138.1822263506757,162.18172747762762,1.090863738813811,0.0,152.0,152.90913626118618,153.90913626118618,1.0,0.0,3.0
120.0,0.0,0.0,0.0039377268941181145,0.007500000000000001,0.0,0.0,59.18681931764566,1.5813180682354344,0.0,10.994135720000795,83.0,69.0,152.0,4.1245462117637715,0.5699688092250241,90.68863447059057,105.68863447059057,105.68863447059057,56.0,0.0,3.0
147.94998940491868,0.0,0.01,0.0,0.0,0.0,0.0,81.56251324385165,0.2,82.18278722458729,2.851250264877033,7.562513243851658,143.4124814586077,150.97499470245933,1.0,0.0,147.94998940491868,146.94998940491868,148.94998940491868,0.0,0.0,3.0
150.4512289378627,0.0,0.002129560210438766,0.001612807234465679,0.0,0.0,0.0,64.48473488980889,0.38064036172328397,74.58078914830148,6.932315659320593,48.55025892791926,112.93298809610765,161.48324702402692,3.612807234465679,0.0,157.0960542584926,155.28965064125975,157.28965064125975,1.0,1.0,3.0
120.0,0.0,0.0,0.004459239877596958,0.006540760122403042,0.0,0.0,63.081520244806086,1.3918479755193915,0.0,8.813315889837263,85.0,69.0,154.0,3.459239877596958,0.5699688092250241,89.06103488156756,98.83695951038783,95.29619938798479,55.34783804155133,-1.0,3.0
133.68826053467438,0.0009480434224457316,0.01,0.009636303957120122,0.007500000000000001,0.0,0.0,26.415652620434148,3.8999999999999995,0.0,0.20782631021707365,149.74021711222866,50.20782631021707,199.94804342244572,5.31173946532561,0.5699688092250241,89.06103488156756,106.58434737956586,106.74021711222866,76.0,-0.05195657755426841,3.0
146.42744360123194,0.0,0.003205827009239503,0.0,0.0,0.0,0.0,81.86278199384033,0.2,80.3588345981521,3.0496052604311767,10.854887202463868,139.78627819938404,150.6411654018479,0.7862781993840331,0.0,146.42744360123194,145.6411654018479,147.42744360123194,0.0,0.0,3.0
136.99318108932013,0.0,0.0015972724357280511,0.01,0.007500000000000001,0.0,0.0,58.40272756427195,2.600681891067987,0.0,0.9583634614368307,105.79863621786403,56.00681891067987,161.80545512854388,7.395908653592077,0.5699688092250241,118.6109102570878,101.79181730718415,116.18090705009635,76.0,0.0,3.0
130.7758625046641,0.0002586208348880388,0.01,0.004293104174440194,0.0032586208348880387,0.0,0.0,37.534487551305276,2.2,0.0,5.7827574878732975,135.2241374953359,53.48275833022392,188.7068958255598,10.93103332089569,0.0,127.96551666044785,104.44827499067176,118.37930831156746,76.0,0.0,3.0
120.0,0.0,0.0,0.004835293646567704,0.007500000000000001,0.0,0.0,61.50588093970311,1.5164706353432296,0.0,9.178824612894282,84.67058729313541,69.0,153.6705872931354,4.835293646567704,0.5699688092250241,89.06103488156756,102.65882541372919,101.82353176716148,62.682349172541635,-0.8352936465677041,3.0
129.0,0.0,0.0003302150648714976,0.006,0.007500000000000001,0.0,0.0,65.3302150648715,2.6660430129742996,0.0,0.0,98.68849454589952,50.0,148.68849454589952,8.009354805385508,0.5699688092250241,105.0,89.01870961077101,112.00935480538551,12.339569870257005,0.0,3.0
133.40547892035912,0.0,0.00343248494311365,0.0,0.000756751505688635,0.0,0.0,78.24324849431136,0.2243248494311365,82.18278722458729,3.4351661164370535,40.648921704190975,96.72955119341358,137.37847289760458,5.02700602275454,0.0,134.40547892035912,133.40547892035912,135.40547892035912,1.0,1.0,3.0
134.0,0.003,0.0,0.0,0.0,0.0,0.0,64.51938585950394,1.7519385859503938,0.0,0.0,114.0,66.0,180.0,7.038771719007874,0.5699688092250241,89.06103488156756,100.48061414049606,101.48061414049606,76.0,-1.0,3.0
128.0,0.0,0.0022048812741507127,0.007,0.006,0.0,0.0,65.0,2.5,0.0,0.0,129.0,63.0,192.0,5.795118725849288,0.0,106.04881274150712,94.61464382245214,115.20488127415071,27.385356177547862,0.0,3.0
129.0,0.0,0.001,0.006122169921847959,0.007500000000000001,0.0,0.0,65.24433984369591,2.8488679687391834,0.0,0.0,98.43443164119286,51.95471874956735,150.3891503907602,7.0,0.5699688092250241,105.0,85.26698046891225,111.38915039076021,12.511320312608163,0.0,3.0
123.0,0.0,0.0017591637099030584,0.0001204181450484708,0.0,0.0,0.0,70.36125443514541,0.3,56.16752661087247,6.607330967922446,30.638745564854588,100.96334516038776,131.60209072524236,0.36125443514541233,0.0,123.0,121.36125443514541,123.24083629009694,1.0,0.8795818549515292,3.0
130.0,0.001870578425046007,0.001870578425046007,0.008517686299815972,0.007500000000000001,0.0,0.0,63.74115685009201,2.461173527513802,0.0,0.0,161.0,50.0,206.0,7.258843149907986,0.0,89.06103488156756,83.77652944972395,113.870578425046,76.0,-0.8705784250460069,3.0
130.95518484552616,0.0017612037886184607,0.0015224075772369214,0.009193981056907696,0.007500000000000001,0.0,0.0,55.642132601646125,3.407425603249849,0.0,0.0,158.37324167480307,50.0,206.0,6.76120378861846,0.5699688092250241,89.06103488156756,88.73110907315694,112.08963030894769,76.0,-0.7612037886184607,3.0
132.19504262327604,0.0005487606558190119,0.0009024786883619762,0.010292563934914071,0.007500000000000001,0.0,0.0,45.695855734696565,3.8999999999999995,0.0,0.0,154.96363278599088,50.0,204.96363278599088,6.451239344180988,0.5699688092250241,89.06103488156756,92.56034098620839,106.90247868836198,76.0,-0.4512393441809881,3.0
123.0,0.0,0.0,0.0,0.0,0.0,0.0,74.03002068771825,0.2984989656140875,82.18278722458729,2.807505171929562,9.030020687718249,119.96997931228175,129.0,1.984989656140875,0.0,123.0,123.96997931228175,124.98498965614087,0.0,0.0,3.0
134.13993761845006,0.0,0.0,0.00977201247630999,0.005279875236900097,0.0,0.0,59.316037428929974,2.8860062381549954,0.0,0.1595912665830067,104.45597504738002,57.316037428929974,161.77201247630998,5.227987523690009,0.22798752369000963,127.2798752369001,98.19182533166014,107.5597504738002,76.0,0.22798752369000963,3.0
139.8641628938722,0.0,0.01,5.433484245111964e-05,0.0,0.0,0.0,77.78266063019552,0.202716742122556,82.18278722458729,3.4027167421225557,8.02716742122556,135.89133031509775,143.91849773632333,1.0,0.0,140.8641628938722,139.89133031509775,140.89133031509775,0.0,0.0,3.0
122.58684132134442,0.0,0.00019561377378147615,0.00019561377378147615,0.0005216367300839365,0.0,0.0,81.95672653983213,0.5782455095125905,5.608772452437048,14.582808376336324,68.0,63.043273460167875,131.04327346016788,0.45643213882344436,0.0,121.9347954087395,121.60877245243705,122.80438622621853,3.7824550951259046,0.934795408739508,3.0
137.68034311593834,0.0,0.01,0.0009278627536246655,0.0,0.0,0.0,73.75248036231368,0.24639313768123328,82.18278722458729,3.6072137246375338,8.463931376812333,134.14427449275067,142.608205869563,1.0,0.0,138.68034311593834,138.14427449275067,139.68034311593834,0.0,0.0,3.0
133.4538989706922,0.0,0.00018155958827687966,0.00990922020586156,0.003726238353107518,0.0,0.0,60.63688082344624,2.7818440411723118,0.0,0.06354585589690787,105.09077979413844,56.81844041172312,161.90922020586157,6.0,0.09077979413843984,125.9077979413844,96.99857773552284,104.72481608863035,76.0,0.09077979413843984,3.0
120.0,0.0,0.0,0.004,0.007500000000000001,0.0,0.0,62.53870179795271,1.9538701797952713,0.0,1.7990629879844144,128.0,63.0,191.0,11.077403595905428,0.5699688092250241,107.0,93.92259640409458,105.53870179795271,36.46129820204729,-1.0,3.0
130.5021874919657,0.0009956250160685805,0.01,0.007973750096411483,0.007500000000000001,0.0,0.0,60.00437498393142,1.9995625016068581,0.0,6.176906151178231,127.50218749196571,53.01312495179426,180.51531244375997,9.50656247589713,0.5699688092250241,127.52843739555422,110.54156234734849,123.03499987145136,67.95187517675438,0.0,3.0
129.2616841003036,0.0,0.01,0.0034218947998265223,0.0028945263000433696,0.0,0.0,28.683578900130108,2.421494769908924,0.0,9.023494919496914,137.0547369995663,53.578105200173475,190.63284219973977,12.472631500216847,0.10547369995663058,128.6835789001301,105.89452630004337,121.05073670039033,76.0,0.0,3.0
121.0,0.0,0.001,0.003343219895275706,0.007500000000000001,0.0,0.0,67.31356020944858,2.1,0.0,2.196607329764518,103.02965968582711,55.0,158.0296596858271,4.372879581102824,0.5699688092250241,89.06103488156756,81.05931937165424,86.5,76.0,-1.0,3.0
131.0,0.0,0.01,0.0024663094818006765,0.006576825284801804,0.0,0.0,69.31265891219707,1.4509444248403156,0.0,1.3520159794382867,64.61996005140429,81.20214310919594,145.82210316060022,6.2884126424009015,0.0,118.68734108780293,117.60107155459797,121.4231747151982,20.336905181993234,0.17789683939977452,3.0
133.0,0.001,0.0,0.009380420007507563,0.004,0.0,0.0,62.23915998498487,2.3282520045045376,0.0,0.0,132.61957999249245,52.0,184.61957999249245,4.3804200075075626,0.0,125.0,94.76084001501512,101.94546009759831,76.0,-0.6195799924924377,3.0
133.77561185092532,0.0023268355527759823,0.0,0.0008975525962986899,0.0008975525962986899,0.0,0.0,64.55122370185066,1.8224388149074673,0.0,0.0,111.75611850925327,65.1024474037013,176.8585659129546,7.326835552775982,0.5699688092250241,89.06103488156756,98.4292829564773,98.98050665832795,76.0,-1.0,3.0
120.0,0.0,0.0,0.004035523346099188,0.007500000000000001,0.0,0.0,59.10657003829756,1.5964476653900812,0.0,11.018296303971866,83.07104669219838,69.0,152.07104669219837,4.035523346099188,0.5699688092250241,90.82238326950406,105.85790661560324,105.82238326950406,56.284186768793504,-0.03552334609918839,3.0
126.98116770436155,0.0,0.01,0.0038150658365107564,0.002,0.0,0.0,29.184934163489245,2.5482862100809163,0.0,10.800677758579042,131.6677962642984,53.184934163489245,184.85273042778763,11.184934163489244,0.2037664591276891,128.38870062261694,104.20376645912769,118.57363478610618,76.0,0.0,3.0
127.2799555743369,0.0,0.0014766703688052587,0.004093318524778965,0.007500000000000001,0.0,0.0,60.47667036880526,2.418663704955793,0.0,6.365322967345276,101.66330741836319,60.95334073761052,162.6166481559737,6.430011106415776,0.0,116.6166481559737,100.0,108.6166481559737,55.86002221283155,0.0,3.0
148.0,0.0,0.009990034293407972,0.0005742759161691511,0.0,0.0,0.0,74.13858612574627,0.22871379580845755,81.12862041915425,3.388134528743778,9.58424162276118,142.41575837723883,152.0,0.7128620419154245,0.0,148.57427591616914,148.0,149.28713795808457,0.0,0.28713795808457554,3.0
129.0,0.0,0.001,0.00579285441903384,0.007500000000000001,0.0,0.0,65.0,2.8207145580966158,0.0,0.0,101.0,50.0,151.0,6.792854419033839,0.5699688092250241,105.0,87.17141767613536,111.79285441903384,12.792854419033839,0.0,3.0
120.0,0.0,0.0,0.0014224066341188425,0.007422406634118843,0.0,0.0,64.0,1.1844813268237686,0.0,0.0,78.73278009764347,71.88796682940578,150.62074692704925,5.112033170594213,0.0,89.06103488156756,98.57759336588116,99.42240663411884,39.15518673176231,-0.5775933658811575,3.0
129.3654175824497,0.0,0.01,0.0036345824175503037,0.0023654175824496964,0.0,0.0,29.634582417550305,2.1365417582449697,0.0,8.244207692285212,130.92334065959756,54.0,184.92334065959756,13.0,0.0,129.0,104.73083516489939,120.73083516489939,76.0,0.0,3.0
150.0,0.0,0.0017979141596158941,0.0,0.0,0.0,0.0,84.0,0.3,35.98957079807947,5.402085840384106,16.808343361536423,139.19165663846357,156.0,0.0,0.0,150.0,150.0,151.0,0.20208584038410593,0.20208584038410593,3.0
131.58388189064982,0.0,0.01,0.003563734253962094,0.002375822835974729,0.0,0.0,73.66447243740072,0.7751645671949459,0.0,5.974506298415163,57.31537992591155,90.85238385538808,148.16776378129964,3.7919409453249098,0.0,119.48314370721118,121.41611810935018,122.79194094532491,43.355675199287006,1.0,3.0
134.0,0.0,0.0,0.0,0.0,0.0,0.0,80.08490993159296,0.2,82.18278722458729,1.3,3.0,133.0,136.0,1.0,0.0,135.0,134.0,136.0,0.0,1.0,3.0
110.0,0.00246697113275386,0.00253302886724614,0.0043348556637693,0.007500000000000001,0.0,0.0,68.0,3.1066057734492283,0.0,0.0,128.20274019478475,61.59908660173842,189.80182679652316,6.0,0.53302886724614,91.0,80.80182679652316,94.0,41.80182679652316,-1.0,3.0
142.57840659448186,0.0,0.00926249694881117,0.0,0.0,0.0,0.0,76.31476801179909,0.3315909645670696,76.05227106298791,7.742045177164652,82.68523198820091,71.0,153.6852319882009,2.157954822835348,0.0,144.6840903543293,143.6840903543293,145.6840903543293,1.0,1.0,3.0
129.04668853619444,0.0,0.0006958991181688025,0.005,0.005128706172818383,0.0,0.0,61.21640352732479,2.4654890299856826,0.0,5.6367828571673,106.82460529098718,60.91230264549359,167.73690793648078,6.520504409155988,0.30410088183119754,95.74258765436323,96.17539470901282,105.47949559084401,44.39179823633761,-0.30410088183119754,3.0
120.0,0.0,0.0,0.0034134772991234914,0.006620215948685237,0.0,0.0,62.0,1.341347729912349,0.0,9.275956810262953,83.41347729912349,69.0,152.41347729912349,5.793261350438255,0.5699688092250241,89.06103488156756,101.20673864956174,101.0,57.65390919649396,-0.2067386495617456,3.0
134.0,0.0026832383229324734,0.0006335233541350534,0.0,0.0006335233541350534,0.0,0.0,63.683238322932475,1.6366476645864947,0.0,0.0,109.56533652105463,67.58380838533763,177.14914490639225,5.366476645864947,0.5699688092250241,89.06103488156756,102.2670467082701,102.95028503120258,76.0,-1.0,3.0
128.57128297200498,0.0,0.01,0.003714358513997506,0.003714358513997506,0.0,0.0,36.142820743001245,2.557153777099626,0.0,0.0,118.71461331298877,54.0,172.71461331298877,7.571537770996259,0.5699688092250241,89.06103488156756,90.428717027995,86.5,76.0,-1.0,3.0
132.7184297642973,0.0009061432547657664,0.01,0.007530716273828832,0.0039061432547657666,0.0,0.0,58.90272740727029,2.2,0.0,0.7320826128270221,133.2815702357027,52.18771349046847,185.46928372617117,5.750853961873869,0.0,125.37542698093694,100.5631404714054,109.31399443327928,76.0,0.0,3.0
120.0,0.0,0.0,0.0021076179495112357,0.006723095512622191,0.0,0.0,64.0,1.1,0.0,2.2429263477602523,81.38452243688904,72.61547756311096,154.0,2.723095512622191,0.2769044873778089,89.06103488156756,98.7230955126222,97.89238205048876,41.10761794951124,-1.0,3.0
129.0,0.0,0.001,0.006,0.005983521472715222,0.0,0.0,66.0,3.193408589086089,0.0,0.0,95.96704294543045,50.0,145.96704294543045,7.967042945430444,0.0,105.0,82.04943558185434,108.03295705456955,10.016478527284779,0.0,3.0
129.84426916829256,0.0,0.007844269168292551,0.0035778654158537247,0.0,0.0,0.0,65.56284611219503,0.38592884719512416,73.70355764024379,3.9,7.281423056097517,127.70355764024379,134.9849806963413,1.0,0.0,131.7035576402438,130.84426916829256,132.7035576402438,0.0,0.0,3.0
129.0,0.0,0.001,0.006,0.00660604700520747,0.0,0.0,65.7979843315975,3.1191937326390042,0.0,0.0,97.01007834201245,50.0,147.01007834201246,7.79798433159751,0.40403133680497993,105.0,83.21209401041494,108.80806267360995,10.60604700520747,0.0,3.0
130.78930192914368,0.0,0.00018422483923802614,0.003815775160761974,0.005289573874666183,0.0,0.0,63.73689935695211,1.9368449678476052,0.0,0.0,103.63155032152395,60.71042612533382,164.34197644685776,4.815775160761974,0.18422483923802613,89.06103488156756,90.78930192914369,91.07887580380986,76.0,-1.0,3.0
128.0,0.0,0.0021060102899921294,0.007,0.0051060102899921295,0.0,0.0,65.89398971000787,2.6787979420015744,0.0,0.0,129.0,63.0,192.0,4.106010289992129,0.0,105.95409260992916,89.84808231993703,112.42404115996852,21.424041159968517,0.0,3.0
146.07424468605024,0.0,0.0013085851046499238,0.001654292552324962,0.0,0.0,0.0,82.96287765697488,0.3345707447675038,26.160095732549465,6.183990426745053,40.07424468605023,131.30858510464992,171.38282979070016,2.0,0.0,146.7656595814003,145.41995213372527,147.07424468605024,0.34570744767503814,-0.6542925523249619,3.0
123.0,0.0,0.0,0.0,0.0,0.0,0.0,72.69579143355546,0.3,82.18278722458729,3.0825251398667275,10.52104283222273,118.47895716777727,129.0,1.8478957167777272,0.0,123.0,123.84789571677773,124.84789571677773,0.0,0.15210428322227287,3.0
129.0,0.0,0.001,0.005559676581631651,0.006880646836736698,0.0,0.0,65.55967658163165,2.9,0.0,0.0,97.08226392857844,50.0,147.08226392857844,7.119353163263302,0.5699688092250241,105.0,84.55967658163165,109.8806468367367,11.440323418368349,0.0,3.0
133.0,0.0,0.0,0.011230596050139605,0.001769403949860396,0.0,0.0,60.384701974930195,2.92305960501396,0.0,0.0,97.3847019749302,57.615298025069805,155.0,4.0,0.0,125.0,95.6152980250698,104.23059605013961,76.0,0.0,3.0
131.66614366004248,0.0,0.01,0.004,0.004,0.0,0.0,35.08346408498938,2.691653591501062,0.0,0.0,142.91339787526542,54.0,196.91339787526542,8.916535915010616,0.5699688092250241,89.06103488156756,90.08346408498939,86.5,76.0,-1.0,3.0
133.0,0.0,0.001,0.005117583631592661,0.002882416368407339,0.0,0.0,60.0,2.7882416368407337,0.0,8.111758363159266,105.0,60.0,165.0,5.0,0.0,102.23408900026057,98.23516726318532,107.5879181579633,45.94066905274129,0.0,3.0
134.60720707088308,0.0,0.01,0.0008036035354415351,0.0,0.0,0.0,69.78558585823386,0.3,79.1783787873508,3.821441414176614,8.803603535441535,131.80360353544154,140.60720707088308,1.0,0.0,135.60720707088308,135.60720707088308,136.60720707088308,0.0,0.0,3.0
134.0,0.0025156203207299145,0.0005052067735766382,0.005453139037810256,0.00596875935854017,0.0,0.0,43.68223707518234,3.828652228335783,0.0,0.0,133.83338324554757,58.08330837722621,191.91669162277378,5.505206773576639,0.5699688092250241,89.06103488156756,109.52603386788319,109.02082709430655,76.0,-0.5052067735766382,3.0
128.0,0.0,0.0019671266152591705,0.00703287338474083,0.005,0.0,0.0,66.0,2.7065746769481662,0.0,0.0,129.0,63.0,192.0,4.06574676948166,0.03287338474082957,104.93425323051834,88.83563307629585,111.93425323051834,20.967126615259172,-0.03287338474082957,3.0
132.3289560828996,0.0,0.0,0.0,0.0,0.0,0.0,80.1644780414498,0.2,82.18278722458729,1.46710439171004,4.253282937825299,130.4934341243494,134.7467170621747,1.0,0.0,132.9111951036245,132.3289560828996,133.9111951036245,0.0,1.0,3.0
127.92055159518249,0.0,0.01,0.003063558723854009,0.002,0.0,0.0,29.93644127614599,2.134957298119705,0.0,8.771608554405823,128.28601425734303,53.93644127614599,182.22245553348904,11.936441276145992,0.015889680963502184,128.9523309571095,104.0158896809635,119.88877223325548,76.0,0.0,3.0
133.99624000358912,0.000332080001196373,0.000667919998803627,0.004671679995214508,0.002996240003589119,0.0,0.0,48.04511995693058,2.567167999521451,0.0,5.476943990189741,108.6528800131601,57.01127998923264,165.66416000239275,5.332080001196373,0.5699688092250241,121.3245600083746,104.9812000179456,115.32080001196373,54.32832000478549,0.0,3.0
120.0,0.0,0.0,0.002269342546507883,0.006365328726746059,0.0,0.0,62.730657453492114,1.2269342546507884,0.0,5.96590996858705,81.90401381976183,70.8266436337303,152.7306574534921,4.904013819761825,0.5699688092250241,89.06103488156756,100.26934254650789,100.26934254650789,50.15474037206306,-0.36532872674605854,3.0
146.33190979059157,0.0,0.002489323429436775,0.0,0.0,0.0,0.0,82.34045104704215,0.2,80.50213531411265,3.0161684267070497,10.66381958118314,139.83404510470422,150.49786468588735,0.834045104704215,0.0,146.33190979059157,145.49786468588735,147.33190979059157,0.0,0.0,3.0
120.0,0.0,0.0,0.005,0.007500000000000001,0.0,0.0,64.0,1.7,0.0,0.0,111.0,63.0,174.0,10.0,0.5699688092250241,89.06103488156756,92.11807224169536,101.88192775830464,42.88192775830464,-1.0,3.0
133.0,0.0,0.0,0.01114502062415877,0.0018549793758412302,0.0,0.0,60.42748968792061,2.914502062415877,0.0,0.0,100.41991750336493,57.57251031207939,157.9924278154443,4.85497937584123,0.0,125.0,96.0,104.14502062415878,76.0,0.0,3.0
127.35106637687008,0.0,0.0,0.0025132997826525618,0.0,0.0,0.0,86.16223340578247,0.28377665942175206,77.70213275374016,2.9811167028912395,15.026599565305125,114.64893362312992,129.67553318843505,0.0,0.0,127.35106637687008,125.51329978265257,128.35106637687008,0.0,0.8377665942175206,3.0
148.0,0.0,0.01,0.0,0.0,0.0,0.0,73.94956992009696,0.20126075199757593,77.88653232021817,3.6189112799636387,14.050430079903036,138.96217744007274,153.01260751997575,0.03782255992727712,0.0,148.02521503995152,148.0,149.01260751997575,0.0,0.01260751997575904,3.0
149.76097726544646,0.0,0.0,0.0008804886327232349,0.0,0.0,0.0,64.91828978546867,0.34402443163616175,74.55975568363839,5.468537495995559,32.04390906178588,125.79877841819192,157.8426874799778,3.4402443163616176,0.0,154.40244316361617,152.96219884725457,154.96219884725457,0.4402443163616174,1.0,3.0
129.89040151150928,0.0,0.01,0.0030547992442453526,0.0030547992442453526,0.0,0.0,36.47260037787732,2.458219886636803,0.0,0.0,115.74659659910408,54.0,169.7465965991041,6.582198866368029,0.5699688092250241,89.06103488156756,89.1095984884907,86.5,76.0,-1.0,3.0
129.0,0.0,0.001,0.006,0.007500000000000001,0.0,0.0,65.28064637763084,2.9122585510523367,0.0,0.0,99.59676811184579,50.0,149.5967681118458,7.280646377630841,0.5699688092250241,105.0,86.31612173421495,110.87741448947664,12.158060867107476,0.0,3.0
133.7805161060356,0.0035610322120712087,0.01,0.0004389677879287914,0.0013292258409465935,0.0,0.0,60.81748353751627,1.9877935575857584,0.0,0.0,122.74354867455494,64.68309663621363,187.42664531076858,9.0,0.21948389396439572,89.06103488156756,102.46361274224923,102.92722548449846,76.0,-1.0,3.0
121.0,0.0,0.001,0.003,0.007500000000000001,0.0,0.0,67.07940658464302,2.1,0.0,0.0,102.0,55.0,157.0,3.9205934153569704,0.5699688092250241,89.06103488156756,80.84118683071394,86.60296707678485,76.0,-1.0,3.0
120.0,0.0,0.0,0.0037314964903403624,0.007500000000000001,0.0,0.0,59.0,1.6,0.0,10.750945437442471,83.53700701931928,69.0,152.53700701931928,4.0,0.5699688092250241,91.0,106.26850350965964,106.26850350965964,57.61102105795783,0.0,3.0
133.93705972048792,0.0,0.00037482388819516443,0.009812588055902419,0.005061531385073405,0.0,0.0,60.81258805590242,2.7625176111804834,0.0,0.0,99.49929555278065,56.625176111804834,156.12447166458549,4.749647776390329,0.37482388819516443,123.50070444721935,95.74964777639033,105.62376721736615,76.0,0.0,3.0
130.0,0.001716354106314328,0.002,0.007858177053157164,0.007500000000000001,0.0,0.0,64.28364589368567,2.4858177053157164,0.0,0.0,161.0,50.0,206.0,7.0,0.0,89.06103488156756,81.86541642525731,113.14906231894298,76.0,-1.0,3.0
133.9046824306917,0.0,0.0003618729722766878,0.009819063513861656,0.0041712378336601266,0.0,0.0,60.0,2.9276254055446627,0.0,0.0,105.18093648613835,59.09531756930828,164.27625405544663,5.542809458415032,0.3618729722766878,123.55250811089324,97.36187297227669,107.17123783366013,76.0,0.0,3.0
129.62238126495663,0.0,0.01,0.003,0.003,0.0,0.0,34.0,2.291841249002891,0.0,3.708158750997109,135.80650616524574,54.0,189.80650616524574,10.459206245014455,0.5699688092250241,89.06103488156756,98.54079375498554,94.6527000797687,76.0,-1.0,3.0
128.0,0.0,0.0027102427986233114,0.007,0.0057102427986233115,0.0,0.0,65.28975720137669,2.5579514402753376,0.0,0.0,129.0,63.0,192.0,4.7102427986233115,0.0,111.3921851876098,94.6819423889865,114.84097119449325,23.840971194493246,0.0,3.0
124.82915101865373,0.0,0.0009430503395512452,0.003,0.0025148009054699874,0.0,0.0,80.02734784950879,0.7400901584572477,4.113899320897509,7.267888800252267,68.0,67.02960181093998,135.02960181093997,2.8861006791024906,0.0,121.68564988681625,120.11389932089752,122.05694966044875,5.400901584572478,0.6856498868162516,3.0
120.0,0.0,0.0,0.002413503696798444,0.007500000000000001,0.0,0.0,61.644160505335925,1.3355839494664075,0.0,5.229963678154243,81.41350369679844,71.64416050533593,153.05766420213436,3.4711678989328147,0.47116789893281463,89.06103488156756,102.2981752925297,102.2981752925297,47.538686382925036,-0.5288321010671854,3.0
147.64327379542095,0.0,0.01,0.0,0.0,0.0,0.0,71.96199412518482,0.28216368977104717,70.28654759084189,3.8178363102289525,13.821636897710471,138.64327379542095,152.4649106931314,1.0,0.0,149.28654759084188,147.28654759084188,149.28654759084188,0.17836310228952834,0.8216368977104717,3.0
131.37779559151963,0.0015407348028267862,0.0,0.010162939211307145,0.007500000000000001,0.0,0.0,61.45926519717322,2.091853039434643,0.0,0.0,129.7555911830393,50.918530394346426,180.6741215773857,5.0,0.0,122.83706078869285,98.91853039434643,111.7851436197875,76.0,0.0,3.0
146.71559653065088,0.0,0.007293579183905301,0.0,0.0,0.0,0.0,78.4954121427219,0.2,70.93578091857987,3.7926605204023676,13.357798265325442,137.71559653065088,151.07339479597633,0.6422017346745582,0.0,146.71559653065088,145.43119306130177,147.07339479597633,0.6422017346745582,0.0,3.0
150.4942124472503,0.0,0.0030115751054994003,0.0,0.0,0.0,0.0,81.5057875527497,0.4,33.057875527497,5.89189742615042,22.872673839506596,139.1041759494946,161.9768497890012,0.9884248945005998,0.0,152.0,153.0115751054994,154.0115751054994,1.0,0.0,3.0
131.51525224268835,0.0006870029902511267,0.01,0.0026564985048744367,0.003,0.0,0.0,38.6372701841951,2.1312997009748873,0.0,3.1473471592614297,126.28249252437219,56.06100897075338,182.34350149512557,9.312997009748873,0.5699688092250241,89.06103488156756,101.23275971831616,103.54575672806503,76.0,-1.0,3.0
129.0,0.0,0.001,0.006664791952629127,0.006329583905258254,0.0,0.0,65.67041609474174,3.1670416094741745,0.0,0.0,162.9043895840855,54.35770461582135,206.0,8.994375857887382,0.5699688092250241,105.0,81.99437585788738,110.32395976314564,14.0,-1.0,3.0
121.0,0.0,0.001,0.003,0.007500000000000001,0.0,0.0,67.17376159313574,2.1,0.0,0.0,102.0,55.0,157.0,3.826238406864256,0.5699688092250241,89.06103488156756,80.78463193847622,86.5,76.0,-1.0,3.0
144.5600701016539,0.0,0.0008639579390076579,0.0,0.0,0.0,0.0,81.98409814231546,0.22879859796692192,78.40812618297703,2.986395793900766,9.71201402033078,139.42402804066157,149.13604206099234,1.0,0.0,145.42402804066157,144.42402804066157,146.42402804066157,0.0,0.28798597966921924,3.0
137.91173855249698,0.0,0.006607825701664655,0.004955869276248491,0.0016519564254161637,0.0,0.0,65.13239217125452,2.0693586041453553,1.6519564254161636,1.4311416173974685,49.03912850832327,90.04663183146563,139.0857603397889,2.4779346381242453,0.0,130.1298910635404,123.17402178729192,129.1298910635404,9.259782127080818,1.0,3.0
144.70446234966474,0.0,0.0011006374785235333,0.0008993625214764667,0.0,0.0,0.0,82.79872504295294,0.3100637478523533,30.6980875644294,5.880509982818826,37.59745008590587,131.79872504295292,169.3961751288588,2.0,0.0,144.80509982818828,144.80509982818828,145.80509982818828,0.10063747852353333,-0.8993625214764667,3.0
138.0,0.0,0.00047974822551188944,0.009,0.007500000000000001,0.0,0.0,57.0,2.5239874112755945,0.0,0.7,106.0,55.0,161.0,6.0,0.5699688092250241,135.0,108.52025177448812,122.76012588724406,76.0,1.0,3.0
121.27774790784895,0.0,0.0001419719897609939,0.0027098599488049697,0.007500000000000001,0.0,0.0,63.56788795904397,1.5697467805458885,0.0,0.0,82.57408403071702,68.57408403071702,151.14816806143403,6.141971989760994,0.0,106.716056020478,97.16056020478013,101.85183193856597,23.586476174063105,0.0,3.0
131.0438242347465,0.0,0.0,0.0,0.0,0.0,0.0,77.60823435367134,0.2,82.18278722458729,2.1175296938986,6.347941411582166,128.39176564632868,134.73970705791083,1.0,0.0,131.0438242347465,131.39176564632868,132.39176564632868,0.0,0.6520585884178334,3.0
134.09929804218916,0.0,0.007145437274229636,0.0005496490210945874,0.0,0.0,0.0,70.80140391562165,0.3,80.70210587343247,3.719859608437835,8.549649021094588,131.54964902109458,140.09929804218916,1.0,0.0,135.09929804218916,135.09929804218916,136.09929804218916,0.0,0.0,3.0
120.0,0.0,0.0,0.005,0.007500000000000001,0.0,0.0,60.502347326073384,1.5748826336963306,0.0,9.075352098911008,85.0,69.0,154.0,4.0,0.5699688092250241,89.06103488156756,103.99530534785323,103.24178435874315,72.23708970659638,-0.25117366303669353,3.0
110.0,0.0036511475848816743,0.0006977048302366517,0.007953442754645022,0.007,0.0,0.0,68.0,3.034885241511833,0.0,0.0,133.0,60.0,193.0,7.348852415118326,0.0,91.0,85.6045903395267,95.0,41.34885241511832,-1.0,3.0
134.0,0.0021372142975647065,0.00037907143252156883,0.006588357107305882,0.007104642837392155,0.0,0.0,38.88842870573334,3.8999999999999995,0.0,0.0,135.97435699670194,57.96050008295295,193.9348570796549,5.758142865043138,0.5699688092250241,89.06103488156756,111.16978575773726,109.27442859512941,76.0,-0.37907143252156883,3.0
121.29525010678068,0.0,0.0,0.0014094997864386176,0.004228499359315853,0.0,0.0,74.54300128136829,0.8876124412706199,3.8857503203420736,13.908600256273658,73.28562419914482,64.46662462626757,137.7522488254124,1.4094997864386176,0.3523749466096544,116.00962590763588,116.36200085424554,117.36200085424554,12.866498505070323,0.6476250533903456,3.0
121.0,0.0,0.001,0.00331710489383048,0.007500000000000001,0.0,0.0,67.68289510616952,2.1,0.0,0.0,102.0,55.0,157.0,3.3171048938304803,0.5699688092250241,89.06103488156756,80.78463193847622,86.5,76.0,-1.0,3.0
130.0,0.0014712871673981647,0.0009425743347963292,0.010114851330407341,0.007500000000000001,0.0,0.0,62.942574334796326,2.2356435836990824,0.0,0.0,143.0237636915376,50.0,193.0237636915376,7.0,0.0,89.06103488156756,89.34455399122203,112.94257433479633,76.0,-0.47128716739816456,3.0
124.95820987603031,0.0,0.00881194444213639,0.0,0.0,0.0,0.0,68.06268518595454,0.3,75.04179012396969,3.5125370371909073,8.2298456818333,119.79104938015155,128.02089506198485,0.020895061984845476,0.0,124.95820987603031,124.95820987603031,125.95820987603031,0.0,0.020895061984845476,3.0
125.29272075533837,0.0,0.0010975735851127895,0.0010975735851127895,0.0029268628936341056,0.0,0.0,77.14627421273178,0.9390294340451157,3.804852829774421,9.892617357413494,68.0,67.85372578726822,135.85372578726822,2.5610050319298416,0.0,121.63414213829574,119.80485282977442,121.90242641488722,7.390294340451158,0.6341421382957368,3.0
150.0,0.0,0.002621205775306492,0.00012626474156450274,0.0,0.0,0.0,80.1262647415645,0.4,23.11614680904848,8.323229361809696,50.989882067483975,124.75758844938701,175.747470516871,1.1262647415645026,0.0,150.252529483129,151.747470516871,152.747470516871,1.8737352584354974,0.0,3.0
130.0285326862263,0.000676177562075434,0.01,0.003,0.002676177562075434,0.0,0.0,29.323822437924566,2.0323822437924566,0.0,8.261911218962283,116.50498144471763,54.0,170.50498144471763,13.246502024899133,0.0,129.0,109.40942049660347,125.40942049660347,76.0,0.676177562075434,3.0
133.6502080308634,0.0,0.004226352200612087,0.000325104015431699,0.0,0.0,0.0,71.69958393827321,0.3,78.0,3.69753120462951,8.325104015431698,131.3251040154317,139.6502080308634,1.0,0.0,134.6502080308634,134.6502080308634,135.6502080308634,0.0,0.0,3.0
120.0,0.0,0.0,0.0043136728033139025,0.007500000000000001,0.0,0.0,59.941018409941705,1.5686327196686098,0.0,10.378552552378023,83.6273456066278,69.0,152.6273456066278,4.313672803313903,0.5699688092250241,89.43163598343048,104.74530878674439,104.43163598343048,58.50938242651122,-0.31367280331390257,3.0
132.0,0.0,0.0,0.01065179425918797,0.0009303588518375942,0.0,0.0,32.0,1.3,0.0,14.158215311102555,90.0696411481624,60.0,150.06964114816242,1.9303588518375943,0.5699688092250241,99.0,116.9303588518376,125.0,61.766052629786465,1.0,3.0
148.0,0.0,0.01,0.0,0.0,0.0,0.0,70.0,0.3,70.65023712564808,4.027345868328747,14.699525748703838,138.47535568847212,153.17488143717597,1.3497628743519188,0.0,150.0,148.0,150.0,0.0,1.0,3.0
129.71147451781158,0.0,0.01,0.003,0.003,0.0,0.0,29.0,2.2,0.0,7.713442355343472,137.29836466984793,54.0,191.29836466984793,13.144262741094213,0.0,129.0,106.14426274109421,122.28852548218843,76.0,0.0,3.0
123.45435911404704,0.0,0.002044616013211634,0.0,0.0,0.0,0.0,70.31846132892946,0.3,76.54564088595296,3.9636922657858906,16.501024872741336,112.27179557023516,128.7728204429765,0.7728204429764851,0.0,123.45435911404704,123.45435911404704,124.45435911404704,0.0,0.7728204429764851,3.0
150.51112337572883,0.0,0.0021629588747570597,0.0008147943737852993,0.0,0.0,0.0,80.34816450097176,0.416295887475706,24.08898700583056,7.186651949125416,33.67408225048588,131.6295887475706,165.30367099805648,1.8370411252429402,0.0,151.67408225048587,151.67408225048587,152.67408225048587,1.0,-0.16295887475705995,3.0
144.0,0.0,0.0012792760884544104,0.0012792760884544104,0.0,0.0,0.0,83.27927608845441,0.3,31.0,5.772072391154559,38.0,132.0,170.0,2.0,0.0,144.0,143.72072391154558,145.0,0.0,-1.0,3.0
125.14305528046967,0.0,0.0012857638201174153,0.005928645730176123,0.007071354269823877,0.0,0.0,63.92864573017612,2.2857291460352247,0.0,1.3927605507710403,128.64288191005872,63.0,191.64288191005872,7.42847235976517,0.35711808994129235,105.07135426982387,94.3571180899413,111.42881910058708,31.21406280947163,-0.35711808994129235,3.0
129.0,0.0,0.001,0.006,0.007082451720529494,0.0,0.0,65.30584942649017,2.8,0.0,0.0,98.85905401456881,50.0,148.8590540145688,6.694150573509831,0.5699688092250241,105.0,85.69415057350983,111.38830114701966,12.388301147019662,0.0,3.0
134.0,0.0034873452468549473,0.0,0.0,0.0004873452468549471,0.0,0.0,64.0,1.7974690493709893,0.0,0.0,116.92407148112969,66.0,182.9240714811297,7.462035740564842,0.5126547531450529,89.06103488156756,102.46203574056484,103.94938098741979,76.0,-1.0,3.0
134.0,0.002694689323303269,0.0006106213533934626,0.0,0.0006106213533934626,0.0,0.0,64.38937864660653,1.7084067969909806,0.0,0.0,109.72565052624576,67.52655338348366,177.25220390972942,6.778757293213075,0.5699688092250241,89.06103488156756,101.52655338348366,102.22124270678692,76.0,-1.0,3.0
123.33908814008205,0.0,0.01,0.003574711247257808,0.007500000000000001,0.0,0.0,62.98273557975383,1.9850577505484384,0.0,0.0,103.91379938733986,54.787355623628905,158.70115501096876,5.787355623628904,0.5699688092250241,89.06103488156756,80.78463193847622,86.5,71.82759877467973,-1.0,3.0
129.0,0.0,0.001,0.0069668106454375735,0.0059668106454375735,0.0,0.0,66.96681064543758,3.1867242581750297,0.0,0.0,80.46465096387396,65.46897032700119,145.93362129087515,6.966810645437574,0.0,105.0,80.78463193847622,107.09956806368727,9.066378709124852,0.0,3.0
128.0,0.0,0.002303946401240724,0.007,0.005303946401240724,0.0,0.0,65.69605359875928,2.6392107197518553,0.0,0.0,129.0,63.0,192.0,4.303946401240724,0.0,107.73551761116651,91.43157120992579,113.21578560496289,22.215785604962896,0.0,3.0
150.65316279053127,0.0,0.01,0.0,0.0,0.0,0.0,77.53162790531283,0.4,25.184790695844114,6.920255814203076,25.49111627690668,133.12153488521847,158.61265116212513,1.306325581062566,0.0,151.65316279053127,151.0,152.65316279053127,0.653162790531283,1.0,3.0
129.0,0.0,0.001,0.006,0.007500000000000001,0.0,0.0,65.0,2.8,0.0,0.0,101.0,50.0,151.0,7.0,0.5699688092250241,105.0,86.12339036310304,112.0,13.0,0.0,3.0
133.0,0.0,0.0,0.0,0.0,0.0,0.0,73.0,0.2128795517736948,82.18278722458729,3.338638655321084,8.0,131.0,139.0,1.0,0.0,133.12879551773696,134.0,135.0,0.0,0.0,3.0
129.0,0.0,0.001,0.006,0.0057018056703940926,0.0,0.0,65.7660647765353,2.8,0.0,0.0,95.63754656425289,50.0,145.6375465642529,6.233935223464697,0.46787044692939483,105.0,85.2339352234647,110.4678704469294,11.467870446929394,0.0,3.0
145.2693159404802,0.0,0.0007884473432532987,0.001,0.0,0.0,0.0,82.57689468650659,0.3211552656746701,28.038262805546182,6.075018453770712,39.26931594048021,131.5768946865066,170.84621062698682,2.0,0.0,145.6924212539736,145.2693159404802,146.2693159404802,0.21155265674670132,-0.7884473432532987,3.0
123.34510567566804,0.0,0.0006649849034759953,0.0060050452895720145,0.007500000000000001,0.0,0.0,64.99495471042799,2.8035317027004103,0.0,0.0,97.97981884171195,58.68516606176405,156.66498490347598,5.0,0.5699688092250241,89.06103488156756,80.78463193847622,99.38042270267213,76.0,-0.6649849034759953,3.0
151.0,0.0,0.002,0.0,0.0,0.0,0.0,81.0,0.4,28.739713142433995,6.452057371513201,31.04114743026401,130.0,161.041147430264,2.0,0.0,152.0,151.260286857566,153.0,1.0,0.739713142433997,3.0
131.83524472364752,0.0,0.0034640248464708505,0.0032784149078825104,0.0074431701842349795,0.0,0.0,66.53597515352915,1.7649634785059192,0.1856099385883403,0.027841490788251044,66.88634036846996,78.64963478505919,145.53597515352914,6.628780122823319,0.0,121.9280496929417,116.64963478505919,120.9280496929417,14.628780122823319,0.09280496929417015,3.0
120.65853537618833,0.0,0.0,0.002682929247623336,0.007500000000000001,0.0,0.0,66.90242451425999,1.2378055430964174,1.975606128564996,12.380484902851997,78.06098467858752,66.69512618334083,144.75611086192833,2.682929247623336,0.5699688092250241,110.59755069760082,111.26828300950666,112.26828300950666,21.780504733363355,0.32926768809416596,3.0
134.12088126196088,0.0,0.007285728202745719,0.0005604406309804399,0.0,0.0,0.0,70.75823747607824,0.3,78.0,3.768132189294132,8.56044063098044,131.56044063098045,140.12088126196088,1.0,0.0,135.12088126196088,135.12088126196088,136.12088126196088,0.0,0.0,3.0
137.22307371550562,0.00011098946921348108,0.01,0.008334063184719112,0.007500000000000001,0.0,0.0,53.89229486202253,2.4445052653932593,0.0,1.5213220721797598,106.55494734606741,54.88901053078652,161.44395787685391,6.887915753707849,0.5699688092250241,134.33406318471913,109.33296840764044,123.55494734606741,76.0,1.0,3.0
123.0,0.0,0.0,0.0,0.0,0.0,0.0,75.10588891238714,0.24470555438064254,82.18278722458729,3.076472228096787,10.10588891238715,118.89411108761286,129.0,1.4470555438064254,0.0,123.0,122.89411108761286,124.44705554380643,0.0,0.0,3.0
133.92071654240385,0.0,0.005984657525625042,0.0004603582712019263,0.0,0.0,0.0,71.1585669151923,0.3,78.0,3.738107481360578,8.460358271201926,131.46035827120193,139.92071654240385,1.0,0.0,134.92071654240385,134.92071654240385,135.92071654240385,0.0,0.0,3.0
127.45825443809068,0.0,0.0,0.00259369082856801,0.0,0.0,0.0,86.0,0.3,78.05194526665869,3.048980029525063,15.45825443809068,114.54174556190932,130.0,0.13543639047733003,0.0,127.45825443809068,125.72912721904534,128.45825443809068,0.0,0.86456360952267,3.0
132.09329644037558,0.0,0.01,0.004186592880751154,0.002,0.0,0.0,60.45335177981221,2.337318576150231,0.0,10.058742297230067,115.42709093568087,58.18659288075116,173.61368381643203,7.720110678873269,0.0,125.80027669718318,109.06703559624424,120.61368381643202,54.81340711924884,0.0,3.0
129.0,0.0,0.001,0.0062391989020591804,0.006760801097940819,0.0,0.0,66.23919890205919,3.085879835308877,0.0,0.0,87.9884115283786,59.91359121647345,147.90200274485204,6.619599451029591,0.5699688092250241,105.0,81.52160219588164,108.52160219588164,10.14120164691123,0.0,3.0
133.90720131404262,0.0010231996714893407,4.63993429786814e-05,0.012884001642553296,0.007500000000000001,0.0,0.0,29.811988502126923,3.8999999999999995,0.0,0.0,150.25519638638275,50.0,200.25519638638275,6.046399342978681,0.5699688092250241,89.06103488156756,106.4896072272345,106.13919802893605,76.0,-0.023199671489340656,3.0
136.66080889989473,0.0,0.000332161779978947,0.0,0.0,0.0,0.0,63.99297067987368,0.48892794066736844,65.79613211366316,7.077152949322105,92.01757330031579,76.86819144629473,168.88576474661053,2.7785588133473684,0.0,143.7750441532842,143.10720593326315,144.99648533993684,1.1107205933263158,0.8892794066736843,3.0
128.84509685662388,0.0,0.01,0.003,0.003,0.0,0.0,29.0,2.2,0.0,7.453529056987167,141.19706414519248,54.0,195.19706414519248,13.246502024899133,0.0,129.0,106.57745157168806,123.15490314337612,76.0,0.0,3.0
148.0,0.0,0.01,8.404935034281058e-05,0.0,0.0,0.0,74.87392597448579,0.20420246751714055,82.18278722458729,2.971441947791389,7.378222076542648,144.62177792345736,152.0,0.9579753248285947,0.0,148.0840493503428,148.0,149.0420246751714,0.0,0.04202467517140529,3.0
121.0,0.0,0.0002600958792330696,0.0037399041207669304,0.007500000000000001,0.0,0.0,69.47980824153386,1.9520191758466139,0.0,0.0,102.0,55.0,157.0,5.2197123623007915,0.5699688092250241,89.06103488156756,80.78463193847622,86.5,71.90143818849604,-1.0,3.0
133.0,0.0,0.0,0.01,0.003,0.0,0.0,60.0,3.024577034340255,0.0,0.0,102.11576070058047,58.0,160.11576070058047,4.7542296565974524,0.0,125.0,95.08192344780085,103.65538758240679,76.0,0.08192344780084937,3.0
130.87985068179805,0.0,0.01,0.0037199626704495104,0.0037199626704495104,0.0,0.0,34.71996267044951,2.6159888011348533,0.0,1.008134386381762,145.0,54.0,199.0,9.560074659100978,0.5699688092250241,89.06103488156756,92.24029863640392,86.5,76.0,-1.0,3.0
130.42497496960263,0.001858341676799121,0.0,0.011716683353598241,0.007500000000000001,0.0,0.0,61.0,2.0991608262406154,0.0,0.0,127.7082916160044,50.28331664640176,177.99160826240615,5.0,0.0,121.56663329280352,97.71668335359824,114.2917083839956,76.0,0.0,3.0
129.0,0.0,0.001,0.006,0.007500000000000001,0.0,0.0,65.0,2.8,0.0,0.0,101.0,50.0,151.0,7.0,0.5699688092250241,105.0,86.5844364609238,112.0,13.0,0.0,3.0
124.82154032328783,0.0,0.008196931454795236,0.0,0.0,0.0,0.0,68.17845967671217,0.3,74.55385080821958,3.5803068545204764,8.981528221916932,119.10770161643916,128.0892298383561,0.17845967671216956,0.0,124.82154032328783,124.91077016164391,125.91077016164391,0.08922983835608478,0.08922983835608478,3.0
148.0,0.0,0.01,0.0,0.0,0.0,0.0,72.5237714215807,0.22460380964032162,77.26188571079035,3.8214342867628943,16.706419060435376,136.29358093956463,153.0,0.7381142892096482,0.0,148.49207619280642,148.24603809640323,149.49207619280642,0.0,0.24603809640321606,3.0
136.4392542147315,0.00039018644631712285,0.0016098135536828772,0.010780372892634246,0.007500000000000001,0.0,0.0,58.19509322315856,2.4219627107365755,0.0,0.9658881322097264,110.09695768632979,54.024533884207194,164.121491570537,8.0,0.5699688092250241,117.78037289263425,102.60981355368288,118.21962710736575,76.0,0.0,3.0
122.0,0.0,0.0,3.6013111200909e-05,0.0,0.0,0.0,83.01800655560045,0.5,5.981993444399546,15.563986888799091,68.0,62.0,130.0,0.0,0.0,122.0,122.0,123.0,3.0,1.0,3.0
150.88843107122207,0.0,0.002037189642925974,0.00018594821462987032,0.0,0.0,0.0,80.8512414282961,0.40371896429259746,27.107448569776622,6.733882714533506,33.92562071414805,130.37189642925975,164.2975171434078,1.962810357074026,0.0,151.92562071414804,151.92562071414804,152.92562071414804,1.0,-0.03718964292597404,3.0
129.0,0.0,0.001,0.006273329007929677,0.005273329007929677,0.0,0.0,66.27332900792968,2.9093316031718706,0.0,0.0,90.17339388898452,54.37326412687483,144.54665801585935,6.273329007929677,0.0,105.0,83.63335496035161,109.18001297621097,10.453341984140646,0.0,3.0
128.0,0.0,0.002695248904613867,0.007,0.005695248904613866,0.0,0.0,65.0,2.5304751095386133,0.0,0.0,129.0,63.0,192.0,5.304751095386133,0.0,110.64773795075253,95.47624452306934,115.39049780922774,25.9142532861584,0.0,3.0
120.0,0.0,0.0,0.0041706053351411535,0.007500000000000001,0.0,0.0,59.51181600542346,1.5829394664858847,0.0,10.707607729175347,83.34121067028231,69.0,152.3412106702823,4.170605335141153,0.5699688092250241,90.14697332429424,105.31757865943538,105.14697332429424,57.364842681129225,-0.17060533514115306,3.0
147.12608479365971,0.0,0.007038029960373249,0.0,0.0,0.0,0.0,82.59239400792535,0.2,81.8445635952448,2.871847880158507,8.59239400792535,141.97064838890452,150.56304239682987,1.0,0.0,147.12608479365971,146.12608479365971,148.12608479365971,0.0,0.0,3.0
137.36376919783063,0.0,0.001872753839566128,0.00936376919783064,0.007500000000000001,0.0,0.0,58.38173848130162,2.4745507679132257,0.0,1.683535409648714,105.87275383956613,55.63623080216936,161.50898464173548,7.491015358264512,0.5699688092250241,118.39970776477259,103.0,118.61826151869839,75.23652303739676,0.0,3.0
123.01322351370743,0.0,0.00033774117123581103,0.003,0.0009006431232954961,0.0,0.0,83.86097258217319,0.4576125465767118,5.324517657528378,9.406647861633466,68.0,63.80128624659099,131.801286246591,1.675482342471622,0.0,121.88741960958806,121.32451765752838,122.6622588287642,2.5761254657671184,0.887419609588063,3.0
129.0,0.0,0.001,0.006,0.005888942067617612,0.0,0.0,65.7036859774608,2.8,0.0,0.0,96.07419815777443,50.0,146.07419815777442,6.296314022539204,0.5699688092250241,105.0,85.2963140225392,110.59262804507841,11.592628045078408,0.0,3.0
131.16279390657965,0.0,0.0032151106634856277,0.005622095429934731,0.0,0.0,0.0,64.4593015233551,0.4,77.32558781315929,3.791860304671018,9.703492383224551,126.4593015233551,136.16279390657965,1.0,0.0,132.0813969532898,131.0813969532898,133.0813969532898,0.0,0.0,3.0
132.90346552980455,0.0,0.01,0.004675741291368086,0.0019034655298045592,0.0,0.0,19.35148258273617,2.564851741726383,0.0,17.555315838805065,105.35891400667751,66.32425870863192,171.6831727153094,3.806931059609118,0.28960341058632244,113.45544847687295,119.71039658941368,121.38613788078176,49.25494811254073,0.09653447019544081,3.0
134.72568148477652,0.0,0.0022743185152234832,0.0,0.0,0.0,0.0,77.79053085870581,0.2241893828258839,48.25681484776517,5.137159257611741,16.032424686964646,129.69325679781187,145.72568148477652,1.758106171741161,0.0,136.2094691412942,136.45136296955303,137.45136296955303,1.0,0.0,3.0
152.0,0.0,0.0,0.0029875959637226854,0.0,0.0,0.0,61.0,0.4,71.03721210883194,5.811163632649583,30.13644439905046,133.86355560094952,164.0,4.0,0.0,160.0,158.0,160.0,1.0,1.0,3.0
150.5312320345355,0.0,0.002,0.0,0.0,0.0,0.0,82.40630389639352,0.3531232034535494,32.75014372371605,5.8374784414425935,23.43724848349692,134.68767965464505,158.12492813814197,1.0624640690709883,0.0,151.06246406907098,150.5312320345355,152.06246406907098,0.5312320345354942,0.5312320345354942,3.0
144.4936736962,0.0,0.003,0.0,0.0,0.0,0.0,79.79493895696,0.23012652607600004,68.50632630380001,3.689114317468,11.79493895696,137.30126526076,149.09620421772,1.0,0.0,145.39746947848,143.69873473924,145.69873473924,0.6987347392399996,0.3012652607600004,3.0
121.0,0.0,0.001,0.003,0.007500000000000001,0.0,0.0,67.59835748429776,2.1,0.0,0.0,102.0,55.0,157.0,3.401642515702241,0.5699688092250241,89.06103488156756,80.78463193847622,86.5,76.0,-1.0,3.0
145.7834268462517,0.0,0.0014055243845827658,0.001702762192291383,0.0,0.0,0.0,83.10828657687415,0.32972378077086173,28.946957268953508,5.975580492333787,39.7834268462517,131.40552438458278,171.18895123083448,2.0,0.0,146.37790246166892,145.08066465396033,146.7834268462517,0.2972378077086172,-0.7027621922913828,3.0
121.0,0.0,0.001,0.004400161776986031,0.007500000000000001,0.0,0.0,66.59983822301398,2.1,0.0,0.0,102.0,55.0,157.0,4.400161776986031,0.5699688092250241,89.06103488156756,81.80032355397206,87.60064710794413,76.0,-1.0,3.0
121.0,0.0,0.001,0.003,0.007500000000000001,0.0,0.0,67.7431931987316,2.1,0.0,0.0,102.0,55.0,157.0,3.2568068012683966,0.5699688092250241,89.06103488156756,80.78463193847622,86.5,76.0,-1.0,3.0
129.0,0.0,0.001,0.005951857164021647,0.006096285671956707,0.0,0.0,65.95185716402165,2.9,0.0,0.0,94.33699985184847,50.0,144.33699985184847,7.903714328043293,0.0962856719567069,105.0,84.95185716402165,109.09628567195671,11.048142835978354,0.0,3.0
130.0,0.002,0.002,0.008902894995191986,0.007500000000000001,0.0,0.0,63.097105004808014,2.309710500480801,0.0,0.0,161.0,50.0,206.0,5.291315014424038,0.0,89.06103488156756,87.70868498557596,112.90289499519199,76.0,-1.0,3.0
110.0,0.0038522638743911817,0.002,0.005295472251217638,0.007500000000000001,0.0,0.0,67.14773612560882,3.2556791623173544,0.0,0.0,130.44320837682645,62.556791623173545,193.0,5.1477361256088185,0.0,89.06103488156756,84.85226387439118,96.55679162317354,56.93169424147654,-1.0,3.0
134.0,0.0,0.0020034140496792197,0.0,0.0,0.0,0.0,81.66439063354719,0.2,56.65414848450953,4.434926556516969,14.339023416132033,129.3321953167736,143.67121873290563,1.6678046832264064,0.0,135.0,134.6678046832264,136.0,0.6678046832264065,0.0,3.0
132.18644314021478,0.0,0.01,0.004372886280429537,0.002,0.0,0.0,60.40677842989262,2.3745772560859075,0.0,9.867791562559724,114.35590388753016,58.37288628042954,172.7287901679597,7.440670579355694,0.0,125.10167644838924,108.13556859785231,119.7287901679597,54.62711371957046,0.0,3.0
149.5692099925586,0.0,0.01,0.0,0.0,0.0,0.0,79.53848750930175,0.2,82.18278722458729,2.8107697501860347,5.5384875093017385,146.24611748697757,151.7846049962793,1.0,0.0,149.5692099925586,148.5692099925586,150.5692099925586,0.0,0.0,3.0
129.0,0.0,0.00018533017952871445,0.006,0.007500000000000001,0.0,0.0,65.18533017952872,2.6370660359057427,0.0,0.0,99.70268874329899,50.0,149.702688743299,8.444009461413856,0.5699688092250241,105.0,89.88801892282771,112.44400946141386,12.629339640942572,0.0,3.0
129.0,0.0,0.001,0.006,0.006236907486572486,0.0,0.0,65.92103083780917,3.168412335123669,0.0,0.0,96.39484581095414,50.0,146.39484581095414,7.921030837809171,0.15793832438165722,105.0,82.47381497314497,108.31587664876332,10.236907486572486,0.0,3.0
137.15559152918584,0.0,0.002634611869004919,0.0,0.0,0.0,0.0,66.07167288846215,0.4520979660180924,72.43706101945723,7.1395101699095385,92.92832711153785,71.0,163.92832711153784,2.760489830090462,0.0,143.47902033981907,142.47902033981907,144.47902033981907,1.0,1.0,3.0
150.0,0.0,0.01,0.0,0.0,0.0,0.0,79.0,0.2,82.18278722458729,2.8,5.0,147.0,152.0,1.0,0.0,150.0,149.0,151.0,0.0,0.0,3.0
120.45071346744429,0.0,3.4670266726483326e-05,0.0050346702667264836,0.007500000000000001,0.0,0.0,63.86131893309407,1.7485383734170765,0.0,0.32936753390159157,110.7919783996411,62.89598919982055,173.68796759946164,9.89598919982055,0.5699688092250241,89.06103488156756,93.17335133363241,101.2080216003589,42.52005400089725,-0.9653297332735167,3.0
133.0,0.0,0.0,0.01,0.0024171931649165103,0.0,0.0,60.41719316491651,2.9165613670166977,0.0,0.0,102.07964784558443,58.74842050525047,160.82806835083488,4.58280683508349,0.0,125.0,96.16561367016698,104.16561367016698,76.0,0.0,3.0
133.00456248380868,0.0,0.0,0.0,0.0,0.0,0.0,73.03649987046953,0.2,82.18278722458729,3.29087503238262,7.977187580956549,131.00912496761737,138.98631254857392,1.0,0.0,133.00912496761737,134.0,135.00456248380868,0.0,0.004562483808690065,3.0
127.42278437535016,0.0,0.0,0.0,0.0,0.0,0.0,80.86582343697476,0.48556960938375393,2.0202546862744484,6.511392187675079,17.154431249299684,115.15443124929969,132.30886249859938,0.14430390616246058,0.0,126.0,124.28860781232493,125.28860781232493,0.8556960938375394,0.7113921876750788,3.0
125.87132586573847,0.0,0.01,0.005564337067130769,0.002,0.0,0.0,27.914217243825643,3.247180515895897,0.0,14.183758010575124,137.38602240278462,51.91421724382564,189.30023964661027,10.392771554782053,0.5214456890435895,127.43566293286923,104.52144568904359,116.34988017669487,76.0,0.0,3.0
110.0,0.0020636409092866423,0.0029363590907133578,0.0022545636371465692,0.007500000000000001,0.0,0.0,68.0,3.193635909071336,0.0,0.0,124.57276818357978,62.80907727214007,187.38184545571985,6.127281818573285,0.5699688092250241,91.0,80.78463193847622,94.06364090928665,39.19092272785993,-1.0,3.0
128.67450594245716,0.0,0.01,0.0036627470287714198,0.0036627470287714198,0.0,0.0,36.16862648561429,2.549412054315713,0.0,0.0,118.48236162947138,54.0,172.4823616294714,7.49412054315713,0.5699688092250241,89.06103488156756,90.32549405754284,86.5,76.0,-1.0,3.0
132.5989785081772,0.0,0.01,0.0031979570163544213,0.0031979570163544213,0.0,0.0,52.57344121260748,2.0604085967291157,0.0,0.0,106.80715044275952,58.79182806541768,165.5989785081772,5.0,0.40102149182278946,89.06103488156756,90.59387104906327,86.5,76.0,-1.0,3.0
133.0,0.0,0.001,0.006,0.002,0.0,0.0,60.0,2.788506700294043,0.0,7.757466498529784,105.0,60.0,165.0,5.0,0.0,119.0,100.0,111.11493299705957,53.0,0.0,3.0
131.87371258211974,0.0,9.38572848233562e-05,0.003906142715176644,0.004657000993763493,0.0,0.0,63.37542913929342,1.9187714569646712,0.0,0.0,103.81228543035328,61.342999006236504,165.1552844365898,4.906142715176644,0.0938572848233562,89.06103488156756,91.87371258211972,91.53071357588323,75.40785927235034,-1.0,3.0
137.8192536388732,9.037318056340758e-05,0.0018192536388731849,0.009277014555492739,0.007500000000000001,0.0,0.0,54.92731186084414,2.4819253638873184,0.0,1.0915521833239108,106.90373180563408,54.63850727774637,161.54223908338045,7.819253638873185,0.5699688092250241,117.81335862507066,104.08447816676089,119.27111954169023,74.28290956929526,0.0,3.0
133.0,0.001,0.0,0.008330799737061922,0.004,0.0,0.0,61.33840052587615,2.398479842237153,0.0,0.0,131.01520157762846,53.65399868530961,184.6692002629381,5.992399211185765,0.0,125.0,99.33840052587615,106.6768010517523,76.0,0.0,3.0
129.0,0.0,0.001,0.006,0.006341426401366489,0.0,0.0,65.82928679931676,3.1317147197267023,0.0,0.0,96.85356600341622,50.0,146.85356600341623,7.829286799316756,0.34142640136648894,105.0,82.68285280273298,108.68285280273298,10.512139602049734,0.0,3.0
121.0,0.0,0.001,0.0031210210997177326,0.007500000000000001,0.0,0.0,67.75795780056454,2.1,0.0,0.7745350381934895,102.3630632991532,55.0,157.3630632991532,3.4840843988709307,0.5699688092250241,89.06103488156756,80.78463193847622,86.5,76.0,-1.0,3.0
149.71291059180672,0.0,0.01,0.0008564552959033555,0.0,0.0,0.0,66.1459511684349,0.34282276479516777,72.28468294385503,5.041860179059865,25.5621464946953,132.14835763277316,157.71050412746845,2.2846829438550333,0.0,154.28227647951678,152.28227647951678,154.28227647951678,0.4282276479516778,1.0,3.0
131.06978540702016,0.0,0.003377875537714711,0.005552339055265124,0.0,0.0,0.0,64.48255364824496,0.4,77.13957081404033,3.796510729648992,9.587231758775207,126.48255364824496,136.06978540702016,1.0,0.0,132.03489270351008,131.03489270351008,133.03489270351008,0.0,0.0,3.0
121.0,0.0,0.001,0.00456957258967901,0.007500000000000001,0.0,0.0,66.0,2.1,0.0,2.7547354260543373,103.29128223096298,55.0,158.29128223096296,5.860854820641981,0.5695725896790098,89.06103488156756,83.86085482064198,90.86085482064198,76.0,-1.0,3.0
128.95083976337335,0.0003169465877911193,0.01,0.003,0.0023169465877911194,0.0,0.0,29.68305341220888,2.068305341220888,0.0,8.44152670610444,122.61190800755097,54.0,176.61190800755097,12.633893175582239,0.0,129.0,106.53557270232895,122.53557270232895,76.0,0.3169465877911193,3.0
135.0,0.0,0.01,0.0015654040391412881,0.0,0.0,0.0,69.56540403914128,0.3,81.39242423484772,3.6738383843434845,9.0,132.0,141.0,1.0,0.0,136.0,136.0,137.0,0.0,0.0,3.0
128.22612034426984,0.0,0.0017738796557301563,0.007,0.0062261203442698435,0.0,0.0,65.0,2.6356722065619063,0.0,0.0,140.53213755776204,60.060435524492036,200.59257308225406,6.9044813770793745,0.22612034426984362,104.22612034426984,91.51267621303172,114.32163896719047,24.83431518022219,-0.22612034426984362,3.0
130.3884594139092,0.00039807656898486847,0.01,0.005786535982894079,0.005388459413909211,0.0,0.0,30.81538744812105,3.853460334548553,0.0,2.4076937240605263,146.99038284492434,52.40769372406053,199.39807656898486,8.61154058609079,0.5699688092250241,89.06103488156756,102.18461255187894,103.99038284492434,76.0,-0.6019234310151316,3.0
129.0,0.0,0.001,0.006,0.005892523289954846,0.0,0.0,66.0,2.8892523289954846,0.0,0.0,94.0,50.0,144.0,7.785046579909692,0.0,105.0,85.0,109.10747671004515,11.0,0.0,3.0
120.0,0.0,0.0,0.0038867600287583754,0.006,0.0,0.0,62.0,1.3886760028758376,0.0,9.355661998562082,83.88676002875837,69.0,152.88676002875837,5.113239971241624,0.5699688092250241,89.06103488156756,101.0,99.66985995686244,59.547040115033504,-0.4433800143791877,3.0
135.0,0.0,0.007892164523343802,0.000607089578718754,0.0,0.0,0.0,68.60708957871876,0.3,75.64253747231253,3.9,9.392910421281247,132.39291042128124,141.7858208425625,1.0,0.0,136.39291042128124,136.0,137.39291042128124,0.0,0.0,3.0
131.89392265927597,0.0013686924469080114,0.0,0.010737384893816022,0.007318232022172101,0.0,0.0,61.0,2.441915287164392,0.0,0.0,130.15653776545994,51.26261510618398,181.41915287164392,5.0,0.0,123.52523021236796,96.73738489381603,111.84346223454006,76.0,0.0,3.0
132.0,0.0,0.0,0.008958485811531627,0.0005916971623063256,0.0,0.0,32.0,1.3,0.0,13.955018297383795,90.40830283769367,60.0,150.40830283769367,1.5916971623063256,0.5699688092250241,99.0,116.59169716230633,125.0,65.49133121463042,1.0,3.0
129.59473245382895,0.0002973662269144837,0.01,0.0037026337730855165,0.0022973662269144836,0.0,0.0,29.702633773085516,2.0702633773085517,0.0,8.381053509234206,122.94477414245378,54.0,176.94477414245378,13.246502024899133,0.0,129.0,106.37892981531587,122.37892981531587,76.0,0.29736622691448367,3.0
141.86309878462674,0.0,0.00838823184787713,0.0,0.0,0.0,0.0,74.96363103762829,0.34748669367496127,75.57539918975117,7.662566531625194,84.03636896237171,71.0,155.0363689623717,2.2374334683748063,0.0,144.5251330632504,143.5251330632504,145.5251330632504,1.0,1.0,3.0
144.0,0.0,0.002,0.002,0.0,0.0,0.0,84.0,0.3,32.537091332637374,5.597527244490842,38.0,132.0,170.0,2.0,0.0,144.0,143.0,145.0,0.0,-1.0,3.0
130.74930236629982,0.0,0.0,0.00758310078876661,0.0030422480280834765,0.0,0.0,33.02251928144208,1.6895775197191651,0.0,1.125627870330155,89.27042638034156,60.93802322527513,150.2084496056167,3.1042248028083477,0.10422480280834767,99.62534881685009,104.20844960561669,102.52112401404173,32.79155039438331,0.0,3.0
132.15353398293445,0.00038451132764481257,0.01,0.005691579293513688,0.005307067965868875,0.0,0.0,30.9239093788415,3.6226919122858066,0.0,2.338856954949712,136.45924920818587,52.46195468942075,188.92120389760663,8.077443361775938,0.5699688092250241,89.06103488156756,102.0760906211585,103.92255663822407,76.0,-0.6154886723551874,3.0
150.0,0.0,0.01,0.0,0.0,0.0,0.0,77.33967189207644,0.35123329313787355,24.827338960697702,7.070965983343851,18.463001205863794,137.5369987941362,156.0,0.0,0.0,150.51233293137872,150.51233293137872,151.51233293137872,0.4876670686212644,1.0,3.0
130.0,0.0016522242595454727,0.001304448519090945,0.010043327221363581,0.007500000000000001,0.0,0.0,62.65222425954547,2.1956672778636417,0.0,0.0,149.17562482454605,50.0,199.17562482454605,5.695551480909055,0.0,89.06103488156756,90.43443018318169,112.65222425954548,76.0,-0.6522242595454725,3.0
129.0,0.0,0.0009505310525862035,0.005049468947413796,0.007500000000000001,0.0,0.0,65.0,2.885159315775861,0.0,0.0,101.0,50.0,151.0,6.148406842241389,0.5699688092250241,105.0,84.34628263189657,111.0989378948276,12.049468947413796,0.0,3.0
120.0,0.0,0.0,0.0028019531996450677,0.007500000000000001,0.0,0.0,60.99674466725822,1.400325533274178,0.0,6.66722683868675,81.80195319964507,70.99674466725823,152.7986978669033,3.6006510665483558,0.5699688092250241,89.06103488156756,103.20455746583849,103.20455746583849,49.61041706477369,-0.39934893345164413,3.0
150.0,0.0,0.01,0.0,0.0,0.0,0.0,74.33327908970472,0.37435939161765597,22.871715592645366,7.207703573676712,16.74359391617656,139.25640608382344,156.0,0.0,0.0,150.74359391617656,150.74359391617656,151.74359391617656,0.0,0.7435939161765598,3.0
120.0,0.0,0.0,0.002481201821514392,0.007500000000000001,0.0,0.0,61.53133029747601,1.3468669702523988,0.0,5.33232655745181,81.48120182151439,71.53133029747602,153.0125321189904,3.4937339405047974,0.49373394050479724,95.38094486959115,102.45613758353358,102.94987152403837,35.556394535456825,-0.5062660594952028,3.0
128.2433524078923,0.0,0.0,0.006268208062752663,0.0039271677489893485,0.0,0.0,61.463583874494674,2.651156047064497,0.0,0.0,107.19537581174201,61.097687905871005,168.29306371761302,7.463583874494675,0.3658959686236687,90.43872821963431,93.63410403137632,101.63410403137632,42.0,-0.3658959686236687,3.0
147.85813556773246,0.0,0.0048581355677324535,0.0018581355677324532,0.0,0.0,0.0,72.63838994520395,0.29290677838662266,73.50347448706358,4.550347448706359,15.787203351598679,136.07093221613377,151.85813556773246,0.07093221613377343,0.0,149.7162711354649,147.7162711354649,149.7162711354649,0.07093221613377343,0.9290677838662266,3.0
129.0,0.0,0.001,0.006,0.007500000000000001,0.0,0.0,65.0,2.8,0.0,0.0,101.0,50.0,151.0,7.0,0.5699688092250241,105.0,87.4912168383163,112.0,13.0,0.0,3.0
129.27629381358972,0.0,0.0006381469067948613,0.0010855592796154162,0.0006381469067948613,0.0,0.0,80.8948247456411,0.23618530932051388,82.18278722458729,2.325667783884625,23.657762881538336,108.25667783884624,131.9144407203846,3.828881440769168,0.0,129.9144407203846,128.55258762717943,130.9144407203846,0.6381469067948613,1.0,3.0
146.8349601300391,0.0,0.0010550132899869728,0.0015275066449934864,0.0,0.0,0.0,82.58251993498045,0.34724933550065135,25.96761296488927,6.255989368010422,40.83496013003908,131.05501328998696,171.88997342002605,2.0,0.0,147.7799468400521,146.30745348504558,147.8349601300391,0.47249335500651357,-0.5275066449934864,3.0
110.0,0.003045648745502384,0.002,0.005954351254497617,0.006091297491004768,0.0,0.0,67.95435125449761,3.109129749100477,0.0,0.0,132.86305376349284,60.13694623650715,193.0,7.863053763492848,0.0,90.86305376349284,82.13694623650716,95.09129749100477,42.77602867354052,-1.0,3.0
128.0,0.0,0.01,0.003,0.0021400240975533178,0.0,0.0,29.85997590244668,2.114002409755332,0.0,8.403966263425355,130.3804096584064,54.0,184.3804096584064,12.280048195106636,0.0,129.0,104.42007229265995,120.56009639021327,76.0,0.0,3.0
130.10725723116522,0.0,0.0050622998454608594,0.002892742768834777,0.0,0.0,0.0,67.21451446233044,0.3723185692208694,74.38407153895653,3.816955707662608,7.276814307791306,128.10725723116522,135.38407153895653,1.0,0.0,131.8304429233739,131.10725723116522,132.8304429233739,0.0,0.0,3.0
120.0,0.0,0.0,0.004943065381802101,0.006170803854593696,0.0,0.0,61.91459807270315,1.502846730909895,0.0,9.314233654549476,85.0,69.0,154.0,4.0,0.5699688092250241,89.06103488156756,101.1708038545937,98.25620578189054,63.9430653818021,-0.9715326909010507,3.0
136.34326496448475,0.0,0.0016686529928969492,0.008005958978690848,0.007500000000000001,0.0,0.0,60.6626940142061,2.3680570950278645,0.0,1.3916574298328133,105.66865299289695,56.656735035515254,162.3253880284122,6.674611971587797,0.5699688092250241,120.64481707813356,101.98212306392746,116.66865299289695,76.0,0.0,3.0
124.62571259321543,0.0,0.00048204105811208253,0.00607183576755167,0.007500000000000001,0.0,0.0,64.44612317433625,3.1877137779646265,0.0,3.0850627719173285,97.23061587168124,60.697548360767094,157.92816423244832,5.964082116224165,0.0,89.06103488156756,80.78463193847622,105.46693248908585,76.0,-0.48204105811208253,3.0
133.0,0.0,0.0,0.01,0.0028039022872616073,0.0,0.0,60.80390228726161,2.8392195425476783,0.0,0.0,105.0,57.58829313821518,162.5882931382152,5.803902287261607,0.0,125.0,96.19609771273839,103.39219542547679,76.0,0.0,3.0
133.77843985784847,0.0,0.005059859076015012,0.0003892199289242317,0.0,0.0,0.0,71.44312028430308,0.3,81.66468042645461,3.6556879715696926,8.389219928924232,131.38921992892423,139.77843985784847,1.0,0.0,134.77843985784847,134.77843985784847,135.77843985784847,0.0,0.0,3.0
135.0,0.0,0.01,0.0017193167844840257,0.0,0.0,0.0,69.71931678448402,0.3,82.18278722458729,3.6122732862063898,9.0,132.0,141.0,1.0,0.0,136.0,136.0,137.0,0.0,0.0,3.0
130.62097773531528,0.0017930074215615733,0.0,0.01137902226468472,0.007500000000000001,0.0,0.0,61.0,2.124195547063056,0.0,0.0,128.03496289219214,50.413985156876855,178.44894804906897,5.413985156876853,0.0,121.82797031375371,97.58601484312315,112.30909648030045,76.0,0.0,3.0
120.96685474310804,0.0,0.0,0.003516572628445979,0.006198871541351749,0.0,0.0,72.05253903195856,0.9715444169797729,2.9005642293241256,10.703314525689196,75.74858942668969,65.61600839912185,141.36459782581153,2.5497178853379374,0.5165726284459791,113.21826531641835,113.73483794486434,114.73483794486434,16.497178853379374,0.48342737155402093,3.0
134.98898840167917,0.0,0.01,0.001033034794962525,0.0,0.0,0.0,68.9724710041979,0.30055057991604206,78.01651739748127,3.8988988401679157,9.016517397481262,131.96696520503747,140.98348260251873,1.0,0.0,135.98348260251873,135.97797680335833,136.98348260251873,0.0,0.0,3.0
133.0,0.0,0.001,0.006,0.0029923359673507746,0.0,0.0,61.98467193470155,1.9061312261193801,0.0,4.230656130596901,105.0,60.0,165.0,4.007664032649226,0.0,127.93102370615698,107.9386877388062,115.9693438694031,70.86204741231394,0.0,3.0
134.0,0.004,0.001,0.001,0.003219068809101858,0.0,0.0,60.780931190898144,1.7561862381796285,0.0,0.0,116.9046559544907,67.0953440455093,184.0,6.2190688091018576,0.0,89.06103488156756,113.31441285461115,111.43813761820371,76.0,-1.0,3.0
128.0,0.0,0.002,0.007,0.005036721362500821,0.0,0.0,65.0,2.596327863749918,0.0,0.0,129.0,63.0,192.0,6.0,0.0,103.03672136250083,92.07344272500164,114.03672136250083,28.0,0.0,3.0
133.0,0.0,0.0,0.0,0.0,0.0,0.0,73.0,0.2891974245869309,82.18278722458729,3.4783948491738617,8.0,131.0,139.0,1.0,0.0,133.8919742458693,134.0,135.0,0.0,0.0,3.0
134.3222787013225,0.0,0.008594811558596229,0.0006611393506612483,0.0,0.0,0.0,70.35544259735501,0.3,78.0,3.7983418051983744,8.661139350661248,131.66113935066124,140.3222787013225,1.0,0.0,135.3222787013225,135.3222787013225,136.3222787013225,0.0,0.0,3.0
123.0,0.0,0.0,0.0,0.0,0.0,0.0,74.81551407747888,0.21974143204201874,82.0387851936972,3.5171557524622057,12.579314563361496,116.42068543663851,129.0,1.197414320420187,0.0,123.0,122.39482864084037,124.1974143204202,0.19741432042018714,0.19741432042018714,3.0
148.0,0.0,0.00986458372043161,0.0,0.0,0.0,0.0,72.2881945734772,0.24279513566306993,74.14843779032371,4.241927034946048,15.711805426522798,137.7161459301079,153.4279513566307,1.2838540698920975,0.0,148.8559027132614,148.0,149.4279513566307,0.0,0.42795135663069916,3.0
130.0,0.002,0.0,0.013025335451912833,0.007500000000000001,0.0,0.0,59.97466454808717,2.0512667725956417,0.0,0.0,127.0,50.0,177.0,6.53800317786925,0.5699688092250241,121.0,99.53800317786924,115.0,76.0,0.0,3.0
130.0,0.0012934888232081217,0.0005869776464162433,0.011119533530375635,0.007500000000000001,0.0,0.0,62.29348882320812,2.0880466469624364,0.0,0.0,136.97861998907615,50.0,186.97861998907615,6.413022353583757,0.0,89.06103488156756,92.94557823754315,112.29348882320812,76.0,-0.29348882320812164,3.0
133.0,0.0,0.0,0.0,0.0,0.0,0.0,73.0,0.3,82.18278722458729,3.5068246280567186,8.0,131.0,139.0,1.0,0.0,134.0,134.0,135.0,0.0,0.0,3.0
110.0,0.004,0.0012059699175256166,0.006588060164948766,0.007500000000000001,0.0,0.0,67.3970150412372,3.180895487628842,0.0,0.0,131.19104512371158,61.808954876288425,193.0,5.794030082474383,0.0,89.19104512371158,85.79403008247438,96.20596991752562,51.85372925773055,-1.0,3.0
124.08709276679578,0.0,0.0007838349011619434,0.0,0.0,0.0,0.0,84.43233019767611,0.3,72.26127830038732,3.956453616602114,11.651628932816914,118.17418553359154,129.82581446640845,0.9129072332042285,0.0,124.08709276679578,124.08709276679578,125.08709276679578,0.0,0.0,3.0
128.3829334838822,0.0,0.0016170665161178012,0.006617066516117802,0.005617066516117802,0.0,0.0,65.7658669677644,2.806346787105759,0.0,0.0,129.0,63.0,192.0,6.382933483882199,0.0,104.3829334838822,88.63893122564922,111.93653212894242,22.638931225649216,-0.3829334838821987,3.0
124.7723232130468,0.0,0.007975454458710587,0.0,0.0,0.0,0.0,68.2276767869532,0.3,74.430808032617,3.6024545541289412,9.252222328242615,118.86161606523399,128.1138383934766,0.22767678695320281,0.0,124.7723232130468,124.8861616065234,125.8861616065234,0.11383839347660141,0.11383839347660141,3.0
134.0,0.0,0.003,0.0,0.0,0.0,0.0,79.69044628560339,0.2,45.1426777136203,5.292866114318985,16.654776857198307,128.3452231428017,145.0,2.0,0.0,135.0,135.0,136.0,1.0,0.0,3.0
130.0,0.0009851761225643822,0.002,0.007492588061282191,0.007492588061282191,0.0,0.0,65.01482387743562,2.4492588061282192,0.0,0.0,161.0,50.0,206.0,7.0,0.0,89.06103488156756,80.78463193847622,110.95552836769315,76.0,-1.0,3.0
134.74844504937036,0.0,0.01,0.0017484450493703517,0.0,0.0,0.0,70.37733242594447,0.2874222524685176,82.18278722458729,3.4748445049370353,8.874222524685177,131.87422252468517,140.74844504937036,1.0,0.0,135.62266757405553,135.74844504937036,136.74844504937036,0.0,0.0,3.0
121.0,0.0,0.001,0.003493546580340119,0.007500000000000001,0.0,0.0,67.01290683931977,2.1,0.0,3.15869811417676,103.48063974102035,55.0,158.48063974102035,4.974186321360475,0.5064534196598813,89.06103488156756,81.96127948204071,86.93546580340119,76.0,-1.0,3.0
130.19096493587335,0.0,0.00491581136222165,0.004893223701905007,0.0,0.0,0.0,64.70225876603166,0.4,75.38192987174669,3.8404517532063327,8.488706169841679,126.70225876603166,135.19096493587335,1.0,0.0,131.59548246793668,130.59548246793668,132.59548246793668,0.0,0.0,3.0
139.93535155099164,0.0,0.007964084194995353,0.005978450516997211,0.0020430989660055777,0.0,0.0,62.03591580500465,2.3949717872993492,1.9856336779981407,0.2978450516997211,56.08619793201116,84.94971787299349,141.03591580500463,3.0287326440037186,0.0,130.9281683899907,122.94971787299349,129.9281683899907,11.028732644003718,0.9928168389990704,3.0
148.0,0.0,0.00457786943877578,0.0,0.0,0.0,0.0,70.52595647959193,0.2868510880102018,70.18340207908183,4.902766320153027,17.474043520408074,136.39446735969395,153.868510880102,2.605532640306055,0.0,149.73702176020404,148.0,149.868510880102,0.0,0.8685108801020184,3.0
133.0,0.0,0.001,0.0057252684744804805,0.003,0.0,0.0,60.0,2.364838915311712,0.0,5.851667729110511,105.0,60.0,165.0,5.0,0.0,100.0,102.35161084688288,107.72526847448049,50.076879321363364,0.0,3.0
134.39457607559766,0.0,0.005129488982769403,0.0003945760755976464,0.0,0.0,0.0,77.47593494163294,0.23945760755976464,69.52406505836706,3.6578304302390583,10.210847848804708,130.78915215119528,141.0,1.0,0.0,135.39457607559766,134.78915215119528,136.39457607559766,0.0,0.0,3.0
120.0,0.0,0.0,0.004578171821461169,0.006421828178538831,0.0,0.0,64.0,1.1843656357077663,0.0,8.22654845356165,85.0,69.0,154.0,2.4218281785388314,0.5699688092250241,89.06103488156756,97.57817182146117,94.15634364292234,45.687312714155325,-1.0,3.0
130.58897892473445,0.0,0.01,0.0,0.0,0.0,0.0,80.0,0.3,0.0,4.476239827981852,40.77957849468908,100.521231827921,141.3008103226101,2.1779578494689087,0.0,108.0,122.94489462367227,124.71183139787563,35.957536344157994,0.17795784946890847,3.0
133.0,0.001,0.0,0.008092388997443445,0.004,0.0,0.0,61.81522200511311,2.2554333984660673,0.0,0.0,132.44566601533933,52.46194498721722,184.90761100255656,5.2771669923303355,0.0,125.0,99.81522200511311,107.63044401022621,76.0,0.0,3.0
133.0,0.0,0.0007140326444668565,0.005571934711066287,0.002428065288933713,0.0,0.0,60.0,2.914386942213257,0.0,5.783664420181537,105.0,60.0,165.0,5.285967355533144,0.0,97.998228511268,96.85613057786743,105.57016322233429,44.14209793340057,0.0,3.0
142.96047392954648,0.0,0.003,0.0,0.0,0.0,0.0,78.56837914363719,0.2607905214090704,70.03952607045352,3.4744663501365074,10.568379143637184,137.6079052140907,148.1762843577279,1.0,0.0,144.7841895718186,143.3920947859093,145.3920947859093,0.39209478590929625,0.6079052140907037,3.0
150.69062728213723,0.0,0.001690627282137218,0.0,0.0,0.0,0.0,81.92811815358834,0.3690627282137218,29.23749087145113,6.476250912854887,29.66878194992105,131.8562363071767,161.52501825709774,1.3812545642744358,0.0,151.38125456427443,151.38125456427443,152.38125456427443,1.0,0.3093727178627821,3.0
122.11451538934446,0.0,0.0,0.004352419231557411,0.007500000000000001,0.0,0.0,54.242340373974955,1.5471371152663884,0.0,11.540524039446762,84.40967692622964,67.41411345799165,151.8237903842213,3.471371152663884,0.5699688092250241,92.40967692622964,107.76209615778706,109.3479826997954,58.81935385245929,0.1762096157787053,3.0
133.0,0.0,0.001,0.006,0.002955060511484989,0.0,0.0,60.0,2.2224697442575057,0.0,5.143806363248036,105.0,60.0,165.0,5.0,0.0,100.85385028178521,103.82024204593995,108.17975795406005,52.04493948851501,0.0,3.0
129.17880171744977,0.0,0.01,0.0038211982825502267,0.0021788017174497734,0.0,0.0,29.821198282550228,2.1178801717449773,0.0,8.37483879778516,129.43041373959818,54.0,183.43041373959818,13.0,0.0,129.0,104.35760343489954,120.35760343489954,76.0,0.0,3.0
128.00469531557442,0.0,0.01,0.003,0.003,0.0,0.0,34.0,2.499530468442558,0.0,3.9996869789617056,144.97339321174496,54.0,198.97339321174496,10.998434894808527,0.5699688092250241,89.06103488156756,99.0,102.0,76.0,-1.0,3.0
132.54560548073363,0.001,0.0,0.012636401370183407,0.007500000000000001,0.0,0.0,40.99875478394757,3.8999999999999995,0.0,0.0,141.63723151421837,50.0,191.63723151421837,6.363598629816593,0.5699688092250241,89.06103488156756,102.63681644220088,108.18159177889956,76.0,0.0,3.0
123.0,0.0,0.0,0.0,0.0,0.0,0.0,70.30681228865261,0.2948864618557899,70.76703072163151,4.343751080413689,18.590916948463196,110.40908305153681,129.0,1.9488646185578993,0.0,123.0,123.8977292371158,124.9488646185579,0.9488646185578993,0.9488646185578993,3.0
132.7423927796663,0.0,0.01,0.005030428881334887,0.002,0.0,0.0,21.09128664400466,2.442392779666278,0.0,15.96144476282498,102.62067725432672,65.19674945766394,167.81742671199066,3.742392779666278,0.0,110.87828447466045,115.87828447466045,116.10546281365929,44.13589169499417,0.0,3.0
127.5833270975656,0.0,0.01,0.004059524700347772,0.0044761976027821735,0.0,0.0,37.78574101043315,2.5702376498261144,0.0,0.0,118.92855539374011,54.05952470034777,172.98808009408788,7.821425898956685,0.5699688092250241,89.06103488156756,90.52380239721782,86.5,76.0,-1.0,3.0
125.56584092345551,0.0,0.0011886136411518367,0.002396204547050612,0.0031696363764048977,0.0,0.0,77.2645227001396,0.9754454564607347,3.0189772647469386,8.211618160111673,68.0,68.33927275280979,136.3392727528098,2.773431829354286,0.0,121.60379545294938,119.62277271769632,121.81138635884817,7.754454564607347,0.6037954529493877,3.0
123.0,0.0,0.0,0.0,0.0,0.0,0.0,70.31341008650739,0.3,72.19387060555175,4.305976974047782,19.0,110.0,129.0,1.6865899134926068,0.0,123.0,123.68658991349261,124.68658991349261,0.6865899134926068,1.0,3.0
144.96961125740685,0.0,0.0026565370858022846,0.0,0.0,0.0,0.0,80.19858653353866,0.21144876380659053,67.45795055226363,3.9114487638065905,13.0,136.77102472386818,149.77102472386818,1.0,0.0,145.31307417160457,143.65653708580228,145.5420494477364,1.0,0.0,3.0
129.53535553217992,0.0,0.01,0.0033838388830449797,0.0033838388830449797,0.0,0.0,34.38383888304498,2.515151664913494,0.0,2.2181800210380738,145.0,54.0,199.0,10.232322233910041,0.5699688092250241,89.06103488156756,94.92928893564016,86.5,76.0,-1.0,3.0
130.21225716119974,0.0,0.0036498920716443364,0.0038249460358221682,0.0009124730179110841,0.0,0.0,73.96279680297808,1.3668493670155297,3.631290473133374,7.532054430891291,62.5251618925335,72.49343970597747,135.01860159851097,1.368709526866626,0.0,126.10612858059987,122.45623650895554,126.19365556268879,6.649892071644336,1.0,3.0
125.32147719584825,0.0,0.0011071590652827498,0.0023690530217609167,0.0029524241740873326,0.0,0.0,77.72609863006441,0.9428636261130998,3.154734891195417,8.580878904051534,68.0,67.90484834817467,135.90484834817465,2.583371152326416,0.0,121.63094697823908,119.7856818694345,121.89284093471726,7.428636261130999,0.6309469782390834,3.0
133.0,0.001,0.0,0.008878974999514806,0.004,0.0,0.0,60.24205000097039,2.727384999708884,0.0,0.0,127.72615000291115,56.394874997574036,184.1210250004852,7.636924998544421,0.0,125.0,98.24205000097038,104.48410000194077,76.0,0.0,3.0
